"V1","V2","V3","V4","V5","V6","V7","V8","V9","V10","V11","V12","V13","V14","V15","V16","V17","V18","V19","V20","V21","V22","V23","V24","V25","V26","V27","V28","V29","V30","V31","V32","V33","V34","V35","V36","V37","V38","V39","V40","V41","V42","V43","V44","V45","V46","V47","V48","V49","V50","V51","V52","V53","V54","V55","V56","V57","V58","V59","V60","V61","V62","V63","V64","V65","V66","V67","V68","V69","V70","V71","V72","V73","V74","V75","V76","V77","V78","V79","V80","V81","V82","V83","V84","V85","V86","V87","V88","V89","V90","V91","V92","V93","V94","V95","V96","V97","V98","V99","V100","V101","V102","V103","V104","V105","V106","V107","V108","V109","V110","V111","V112","V113","V114","V115","V116","V117","V118","V119","V120","V121","V122","V123","V124","V125","V126","V127","V128","V129","V130","V131","V132","V133","V134","V135","V136","V137","V138","V139","V140","V141","V142","V143","V144","V145","V146","V147","V148","V149","V150","V151","V152","V153","V154","V155","V156","V157","V158","V159","V160","V161","V162","V163","V164","V165","V166","V167","V168","V169","V170","V171","V172","V173","V174","V175","V176","V177","V178","V179","V180","V181","V182","V183","V184","V185","V186","V187","V188","V189","V190","V191","V192","V193","V194","V195","V196","V197","V198","V199","V200","V201","V202","V203","V204","V205","V206","V207","V208","V209","V210","V211","V212","V213","V214","V215","V216","V217","V218","V219","V220","V221","V222","V223","V224","V225","V226","V227","V228","V229","V230","V231","V232","V233","V234","V235","V236","V237","V238","V239","V240","V241","V242","V243","V244","V245","V246","V247","V248","V249","V250","V251","V252","V253","V254","V255","V256","V257","V258","V259","V260","V261","V262","V263","V264"
-2.06796341998488,-1.27271861807829,-3.68512707572297,-3.54450676963118,-1.98877404824099,-1.1883241920421,1.20044828005422,-1.5603710359743,-2.51797296602498,-4.03402564868974,-3.26280127067742,-3.19527295050559,1.42256760477238,0.594453523893848,1.919571101997,1.46307174231017,1.80856192963538,2.31783284187182,4.18526008979697,1.62000138696406,3.6298303369081,3.21168981621181,3.59569845317031,3.06561288949074,2.8339016919782,2.55464966094785,-2.91317050572872,1.93115615240985,2.67435436025623,3.08245125259872,4.51872385934124,3.14870423734776,3.58418331179169,2.63513057005402,3.32173918145963,3.08054107536581,-1.35689103281989,3.30804733137169,1.45547393538913,1.91199603055718,2.80042015898076,0.496974358393968,-0.742933002830535,1.0788613219632,1.08870297620169,1.42690705723051,2.48109105633747,1.41541081344153,2.85752951762815,3.06043969300582,3.76330355344327,1.29187740605287,3.04956807471093,2.57397019664392,0.122888468549667,2.7768987960351,-1.83787912653144,0.562354712637444,1.84660382526147,-1.78292404344112,0.0231507055114054,0.835751253873213,-0.217390691598608,1.48424017840727,0.078916710204885,-0.0149859717976324,-1.09052594350944,2.12505462570734,1.58773408152656,-0.63993310961094,-2.16552896125897,-0.340384899669174,-0.0671628032026001,-1.49372954654901,-0.563277959897402,-0.121732560384036,-0.00345681100272807,-1.05518800921159,-1.5138315408391,1.55407726775515,-2.93057727193632,-3.13364818897405,0.738646556935537,-2.54594910543254,0.139715015585841,-0.533795423227887,-0.669956815277882,2.41589372030598,0.548063368239288,1.48811782436304,0.00694987741976032,2.5000973027451,-0.890044476222494,2.39104289177462,-0.142808545261705,0.794374048224311,2.10033388017047,2.0972427457108,2.66285478005216,3.17223043404863,1.68623215593806,2.60367231329859,2.7996164141224,3.57359427084901,1.26708682597044,1.70175273487331,0.306710416304267,0.270716507312085,1.57662035350924,0.250404120783977,-1.42161413231155,4.04112323566947,0.831954267914052,0.886642777794735,-0.408929650765823,-3.40348461185062,-1.44538252834935,-0.0245444861461829,-0.759776710173304,-0.158477216713494,2.24317635302729,-0.19594825952822,-2.29166542900789,-0.71992374813057,-0.472616484060231,-0.725856083958919,-2.65565017918552,-3.53032291514032,-3.20183418083401,0.421005049157208,0.565438992084939,-0.425364412800192,3.09503773672111,1.44793169758089,0.924236055401928,1.68008320091402,0.432998436355039,2.52042319154131,-1.99268137642541,-2.8282507195744,-1.34305540253361,-3.47483212814834,-1.03507271407413,-1.2643359517156,-0.755507112085845,-1.06576637612851,-1.85711898733279,-0.562383851024492,0.543012111532566,-0.526894083436822,-0.134662835703708,-0.601705170756487,-1.90668281683334,-2.85442491791932,1.58443029092769,1.16351535766323,1.09309208361875,-1.47027702696872,0.856060443636473,0.232858722871391,-0.230345956866598,0.441735961966192,0.678937686878491,-0.79992580189052,-0.158640151866608,0.220926043795092,0.532238094663933,-0.308675587110595,-0.192896079336984,-1.59931713938916,-0.321371330146044,-0.749009476164784,-0.263700815885979,-0.229284543183365,1.17964886694954,1.01310289357897,0.560387726239344,3.84604625894592,-3.47838947395517,-2.56981396489321,-3.01308603192155,-3.01047638140855,-3.75077145939122,-3.5393946109637,-2.8239553535208,2.63079946638166,2.05691996653428,1.10650797638881,0.46881333561599,1.24867936321525,2.57388982269758,1.75980019538336,2.99876294525186,1.70470040109627,2.04600117587809,1.91063070782124,1.21270272827152,1.47694739458352,2.37303044187992,2.31398213600326,3.17699438749801,3.89845181550249,2.21439887590856,0.488690147240402,2.14611480952691,-0.591691314508138,0.324094192627657,-0.364274821732421,-0.743434440505738,-0.806652741758002,-1.18791459549071,-0.300644214816873,3.23687259303195,0.690292151227884,1.05264600999428,2.76079364090023,0.793145079080289,0.384444054875313,0.171410919747856,1.67115162225464,1.5183875043249,-0.995979911743524,1.02100104107182,-2.62816463968987,-1.51160539165153,0.10419987659047,-2.29884161819085,1.69383305354256,-2.75960294579226,-3.38199252705946,-2.37683709156885,-1.07064766611263,-1.03603189476782,-0.131213038439945,-0.906858805254778,-1.22007360306705,-0.409394396419311,0.125532343356577,-1.69476158018849,-3.46893530444399,1.59153880984268,1.47884609216849,-3.28888089584693,-1.12871014184473,-4.33850227146487,-4.40897776350258,-3.95114185893182,-3.25432185983335,-4.32774436906392,-4.3276923646005,1.88363827308039,-2.04763105498097,-1.76640428610781,-2.50310640082114,2.99112950149021,2.74872123772935,0.238387362713059,3.41491547182263,2.9273695911647,0.954378874433693,3.78801340559943,-0.853195292413237,2.4569265377008,2.76385990033442
0.737819956280393,-0.24400523307121,3.14853974855739,-0.357556404690068,3.63455112431719,2.39442867143133,-0.268947496880887,-1.11197281046613,-0.148819250740778,-0.242401839399151,-1.29858332475723,1.9727965949022,0.469997909081326,-1.08184801836317,0.452174261486683,0.325324206780451,0.386758655961747,0.735150976596435,0.797791436530388,-0.139576520471151,0.524465418125491,0.843096497403956,0.101250321662376,-0.148910348739057,0.653390422318972,0.688611782540682,-1.00483715890234,-0.393075040976206,0.140417902566768,0.158495863530919,0.597382299339334,0.383468089418854,0.617379880736754,-0.561901895589464,0.836419664034219,0.505179232553982,-0.586112011348149,0.340270058011849,-0.211287732646672,-0.139987318871039,0.475054812976862,-0.207900796966892,0.00356980823434101,0.226451037282691,-1.6171507354139,-0.840023123595475,-0.420487163326002,1.07135321727307,0.0435111543711548,0.473985372794822,-0.965718636010401,1.01117095555372,0.423913387596935,-0.415341629328142,-0.390287105986333,0.161978849327047,-0.371482610333469,-0.189728045644242,-0.487417334196002,0.128566855070984,-0.0234700987276279,0.394757181567746,-0.531534355275883,-0.0775607050219418,0.233081855501876,0.288670715149518,-0.00661709377083394,-0.830463750276755,-1.19686645350739,-0.331914058821542,0.619418040490178,0.86187990953496,1.46610999297336,-0.840111595063869,3.68524138061042,3.72256590952113,2.63209989781925,3.12839667861333,-0.961591525374015,0.51124519171294,3.55137602219912,2.5355402814321,0.873681906033385,0.244484593941541,-0.287557254862591,-0.903029152875557,0.173790441457515,1.03882139330519,1.10778703464022,1.5048941938816,0.970205499149612,1.06456932169916,1.69532805097071,0.775681292209442,1.68041403567279,0.69341025088131,0.09698150009849,0.378507953001161,0.300091820122599,0.584392730537575,-2.30023700887713,-2.01373272588926,-2.08151901811231,-1.99421410881106,-2.76654659734961,-3.15675107737352,-0.0536601330821981,-1.9667319598023,2.21920819966802,0.733894629209631,-1.65382829171571,-2.34259233900349,-2.02889227691343,-3.61986005352347,-3.09988326029965,-0.204714457293715,1.15141963551882,0.26763465530043,-0.0801466459185067,-0.578629806109141,0.403151397680077,-1.86508289116653,0.538998491683986,1.49386642473286,0.179399098078311,0.408892523042251,0.904823615016604,1.82295730281249,2.3636757689402,0.393186903304347,-0.959872658539573,3.66374469327012,0.82858797424679,1.44238323955884,0.996251786238209,0.31488687284899,-0.212033176336492,0.525866191087728,0.791079909373063,2.31899694064019,-0.338253780429479,-0.556065800581654,0.486498860609108,1.96263767754011,1.95329955025334,1.22727847165627,0.828000747631693,1.64298643032643,1.27417674353826,0.746667135918025,3.31411603630727,1.84532856616228,-0.29568496003405,0.0905778555886068,1.99428065131391,2.14334224527662,1.70353366541976,2.18445907213208,1.65456755815419,1.24013786462887,0.215008607582986,2.07586199739112,1.77553533354555,1.52733548008606,2.88049144460131,1.45634186761719,2.40808178280071,1.81117150297829,2.23771866613253,0.92380824555563,0.799727147963718,2.68285091500068,2.11833930102428,-0.939691826756504,-1.58884244775791,-1.4670798688157,-0.797826962860593,0.697275850875761,0.496567100579622,2.3345663547575,1.22459806144784,4.03397356748713,1.15240762634411,0.582251992416516,0.221413911111978,-0.227642773417954,-1.09926525167967,-1.18233701893878,-4.10317672621091,0.191273393353227,0.31072909599666,0.314120829720053,0.603980833875786,-0.182752354294307,0.0688202598317939,0.0703732736463724,-1.52610155293935,-0.236839554704962,0.185457989473506,-2.08250470246586,-1.32305094161836,-1.03906688543005,0.15872855875268,0.508076920899971,0.246222382787208,-2.47465488270476,-1.68523251903868,-0.100631372726751,0.87647121590341,-0.525188097439302,2.44150597037974,-0.728136454276863,-0.0866571264585049,-3.1602797941285,-1.05166366688368,-1.03489487207259,-0.714751114335908,-4.21851402107579,-4.57496624963789,-1.31931197579335,-0.0551771925447881,-0.0323246323166999,0.378439356493897,0.667841613989122,-0.0543095400597255,2.39918241159166,1.05315006917759,-0.622179427451458,-0.340160656099593,1.25294028831125,0.427982507423699,-2.9848302424489,0.0404630422098267,1.9638607275059,0.154637603598664,0.266910044752659,-0.0225923931399822,0.364117240043879,0.539502466721858,-0.186186669637323,-0.147329704369306,-0.457573537487876,0.948677973484806,1.70665408434719,1.13027195257254,-0.664011639928796,2.86228569170814,2.86320395005919,1.92214169859454,2.16681278391366,0.75605662504091,-0.752397647835462,0.842243697290916,0.219720272258152,0.89930698248712,0.913633679638927,0.626202058723824,1.34611155529359,0.336178384681747,0.278511045091409,0.789741792074943,-0.653386627641267,0.150002094219045,0.437594777569005
-0.826657791892336,-2.78494321308143,-0.818940332284864,-2.66780642796548,-0.823112825083069,0.43826511506944,-1.6088973039758,-1.96162346018513,-1.31596762938062,-1.99569903495914,-2.14937259434993,-0.835607634642799,2.86035576177881,0.0420456172234127,1.99713619973157,1.73433683119237,0.890065205610026,2.09397406120899,2.06362663531128,1.42861763091856,1.68478486629678,3.71873031611762,1.8721295997966,1.25589540849313,2.55732572723914,1.93027093283513,-3.29425013403479,2.46588360875657,2.22304424494746,0.306041299186326,1.4717179334313,3.16021353198546,0.358313651906392,2.02167627316293,1.48821508184538,1.56392902968323,-2.72459000103013,1.72685799037221,0.730043107395143,1.56289067772285,1.60893012431596,1.776649287885,0.22214648294231,1.97748028437576,1.64883471854335,0.348340292040285,1.71634274946956,1.52613498477229,2.4989760115873,2.08161907152116,1.09198050064119,-1.80900382188818,2.56790965941163,1.25461952485283,0.104684803922671,-1.56165605771001,-1.26172099591831,-0.757553830754852,-0.899945191020596,-1.70022503873588,0.787759269975395,0.492117083032304,-0.641157324094171,0.15389867721758,1.09441164074433,-0.775703826064182,0.310793870294759,0.866526296370037,1.19624264380671,0.234736082858654,0.163704650829642,0.907362478428996,-0.184562107430191,-0.251681169175414,1.09625657720614,-0.62164369657299,-0.68056871437815,-0.440730133077618,-0.881988356320094,1.52481930970138,-0.17174175626728,-1.77029707256295,-1.22729979351894,-2.47133244821166,-0.0229415066892946,-0.43496941228798,1.12554770183582,1.2899484766356,2.72437302158014,1.39758065972268,0.270987536180754,1.24608498186308,3.01778088748287,1.9819965448152,2.875681676306,1.24719777381246,1.12407572958948,0.396393588274167,0.756985261937336,1.10425663680218,-0.0726712753660773,-0.436085176594507,-0.359060975506874,0.142986511814094,-0.395392111344249,0.188940188382167,0.476067017738559,-0.438863398161326,0.454138955531388,0.468723274687236,0.0541188808957492,-1.26169602015198,-1.45895281659833,-0.274362982532043,0.127441754625202,-1.30217376755413,-2.59208090249517,-2.09188729218843,-0.0251365023859489,-0.875477453094058,1.43456595705476,-0.607474421880108,-2.14047758617141,-2.52053398269018,-1.58335936342278,-1.64214849655459,-1.11294002253931,-1.38612843429369,-1.59895647695511,1.68139179323204,-1.73200993821802,-0.915124132845932,1.29240185968293,1.94386010587958,2.96464542193748,2.98735741825836,-0.713258113502469,1.30076948844244,-1.51593604297124,-0.936613916698696,-3.57919944877877,-1.7989090575251,0.692592476244362,0.142803716392249,2.72538512964755,1.47561483612508,0.336151733654329,2.51595438676927,1.72907904600408,0.465385459307067,2.92413311538246,2.8099645474684,-1.81294952867754,-1.80551281185509,3.22416997262498,3.36023866588875,0.51511857890143,2.50362072006664,2.20924888084515,1.77893968788873,0.307958009009834,2.4345162434983,3.69033336120257,1.53055702992773,1.54722991313168,1.82178788820301,2.26017052083095,1.4112580006983,1.04238046381856,2.45548641853483,1.32993853503175,1.89515079565449,0.969149525522628,1.80121309640302,-0.314751685874165,0.0467848292460998,0.902330376834766,2.00341773444076,-1.18066302255196,-0.184758014485278,-0.708858886779692,-1.7447095419404,1.82624773366284,-1.26446869308498,-1.78296174779307,0.882706587064115,1.12300675715269,0.299704823762204,-1.30895246667612,2.01352621726263,1.28714306547739,2.69868285875128,2.05853163160679,1.53726658971139,0.469383677277666,1.91288915993329,-0.262696676786264,0.204409495172047,3.05049304671186,-2.12836585928183,0.211906761353575,-0.358859700465411,2.65123905347972,1.16031770266843,2.74605699907467,0.778066289418735,-1.4521379936727,-1.594877822446,-1.5385947966263,-1.56881715367154,-0.151801630643976,0.858378103951264,-0.000547774942230194,-0.0609532754516436,-1.12832391950886,-0.753625239955315,0.215479870064421,-0.895357881980648,-0.0584734896335895,-0.305811026637981,0.808608880981045,0.585820462573027,0.258827959483711,-0.387021229049236,0.484612734933489,-1.033114093759,0.034970054308769,-2.31956542920017,-0.291487361183175,-1.85508164560508,-2.11930700415484,-0.752924221058673,-3.11947271211671,-1.6118757119724,0.925082870568921,0.802859412365222,0.783460551404578,-0.889934539694322,-1.78027218631417,-0.0281532304466989,-3.7863238879046,-1.9221991108613,2.42248892268561,1.56869967221136,0.333455601389087,1.21384530924801,-1.37737018558978,-1.60202194721808,-1.31805435619619,-1.8033158859213,3.93678900299753,0.120473602940929,-0.401424693914841,-1.14507561671749,1.78651463598417,1.35981870146035,-0.389071440693658,3.38360989967814,0.8940099653351,0.56578627854215,2.7835570457453,0.21998442209209,3.44571861927437,2.54888420258636
1.23562043521018,0.54065722282551,-0.568942567281936,-0.256396321111494,-1.3389421747365,-0.330925677266121,-2.37987983823396,0.141978471735013,-1.29727478496626,-1.09409845748401,-1.37240472170343,-1.00945307166797,0.611015154218751,-1.74171634384663,0.810927342304673,0.959126017191616,0.303682730580151,1.01985520577156,-0.65967694019041,2.14071102170187,-0.873332487629461,0.29129383304932,-0.421021992891684,-0.137880521160409,0.0307358637165188,0.436468978271089,-0.647853550905517,-0.181376229254755,0.532886171474105,0.664617391614108,-0.991903341166021,-0.473402261942554,0.681974634011749,0.497459206679076,-0.828300586080148,0.0968339498937167,-1.03047455595411,-0.324237034117696,0.346271238115074,-0.307091907662635,0.276460350328243,2.1123260323452,-0.946716316547022,0.811322307357348,2.0335522220628,-1.02109459364207,0.0785693727322131,-0.164124538558792,0.21658918364931,-0.761677635666422,0.199788158802033,-2.26512363875269,-0.0428539189087347,-0.098786872375616,0.0498574211497879,-2.93707723581345,0.0735590479556135,-0.221935352528528,0.858175888928972,-0.925626758990647,0.253529602454995,-0.499130629132473,0.736600369729522,0.993433092311395,2.28143046922656,1.3699294492527,-2.01169524052568,0.227689516537589,0.706054124518389,2.42878471324914,-0.765070627261596,-1.22156013511478,1.08816083670058,1.95626831573483,0.330327964680706,-1.62808799595718,-0.0976725780653907,-0.883365792301903,1.85742547453119,1.24942643319056,-2.1031619699231,-1.02019376617197,-1.2753725503397,-0.958941355612587,0.0959604962707007,1.512848970828,1.95627301616269,0.304035203746241,1.48133209865051,0.654199587218297,-1.30869130727495,0.731757463615745,1.98771894650545,1.25451682929018,2.31627437674585,0.551535926893556,1.57207346496908,0.92674402732424,0.545335580873025,0.319682501947253,1.34453536329479,0.341638512676086,0.274744793505625,0.138678136890459,-0.480937470456601,-0.0432867676345872,-0.17245500265399,-0.530435381073791,-0.935619651974288,-1.20561832295564,-0.174290676076194,-0.0721336131608522,-0.473361087339042,0.873960169421685,0.332568410301811,-0.961308059834462,-0.807207649600556,-0.116189083297027,-1.84088096533112,0.541014035733788,0.459554522846408,0.111446372999457,-1.64687298738506,-1.39389699800374,-1.7980635836308,-0.380285498392376,0.191719880103331,-0.961204819358756,-1.56645746571017,0.8793428992994,0.385765414678598,-1.44046703132293,-0.00710536310029013,2.06939531418615,1.54046563095069,1.81470373772247,-0.190808430033663,-0.658737737218099,-0.505472882870059,1.18065221747617,-0.666583114422072,0.715030154868738,-0.157587472665891,1.26795672131592,1.6756683737633,1.18342038760455,3.09467677596915,1.70546366915211,3.89696164938938,0.499243732878931,1.05510435753272,2.45027713167475,1.0348170409905,1.86169981047246,3.10210175193122,2.10477148003657,2.51369414892486,1.09719146370177,2.12308172627745,1.43349238749593,0.443703491799929,3.03642585688133,2.56232274042126,2.33163888478813,1.18992789425206,2.89286590084973,2.11335369249298,1.63210897866389,1.64287236210708,1.86811094770715,2.44611787610284,1.54069773848112,0.984724541764208,2.49941714569266,1.5114391027281,1.47957616702101,2.00041416131563,-0.534284082162965,-0.288019331870407,-0.621931959111116,-0.653431347063194,-1.31176147836242,2.55248800175912,0.700460589978533,-0.821286570919423,0.321579371050828,1.39301922747256,0.800952342783059,-0.759546158443044,0.843922726189559,1.58393847059674,1.00877986096712,1.02573768964387,1.38684608528144,1.50475112543365,0.878874997253144,1.14619596061207,0.976236785657338,1.24124383857243,-0.0918157262078837,1.1763477681418,0.179835028461979,1.88118958437663,0.783801420090841,0.845183400561683,0.920526686315176,-2.14520119346711,-0.182868043293298,-0.944615442709752,-1.41006747316289,0.607069405103572,0.338615687020722,-0.0508452180824118,1.09041376318322,0.684421550154325,0.824779086095243,0.875373289250827,-0.181021280494834,0.283921953169036,0.778235478786756,-0.958095649498844,-0.314504457067635,1.2630771074503,0.871332685595657,0.437691455196409,-1.09671754475101,-1.5841463903751,-1.14564207530108,-0.432317517994912,-1.41163597744046,-1.00230932622272,0.245312294513139,-1.05954696603072,-1.74056414402203,-0.277016694633243,1.87094755438397,1.79305897415662,-0.147240787672255,-0.03525761631308,-0.132692230356099,-1.27064161406744,-0.0855449470989151,3.14798058497071,0.925242409813307,1.21272989738881,1.28717536265448,-1.13840709067728,-0.910727314212582,-0.860568505013164,-0.944314937309101,0.7065300412098,2.03983328823025,1.51475611478444,-2.25755453345787,0.625212069403209,1.10473202374974,-0.214427710212182,0.00656943947053727,1.07971484302382,1.65757156846022,0.319054625355317,1.60372286190054,0.537513031758268,0.0105735090729834
0.560881484052576,-0.158158237425071,-1.71526854495708,-1.69846167352529,-2.36728803030758,-1.73029362706267,-2.15889019900864,-0.103971480518322,-1.65007403249169,-0.350870031953107,-0.823864570833352,-0.611008158005823,1.5253738889945,-1.05162069756705,1.30861509594557,0.321629471184424,1.50034944338747,1.33195043879279,1.13871549817482,1.6679216927687,1.53855269539849,1.63204112876314,1.70250372788544,0.221507205794148,2.53462761590298,2.5069855284098,-1.29420433350948,2.23278787441496,2.98152979231561,0.865083243179474,2.69061815964655,1.64388811441792,1.21736677265802,1.40821944524831,1.26014454359237,3.50333170767306,-0.671467100664419,0.852547364983374,1.04608257675208,1.03139988153715,2.59903444807277,1.2946514763535,0.934254744808328,2.29434154920269,0.532053743683261,0.911725200038416,0.678784737038204,2.37233401551289,2.40280445801258,0.397166398858061,-0.282919684649608,-1.31710607384318,1.39408372253033,0.229023915718834,0.858400826272142,-1.05631011224909,0.505142581473519,-0.681209973297817,-0.393045126013361,0.0375906454014768,1.07806903888394,2.62086635837229,0.787874994398985,-2.09238370040766,-1.35060485985857,0.197478034947703,1.54399635955733,-1.49406040548936,-1.15112123690202,0.264593084401217,0.796714650465662,1.19970095440794,-1.32767068479334,1.65651823626468,-0.13896421038841,-1.46863215450862,0.559001389063806,0.626900861336967,1.00482877646475,2.65603411146794,-0.660349906337745,0.0840277111582992,-2.53713611713376,-2.56081506557186,-1.01493380061447,1.55201063600378,0.958077818437192,2.09730034658835,2.56023478732944,0.00511551491266224,-0.433122732276173,2.70798867803595,1.98553676270447,2.36481882827764,0.696994156255897,3.74630157259631,-0.254604296122634,-1.36785217028951,-1.27420372452298,-1.04775757421135,-0.365122196684218,-0.0388193944067708,-1.92515305693454,-2.48444734595797,-2.16163089214366,-2.03376841964106,-1.43286848999575,-2.24418956719782,-1.89711231585819,-2.3002112018757,-1.56288440041322,-2.00127914220756,-2.3108178221235,-2.54009347511784,-1.29790535602723,-0.699506675831485,-1.575887731689,-0.527048233859757,-1.28462403942761,0.991257525990554,-0.0407388671768078,-0.853843898320211,-1.77100688847938,1.46438600147035,-2.16090184808738,1.07197449470243,1.29207237420771,-0.0185455830412644,-1.23285411002069,3.96702644180156,1.27427983349629,-0.0590074636962049,0.795720947867453,1.90954856816772,1.86971989836578,2.20541841881795,-1.48091303395552,-0.00010562722535836,-1.64637758717429,-0.315296080734398,-1.33907481616605,-0.929722125820766,-0.638218833064609,1.64518805635127,0.334199563485548,0.783946863276456,1.12055184967303,0.625325512002438,1.68346728072393,-0.579273073857595,0.180171149154399,0.561606889520349,-0.700945675816013,-0.877908124806251,1.6574673555521,1.7074511233813,1.65792898697373,1.34059279189405,1.56437228113847,0.201879759753054,1.83491237162299,1.98856437877717,1.85331039886068,-0.218594905826745,-0.155493021271725,1.39625853381342,0.833792398277274,-0.121858009680377,2.17118455898254,1.20213959478987,1.8323205289413,-1.24029673518874,1.80824324474858,-0.779695149591989,0.684017613971669,0.0254327052955543,1.67943670260411,0.333276032953716,-0.709774756453284,-1.76937500657836,-1.69770620701042,-1.48992332421997,1.0065946419852,0.100814645598786,0.619024774358365,0.705316584723167,-0.452361114046631,-1.27491989553871,-1.3917475031206,3.76210205814263,1.86887604385928,3.19134359667317,1.30200488086084,3.20163708075774,2.16075138569957,-0.715982862728601,-0.00284060144694607,1.60216268436406,3.26869847079827,-0.752158054096831,-1.79728556459899,-1.07311167648494,2.38365299920998,4.22092742713297,2.12489223268702,-0.2013485700046,-0.328402094019187,1.01348763541349,0.102299253344503,-1.57751170682168,-1.43764164470349,-0.0407542070533868,-0.500950696190029,-2.22931518244745,-0.251484879291621,-0.357945742088099,0.0815756621563249,-1.13348138798742,-0.315257024666104,0.161481415355744,-0.955389766056563,-0.276734573614738,0.43252590148622,0.502220921398796,1.05661024591368,-2.12690735392,0.330904005046037,-2.01681897452073,-0.696500707528736,-0.841407885330878,-1.12765207976915,-0.652464529826297,-2.24792587390771,0.0383615473994465,3.06841710279466,-0.399490900342111,-0.454160463675015,1.4806170659671,-0.97153561884839,0.651013542887952,-1.4939223262148,-0.492049361252327,0.350245887968813,0.620697128716817,0.638579395857133,0.547500131975645,-0.731941206876953,-1.20796475165626,-0.839338203585947,-1.26611605785897,1.61872658865972,0.535422114525992,0.390911295891724,-0.2898869717295,3.10081228854151,2.83289502371185,1.44935225969425,1.39224073418569,1.57785516509112,2.08517408073234,-0.319569006446023,-0.312284629978605,1.61875186276609,1.91986458494608
0.228059774032367,-0.315556128811084,0.982633231023375,1.41403017267597,-0.132341410303174,-0.481724026850686,-1.4739840213284,1.37306797435975,0.237197853067662,0.685906839005687,0.533113071337345,-0.108786338352323,-0.0864889402988266,1.22041983389518,-1.54519919899649,-1.48209679133575,-0.200369449052475,-0.0476248023156815,-1.20038691168769,0.132951684189813,-0.96628989031546,-0.414683207146619,-0.6573182367002,-1.66471990509514,-0.821949899680214,-1.81666978341625,0.0309521610109832,-0.673836168392078,-1.08726719566081,-0.163079710814692,-0.722811898539573,-0.719158470507166,-0.910077125690513,-0.693027172178998,-0.841734590495331,-1.09237952365503,-0.759385801434966,-0.449628562874645,0.64584372114762,-0.543395142524208,-1.66756103555909,-0.0330346846163477,0.662242438937533,-0.831054345243473,0.644590982913466,-0.550387241854071,-1.48836487794735,-1.61516207050146,-0.494290354309293,-0.965405859163931,-1.30543175266866,-1.61900502310162,-0.662154519654991,-0.888036648789063,0.12413189819113,-1.85059910006829,1.23476774096771,-0.737400010926771,0.495728731486151,-0.0797447495339887,-0.759631361790951,-1.04204472158069,-0.25114562770475,1.41962627802012,0.763355521164785,1.56847437569029,-0.112024869636536,0.537370195135566,0.724301823585133,0.747447747155724,0.0379833863752493,-0.646360410584258,-0.34737702375204,0.0141432706253531,-0.196629810507514,-1.21052773596586,-0.00593366783674218,-0.792622012597712,0.0696408757052921,-1.45928080424114,0.31652837101729,-0.488599233306753,-0.632674701840097,0.363756613673535,-1.51419759095054,-0.184695479644357,-1.1046412342511,-0.846830796445988,-0.539686246646121,0.0901796230716226,0.608243529086064,-0.38598447644813,0.41708327190334,-1.56816186390656,-0.286504006839126,-1.72649085647208,-0.379864617959325,0.0508120504531132,-0.449424207192698,-0.790756021116937,0.901796108332163,0.579021580911177,0.517339954556807,0.475331050674278,1.72811995857332,1.35797832683377,-0.497395684280721,1.04127317620481,-1.09490249138945,-0.584103708953199,1.18109799205337,1.17748907365649,1.50710628523507,1.92013521989388,1.28767410930366,0.408159231828792,0.329548654862942,0.990124181031111,-0.951058028651457,0.304221168511378,-0.499026924076388,1.12946330591031,-0.042468587440255,-0.611419085279234,0.127409792461505,0.0204648938041067,0.284193907870627,-0.0483334380837572,0.43090851115461,-1.21142544393019,-0.0656733758834132,-0.514316839426846,-0.89233722731918,-1.00721296580876,-0.731416488402368,-0.372943471850065,0.235068680976152,-0.933629232998735,0.735602402630981,0.0687634316392632,0.488854273811221,0.796157547807736,0.775087427107903,0.889957619981177,0.448142380752347,0.432172003378203,1.51292518799045,0.617512927183984,0.0353088672075831,0.553014370062475,0.285215386061089,0.730054380136172,0.308185897956068,0.862907597830398,-1.47976548004391,-1.73844598032186,0.389143815193812,0.809937977821652,-1.06329327618461,0.708899009069311,0.138409994181528,-0.81980410430442,-1.13602615457296,1.51448418629896,-0.344591717379273,-0.830113409630465,-0.319077783382351,0.265722583725941,-0.59444391665879,-0.234646243878755,0.230098901330373,-0.0213225835080915,-1.19903922317874,0.331342530159758,-0.0890405164250787,1.10772265901317,-0.0964997389789187,-0.9966675136453,-0.149558342542048,0.354267065430575,1.22961830666309,0.8085891894669,-0.132161167186813,0.642227350179687,0.466948309492557,-0.955837972925507,0.314014508608642,1.40996010396226,1.95735805081164,-1.13712163372285,-0.655344859625253,-1.58155087688868,-0.977638993147898,-1.28424564143707,-0.674379091671017,0.106301053254184,1.1014494080275,-0.626320372907116,-1.96838543998922,0.679759706817297,1.02575681743565,0.084535815115748,-0.39838907620701,-1.23649243313587,-1.84413623955507,0.512769576161923,0.921410562014606,-0.618987455197996,-0.577197569080119,-0.526077428150047,-2.6399645935478,0.18334414682024,-0.64074050881675,2.25804909028568,1.01299296580536,0.283559044017758,-0.446460550048976,2.54562844862973,1.84820456331512,1.3130238119133,0.76046407428481,-0.800733430998065,-1.18405163302247,-0.0809166752907646,-1.03745336081928,-0.351195557086447,-2.00820123404314,0.563848458228599,0.959729963557754,-0.864496919493627,0.785075142923272,1.66381858622992,0.328494376941571,-2.03785672216112,-0.39897111354965,1.66361746480986,1.52123068086324,-0.302782317972018,-0.316265078385761,2.27606951779398,0.95323969516861,0.57137151632725,1.06614527408125,-0.627072776314218,-0.500767378706539,1.58921489417158,0.591613530596769,0.545979978352449,0.201761345961248,0.858126181928867,-0.744635961051529,1.93908026828349,1.16914472236034,-1.12008994079156,-1.8884288998552,-1.35681073500635,0.779853411517063,-1.09016238401747,-0.981562654519314,-0.943198397825896,-1.69777124020782,2.17833906141293,-0.796745935773309,-2.0963347393146
0.455724994489247,1.2160107442344,1.09305324318757,0.854026043017572,0.718041403935734,1.78026167289054,-0.404476433790571,1.13206229318726,0.748492634858082,1.23016602109588,1.27052299157639,2.14022891217695,-0.546013920935901,-0.157547767096422,-0.73596713195419,-0.0937186425195276,-0.895035051678882,-1.29313858692681,-1.18984871749258,-0.505522463762385,-2.02878984886119,-1.20429865912117,-1.69951739110729,-1.62642359683189,-1.78118387992765,-0.995723303783286,0.501753272716753,-1.09012950599242,-1.87829394046955,-1.20478614788365,-1.56848542429194,-1.71889218448568,-1.09982808802487,-1.01432829812889,-1.76172922601532,-2.14703078429896,0.463276697449028,-1.17705755033219,-0.759202111154393,-1.00160432218504,-0.693288457536694,-0.52045517913695,0.15644017818974,-0.287263327278307,-0.30897439366559,0.168165593409481,-0.520352602181249,-0.232711423452292,-1.98606785285874,-1.42711728931917,-0.346150062573747,0.245233181768857,-1.67662259245143,-0.285256286245206,-0.624502571324906,0.187625083993,0.0854657591654098,0.65892093245229,0.363989757154332,0.373984486251252,-0.160508400684621,-0.230288752425713,0.473611513147925,0.199660898962391,-0.530194406557066,-0.181152653191906,0.232562628198544,0.587489451306847,-0.290699648173243,0.354399911202224,0.698318249693475,-0.0496145937158829,0.0882602696293134,-0.095596147613504,0.322353068340193,0.136811633263269,0.029544642339371,0.494557080113099,0.14730515881174,-0.533104404611767,1.11130631121948,1.25813758596695,0.113760235149405,0.633276619711087,-0.412556304356856,-0.0367547297123971,-0.583027925753729,-0.182237614139897,-1.24597452894404,0.296251783613108,-0.195951761905626,-0.781587236656028,-1.15564218879948,-1.03298507568938,-0.702111182329925,-0.952290964317283,0.0458337994765354,-0.669063955208119,-0.776255758273346,-0.214732064071477,0.503861861965075,-0.0226403572605209,-0.493821193865269,-0.454503445136351,-1.00538824810015,-0.991881247205165,-0.465254974918767,-0.320650388703648,-0.750514528196491,-0.165756304495339,-0.988337003527569,0.0764329297345761,-0.883094780718075,-1.42555173714727,-0.439744423229183,1.08798175866651,0.283883905385471,0.174914477035121,1.07118231183036,0.520086575587648,-0.867879503892248,-0.558153703802142,0.777613732210525,2.28222986824517,-0.631189102470011,1.83878721949674,0.779442023054931,1.33630818694259,0.286747258375387,-0.0765148948901201,1.63478784475109,0.428974992982233,-0.197203992842456,-0.934310280740387,-1.07900947143776,-1.06644263145199,0.368762079895681,-1.75808987754923,0.255613111735917,0.449333760464453,0.975529398275913,1.41703511789721,-0.220157930636488,-0.0946288000156524,-0.665710833765164,-0.0569234325712191,-0.773024027256447,-1.45527798164408,-0.844177931542542,-0.381291350432205,-1.00986010830941,-0.308973464092267,0.62892562933476,1.14332352002278,-1.59434722711718,-1.73640670679516,-0.83376578025718,-0.838637999106097,-1.11721529448534,-0.269649375242244,-0.361806681651431,-1.62904955286635,-1.3863124354981,-0.56935180787169,-1.51661759053878,-0.830012906359661,-1.36958892924635,-0.942554708165723,-0.765089629239837,0.434183639659179,0.198724497597267,-0.75776246514005,-0.900403558449066,-0.813786794951885,-0.775328706393896,-0.808521817500999,0.475146546204885,-1.78374421193354,0.922274494165345,1.11206506902505,1.13731816871979,0.753481278616849,0.513997029493699,1.53447922364763,1.84785110932494,-0.357040290141255,-0.758992689674451,-1.2341352209332,-0.702998774340363,-0.193882688513061,-0.510673315787994,-1.0522098161059,-1.19387398305479,-0.821144830891893,-0.227893499179315,-0.112985405838286,0.374798998228119,1.01408555258757,-1.13568339054077,-0.288154904295563,-0.295255116900605,0.143444626605151,-0.709764507083621,-0.164034558850409,-0.3259657173852,-0.282512782946781,-0.0784737436007538,1.02178499841762,0.108269461172273,0.528861611278203,-0.459954248764777,0.177063376014773,-0.286558996711592,-1.57363917282924,-0.0695020636942053,0.0608368446760056,0.98234844629496,-0.909752670727105,-0.18815807497297,-0.996103194258138,-0.171846420937327,0.535602469072921,-1.30608451076279,0.00748076690571606,-0.153555497099002,-0.244070323776699,-0.300073051031509,0.202202969674977,0.653490902673934,1.23714893870799,0.185750054365637,-0.342021800055682,0.717804591206518,-0.198240677778767,0.505721347434281,1.07816495085656,1.78561564930525,0.335706377475837,1.36819388525897,0.915811193137981,-0.452381794412359,1.34378507227242,-0.754423146132496,-0.195170956020417,-0.404426466012155,-0.0701611475538798,1.44375827928182,0.695221247214782,1.55367404923263,0.533710751611348,-1.7006201200927,0.445481413692869,-0.176615090500717,1.17322272418837,-1.5508853533265,-1.09025691141512,-0.357018825681494,-1.97541507149926,-0.510478489359753,-0.731468515278772,-1.35630980934902,-0.287847240765909,-1.22280793118954,-0.90545754105449
0.3944785572011,-0.0422867783901183,0.194212161634493,0.858174398115833,0.0673839652103253,0.405377330332329,0.526822103427785,1.82688961763296,1.24569038840082,0.960892602545657,1.44302990559002,0.0860805124512138,-1.36434338238672,1.07070399337125,-0.19457364101351,-1.11703371938739,-0.615675188005969,-0.569937060324468,-0.583251161469173,-0.780245587911236,-0.224708146469022,-0.959401931597241,-0.541368600962329,0.0549426222024221,-0.726870578538372,-1.21562277116265,0.734198515744642,0.105291906275403,-0.239617984827423,-0.251853419367644,-0.422138987212939,-0.52652106090119,-1.01635800003728,-0.359698745283096,-0.774736065746844,-0.097900326332213,0.251721732815559,-0.449295662259307,0.355386913294496,0.388595538873971,-0.941103601299732,-0.553027928585086,0.3889591590583,-0.968052261094574,-0.413934742844117,-0.0349659999787312,-0.455654567931846,-1.44065760400591,-0.87139403096754,-0.633668731790357,-0.668249064127638,-0.353607301911296,-0.778108637653229,-0.82215788360229,0.110524359934396,0.201542907497356,0.589584126865327,0.214338238967256,-0.45216413582115,-0.0149348849700542,-0.687216130884322,-0.224368102594767,-0.55038907450196,0.152974291121938,-0.256118889126998,0.109204510484373,0.521904975393933,-0.00806060727973287,0.149664314700485,-0.709755720194877,-0.0871626808955625,-0.0606036096750601,-0.98703433358992,1.36870661355014,-0.0984670542669745,0.483838888740429,0.458627094765305,0.328942217497176,0.764983753535212,-0.472718430517355,0.948949768667224,0.429231709790874,0.765344528355797,1.30791243679716,-1.34153050352318,0.844705699737784,-0.456430351874492,0.843081693744954,-0.0730066211269912,0.986362824698073,1.54655385987091,0.093417689742772,-0.588901455499939,-0.43864591135449,-0.951527604732016,-0.365117224256833,-0.801605665856309,-0.420374526597059,-0.468407086390704,-0.861922024216464,0.142254982933003,0.672013983414668,0.12628792340096,-0.187228175889909,1.88422310383544,1.38029699524653,1.41492841215024,1.70058175391552,0.985152446336483,1.07563567264273,1.71081999064853,0.820713223718897,1.94873907003711,1.26158369333641,1.55501241186162,0.727579222847383,0.843815400850394,1.45907664937976,0.446845017900903,1.00813067116139,-1.05266737106247,1.59777005321204,0.046474186473604,0.501746316334725,1.6650865957836,1.1122865798242,0.323168533499778,0.27367245535111,0.764723860309643,-0.535534045446465,0.590495037111418,0.936281715077271,0.0752500943110433,-1.1710986691914,-1.57759733009327,-0.968686551158956,0.933836155452459,-0.443257144877185,0.972793699085858,-0.645505019397082,0.712255018542199,0.670115495996751,0.861805598497072,-0.24659108540385,-1.78930237552535,-0.946678254331179,-0.25926649346803,-1.08620659502848,-1.88564242767351,-0.501344068096268,-0.199312552452422,-1.33522225510798,0.129298542107872,-0.0943992747489271,-1.81607147478871,-2.04495762278835,-1.39210998939815,-0.494474685000169,-1.25536219422331,0.405537509735914,-1.09483109348465,-2.00824618714954,-1.05566303265182,-0.34746851931701,-1.25929038310423,-1.71562755761593,-1.35261182806105,-0.307172479984339,-1.26405963020024,-1.64822708622287,-1.39768180787909,0.0678800048130255,-0.989462177240709,-0.131049716912955,-1.13646742669725,-0.194793594980166,-0.437367089651234,-0.578059601231018,-0.445595750559847,0.117728021695712,0.631787898647725,0.0327337209284612,-1.17045077523117,0.502784095004574,0.583191493257111,-1.54712377395014,-0.133999130075608,-0.138631925380846,1.3895797151672,-0.968162241707902,-0.972578474060294,-0.726158617258658,-1.26367023020463,-0.931171463203756,-0.579553555910688,-1.57289075932464,0.69132205195262,0.484625567172004,-0.749114215975648,0.760859401048433,-0.193645660908885,-0.537943811202642,-0.871184012930439,-0.934880596535677,-1.39024906160221,0.340920253033866,0.985928563658282,0.200893275493216,0.705982500795958,0.302289902177187,-2.5042645001544,0.416653227469209,-0.887794162413829,1.10245013262289,1.18462708424575,-0.393586554692377,-0.249274543301106,1.52560185186284,1.68892903588381,0.212979341373714,1.11401722214404,-1.31667131910862,-1.17778858317613,-0.173700660692809,-1.50393913655445,-0.442709997035681,-0.711854556111111,1.06309209632851,-0.517782768304474,0.690683388027971,0.5215037440177,1.01920050830617,0.762788887186943,-1.03788748597274,-0.456861701266507,0.554285749584221,-0.00282439702943764,0.272993040185348,0.690269455368406,1.06907818344846,0.9967729384459,0.889418635205288,-0.364333247685621,-1.02750043459043,-0.965166448259565,0.36472566529635,-0.0486206716141975,0.0023740827822844,-0.120644360660539,0.291732929596611,-1.35388884382861,0.75578649558389,0.212270552597314,-0.25786677852009,-0.86023064760797,-1.01459001066177,-0.31911465957506,-1.10327673211274,-0.996610563805539,-1.51748206811072,-1.24361726344979,-0.429785293581994,-1.11797862929258,-0.294125076429927
-0.346041433887808,0.165990370779185,0.690549395383698,1.62395721332324,0.55317200510015,1.81593536821596,0.307997180234081,-0.713358551065233,1.00180004034407,1.20231662704977,1.43273121550245,0.703808370906212,-0.573769121703267,-0.416239639293352,-0.195179391426517,-0.552408436292597,0.319203126565269,-0.408868360869262,0.0297196646415297,-0.618014870920118,-0.40679440410012,-1.26028370932204,-0.888075560982788,-0.389374028493451,-0.438464433602245,-0.937112255680848,1.63394952392238,0.713476057488808,-0.645817301080159,0.34561206460102,-0.329939592272607,-0.715770315375679,0.0963774002598601,-0.510695824792483,-0.765112179128009,-0.126115933602498,1.64394860672912,-0.243267567599546,0.764604882121125,0.242837552818776,-0.721968370409981,-1.05290489476543,-1.30197685348443,-1.41912314210821,-0.295826758246304,-0.565842944153616,-0.190604190560166,-1.44962060294009,-0.488867239363928,-0.917504313135727,-0.330043863611499,0.618116047667756,-1.39191173610864,-0.365461062606493,0.826651198227147,0.560547194842664,1.54073758141483,1.32830640628335,-1.04083277155399,0.933460388875199,-0.332212649256765,-0.692771208177063,-1.03316533967133,-0.418405679737969,-0.712861145636119,0.249980143545042,-0.59205950822169,-0.0461171434993194,-0.100920654174894,0.30072421595183,-0.64544883740041,-0.605776318440609,-0.231816558578096,1.35197021014481,-2.40296553346593,-0.846430707988739,-0.740374119417809,-1.77816408793443,1.45175158075098,0.323450353951964,0.534529088789212,0.202461173643257,2.89337619822232,1.93496784539106,-0.918090222450979,1.53824111812224,0.075988564138195,0.0137269398287701,-0.941221654341327,0.128480397141047,-0.321494196882134,-0.772015340652983,-1.48626748517387,-0.376521870313626,-0.38414128249511,0.140156645133912,-0.465784045107298,-0.0901351679547488,-0.438699555029217,0.137582804029267,-0.706272295490386,-0.85388195310575,-1.73074615920091,-1.53767823663568,1.50614516596769,0.162902229435445,2.25612304116009,1.58534556679296,0.751861793788595,0.620538433068306,1.89909406051637,-1.07656078051501,0.302703305686726,1.49416462344692,-0.657965881473931,0.845454204529618,1.57148555393891,0.434930152902013,0.617864827103586,0.642228516841659,-0.662666757042517,-0.999172072915647,1.31627669365363,-0.0794194190393145,0.381919391958777,-2.34780591758497,0.795144545601256,0.868747352166845,1.35970295968185,-0.167524629323478,-0.264148929787843,-0.888395782262849,-0.823119961820502,-0.897180217803584,-1.10981630308241,-0.563907091243211,0.740847261567233,-0.752540681474108,0.365618568749649,-1.03988518091131,0.475701201563817,0.734521682756996,-0.106332218169274,0.543826901354953,-0.840508327224568,0.254288245295092,-0.134205869915989,-1.24009009240143,-1.19096344138974,0.165911079136073,-1.66913962518904,-1.02211074581699,-0.160380916156594,-0.000238877916313946,-1.36093944788477,-1.51081525613906,-0.366947850323798,-1.52723180787405,-1.28289516645739,-0.626686621291145,-0.644756456179093,-1.13297456966612,-1.09699844987936,-0.873854159685002,-1.56933977256339,-0.839300318251926,-1.08373696273555,-1.11873032035079,-0.91084920391606,-0.144856920003917,-1.14949128638356,-0.834781617786485,-0.968827624871737,-1.81286378837844,-2.08559565686869,-1.0050346710804,0.282748933746937,-1.03772771041345,-0.149856650390396,0.298596155383115,-0.751741368045569,0.549742317588404,-0.179940214299555,1.53210826018982,2.08082118931751,-1.62560423304922,-2.30497890831657,-0.228992526830595,0.919921480072329,-0.316339015644059,-0.309827080373583,0.126856755097074,-0.833230274352731,0.130349313995433,0.270495908180806,-2.00291706802066,3.2652062877653,-0.103881863810911,-0.166793988386682,1.37341870417602,-1.29331328251976,-0.860049821217705,-0.597474253146298,-0.134022573538947,-0.99158186996154,-2.00139256890818,0.568991517080475,1.12079078592236,0.871116877416419,1.4216448252022,-0.742427607030444,-1.41779628240715,-0.348396489566607,0.147232627776493,-1.35295697932771,-0.946470597255937,-0.528162882586545,1.85376132158802,-1.27932925179995,1.90623389893352,-1.82321396710767,-0.203185497574117,-1.14791386747997,0.908803781715889,0.684680073339497,0.346552212414763,1.87349818844837,0.172253810552445,0.23282857802058,1.24213181079477,0.863284515164012,0.858270790130859,1.30106105269859,1.31306958326447,-0.616557746422989,0.0100196859632384,0.0809673702667115,-1.01378884660069,-0.0571182704445213,-0.723016214812104,2.28224477497431,1.15050264307635,-0.479911418140074,0.0615796566857513,0.248685853817915,0.0929113333996463,1.23142645033639,1.18070183985955,1.53350673106866,1.28952740300577,-0.926688543325844,0.0267953654165555,2.00376193326398,-0.0873854736442293,-0.83532088720822,-0.0636019949893948,-0.394384712805314,-1.23059163316994,-0.510818120608427,-0.239174840102165,-1.19079424995365,-0.235711794482922,-0.877572880491939,0.282262381013655
-1.19721501736198,-1.59027898954773,0.0545221130618519,1.13057255177996,-0.177588737544177,0.358101123198474,0.818213346641006,0.394572820386315,0.512132234395908,0.177221232330621,0.837624947527617,-0.443990807123632,-0.504886458126064,1.21241133003633,-0.736821246663957,-1.09908842088592,-0.977734346602934,-1.21556406114322,-0.767872871033326,-0.243166351771294,-1.22565044055949,-0.959795220430629,-0.703382150280496,0.231775942160442,-1.38454127219584,-0.92917715213811,-0.338401697512133,-1.39719852276409,-1.02417500048462,-0.849605765697666,-0.609698754666472,-0.879162353609412,-1.10938082901172,-0.309392563929462,-0.826739522473582,-1.34557150145401,-0.294481623167844,-0.587993499874456,-0.937457695378825,-0.596293067195031,-1.42187724835043,0.301057099508914,1.31197565163245,0.0438978696424021,0.484606233840121,0.512372424955261,-0.918805925542771,-0.38294088800226,-1.60332731704426,-0.537038799341821,-0.837238667699946,0.159908297768068,-0.431309301719568,-0.8875665898506,0.719407184712031,0.201941910057425,-0.0325643842173966,-0.0374123728854805,-0.565066728517136,0.54498279831791,-0.63483816031944,0.0188447181591541,-0.455642257937112,1.34123598745659,0.609158359180993,0.54670953540892,1.40272420316931,0.631478175159436,1.21007117389587,-0.025331357540456,1.16559681689243,1.54458736496336,-0.892028685949144,0.331158727954592,-0.159879257512212,-0.399070055034509,0.147077285123815,-1.20351021356208,-0.429786784685354,-0.878022468353527,0.0260432154147328,0.183698539003026,2.06426395169473,1.5064179825838,-0.235826762033499,-0.375855867653164,-0.333283768078166,0.291969558500906,-0.271150607120721,1.24229053031576,1.94529099500902,-0.488188732842795,-0.724300261040724,-0.804157961008379,-0.484295176582411,-0.90423244676847,-0.53602635805132,0.546932126321647,0.152624894762448,-0.400023089726368,-0.875005362620075,0.459165892634311,0.914522965222826,1.0478428106994,1.32491290207466,1.78947811997369,0.443758486051662,1.14284197358499,0.626546544227749,0.919194961822668,0.602589245770687,0.533437940520266,0.672208404893552,2.12828773878985,1.5624261085327,-0.114226627625914,0.689014781240981,0.550140567717643,-0.295212823538631,-0.0493630753066227,-0.00702718100965031,-0.122188218432841,1.16012846965493,-1.57658916480624,1.22222838783796,-1.43191381875441,-0.0619342055879402,-0.00194127482945826,0.274022072915426,-1.09133207434017,-0.97616346894519,0.104348648239885,0.224101584521792,-1.34509757925658,-1.52741224361752,-0.61904676311988,1.82217406503896,0.313717742342755,0.836220836457301,-1.04901232677558,-0.851742965403946,-0.35700384763924,0.0828811585669991,0.43961658197429,-0.397038276536073,-0.491970274335168,-0.132508223452557,-0.636821743015281,-1.8333340520628,-0.622399606797327,-0.467204147256412,-0.498819179210844,-1.18202035040029,-0.447850767889093,-1.42449498805202,-1.85151205368746,-1.27526502349324,0.0394451937929107,-1.79108542239412,0.409336708053605,-0.850254306286502,-1.16803899982214,-1.32446381899551,0.341020431406001,-0.409216866273909,-1.75974684553902,-0.498318098899117,-0.679130597344156,-0.770310590758379,-0.776622807806253,-2.38613387860953,-0.670570330179813,-1.6169680995849,0.950502424963209,-1.18317120827211,0.883906928468991,-0.801691605245211,-0.0137757907960225,-0.21048280704119,-0.305888229976578,0.500330212912254,-0.126153317559588,-1.30097382325635,0.137365307630297,1.40313556428352,-1.05974959122839,0.896487141386892,2.29053117412739,1.15983444433634,-1.91712923872821,-1.38079471847135,-1.93166382340277,-1.32949642853728,-1.91913981305837,-0.980017614516614,-1.10881654733538,1.78392557512972,-0.0602779239148232,-1.84503171118724,1.08400833156464,1.12965363024119,0.17599619092424,-1.26592552159837,-1.19984551468457,-1.61685167752885,-0.666929052492582,0.332353632424792,-0.687453341374154,-0.142576900128891,0.247799042181136,0.102960754155014,-0.175784767101872,-0.432233053649996,2.39750788540947,-0.274085583314494,-0.626178931152324,-1.10930086369588,1.40718983574169,0.953774173111246,2.10484185653011,1.56426961346677,-0.863730897140654,0.244642137455345,0.505663980057287,-0.436361076457089,0.68154168623251,-0.0573529759934077,0.644867792601279,1.68946831286586,-0.423391273391312,1.00519790701239,1.18070552634287,0.538758081558507,0.632743086659852,0.110692633211925,0.329630961131743,0.183791082646217,-0.17866123867949,-0.530892101299577,1.78575550178162,1.71069896581657,0.785811606728827,-0.68806899607025,-0.081872769027132,-0.403561400762562,0.294986948026665,-0.131670557067547,0.225361120748957,-0.300129490030948,0.216923319070538,-0.979622240887131,1.31837004027901,1.56049254133637,0.119970429376125,-1.34331615839948,-1.52982093156726,-0.610348759335852,-0.813810063113273,-0.773503071486426,-1.60657050001445,-0.487358047020996,1.22481049541596,-0.662769830567089,-1.78641623106199
-0.936512573423305,-0.666554012916639,-0.34893858079008,0.526183442718984,-0.822937779912179,0.536760056140363,0.713378336659611,0.956534421121635,-0.246351129929357,0.188254222406486,-0.0777744612762961,-0.491972707663439,-0.397309625211293,-0.562826375721389,-0.304760519277247,-0.603219056987191,0.236264264439957,-1.55457879150067,-0.98291867140011,-1.09047681467672,-0.813237610647365,-1.4463422905302,-1.43173784378771,-0.364088880342059,-0.470478467972345,-1.06228604863566,0.0171953618442867,0.336129994432753,-0.500723130521979,-0.104957064126276,-0.973327435854289,-1.56839297518667,-0.631459088839918,-0.0221247107146409,-1.54963793477771,-0.439892080002419,0.638056537101718,-0.778547169698734,0.316573235411733,0.561696328331598,-0.766942565556058,-0.577519244419171,-0.985353563851995,-0.763511431948978,0.368033795146001,0.248834773822389,0.128487146140173,-1.21816106226859,-0.3988132286531,-0.594082589670277,-0.170961646245935,1.2437148404096,-1.01097738676124,-0.123459300534296,1.19255222366058,1.18621817093714,0.657518299156999,0.792911855056899,-0.154311680719038,0.521176331334499,-0.40024296196319,-0.351576531992578,-0.743259625234543,-1.17410196279896,-0.602163864685682,0.026560018207395,-0.309707507218125,-1.20672698184786,-0.218264201330363,0.434639498884023,-0.32760544825766,-0.452470449516035,-1.05074566252849,0.611234868908716,-1.28943153707395,-1.0408628679352,-0.454472246888672,-1.27766407332832,-0.0216640989418096,-0.282800316916208,0.0140862631291595,0.321983954752536,0.875052774889993,0.3165436602078,0.304824817152971,0.268786858506353,1.01885736562494,-0.624946804337299,-1.05631265020374,-0.750842275552728,-0.502795522739783,-0.732961837477025,-1.08397760264276,-0.154099555934843,-0.989687590994661,-0.942241802635123,0.177375970160368,0.632511449424152,0.631600476182712,0.206577947128529,0.504362656416621,0.40325555399644,0.379593042121697,0.598896430640963,0.238013813189079,0.10033054309236,-0.491297934427328,0.192230973780314,-0.275944766660456,0.0605501935423398,-0.422684184035143,0.0336455589635646,-0.672484288416301,0.941380231063084,0.115266603089893,-0.113093500232762,0.638630303693402,0.0737759841844825,-0.542143687428647,0.378305435641227,0.566144245646465,-0.818506341028829,0.47015368983159,-1.13824526410784,0.802953645785592,-0.27098057674343,0.703255175901613,0.3565959810364,-0.0454366050180392,-0.391484321499021,-1.07386724005047,-1.22419766962548,-1.35910179107048,-0.0860244713298418,-1.07970098918567,0.0143997857533222,0.90431228695595,1.22461069317296,-0.0418570639730723,-1.40458521066339,-0.149656606326236,-0.144150221596744,-0.0669016052655,-0.224099971647808,-1.2645556766383,-1.45880949423946,0.103966367592536,-1.03473426884134,-1.06365693494078,-0.737654421802326,-1.12222120603462,-1.24501250765134,-0.873174687216876,-0.536712730589196,-0.815657621525714,-0.875104958328064,-0.13174650328032,-1.89932130066839,-0.971188509344296,-0.795145258149403,-0.675804189488193,-0.713221213516687,-1.39155908241915,-0.973041661249273,-0.767103138817191,-0.60791737718374,-1.59384846592438,-1.3017555929555,-1.20318727861239,-0.772747999790306,-1.45266523890648,-0.694486275946489,-1.3950915042628,0.255154497100907,-0.180999891027025,0.872122184966605,0.486143980835639,0.505802679532813,-0.78071114088804,-1.22916976065649,-0.931388649869023,-0.668098210559401,-0.707847202914991,0.837537182075813,0.959064397578338,-0.374396080455542,-0.0145989979020881,1.31597457833887,0.882838355553554,-0.367997380744359,0.59612288530897,-0.55272222345702,0.194730298709028,-0.201702872449702,0.29988235912589,0.48461711852182,0.38974471519532,-1.15338415365171,-0.324049706315049,0.463591157959381,0.760615013661163,0.320497054812686,-0.155689318988331,-0.643499312792894,-0.665902673208778,0.391224486954265,0.437893192788847,0.0667841682086673,-0.223588412338187,1.14128257644568,1.68862759374987,0.569504680199824,-0.186613895445424,0.978116640059458,-0.662186368998496,-0.175681310847369,0.246061590284603,0.809960849922997,0.212325344776058,0.598530194868472,-1.14674479165096,-0.0318082315989462,0.245037677599999,0.42077607227573,0.242962809345589,0.394559632441748,1.32897191175479,0.419574486799454,-0.969023595282973,0.0972655127923404,-0.437176549617248,0.492545457394247,0.606485119920124,1.494247177973,-0.443827766124973,0.385521062404314,-0.391318044960711,-0.157619055161651,-0.905860395384424,-0.434733564150426,1.25133524370046,0.541526986372521,-0.202275483352517,0.608628352070748,0.523777053247166,0.223642536006187,-0.300326533961761,0.187275152847763,0.247375166086949,0.132871345228346,-1.35611449511499,0.240553327302021,0.595474201549403,-0.146885669767196,-0.849660328271479,-0.0383119361614427,-0.604505520982658,-0.87893109000466,0.162458389548561,0.924636044021342,-0.0453058612946004,0.757958851608801,-0.737291888327711,0.343365782811105
0.538485543690175,-0.431224429989323,-0.711909774546044,1.33546425278488,-0.816409204665591,-1.23865672546467,0.607915284375206,1.68791661530154,0.593737840686215,0.8115373667462,0.694261747554112,-2.01588719471687,-0.890507071987307,1.50721015969114,-1.48402153876142,-1.79524213981184,-0.671997070145694,-0.996285522096124,-0.89780388150587,-1.4024647249826,-0.609331503388091,-0.953566085973197,-0.808602503802267,0.095566725352058,-0.824495152068168,-1.25908960122339,0.446529368007478,-0.917287590985502,-0.254533264756134,-0.683685928894117,-0.674852671888269,-0.951463694840192,-0.999069018511775,-0.528097201309492,-1.13861037925553,-0.277804791608133,0.690643634668477,-0.103762156462753,0.402421538737951,-0.35333703359635,-1.20297659959654,-0.386825921863524,0.83681574564487,-1.04262945281168,0.789143351097623,0.356886688022213,-1.11894037098862,-0.988609923168288,-1.07826916683474,-0.902640062788873,-0.947370647817616,-1.0160485534551,-0.840361741007309,-1.3601835936186,-0.0215839555897682,-0.303140779076236,-0.000413611137480738,-0.141652833553636,-0.836143775044887,-0.945773422749944,-0.411075825537151,-0.137698836619701,-0.485055348949956,0.80045374079497,0.0333946279323527,0.416701067336356,0.768168053079527,0.598729709605752,0.907158998777848,-0.420950856846875,0.137096248179746,0.860829732539393,0.208050228121493,-0.304736057891808,-1.0276478336988,-0.911392257787768,0.66452732286616,-1.10967938108854,0.270988624991251,-1.52002237666235,0.0629773850071417,-1.04087140185834,1.01023011858268,0.720900592576721,1.02664405736739,-0.633299600985389,-0.227931817591258,-0.0655590933300339,-1.29522564458195,0.413276979297951,1.50680194444811,-1.03613788163318,-0.777398865888562,-1.36694048437632,-1.18642870581442,-0.852625373904572,-1.52957577052355,-0.562593878239197,-0.872125256501354,-1.05693160630368,-0.98104877324383,0.226359525266926,0.603747118431694,-0.0750818858453004,1.83664186009173,1.87630033029893,0.436816567055269,1.26164626561478,0.0578005846846177,0.63467184955365,0.901303643707595,0.046393683640422,0.853183375987453,1.90622699329123,0.895364254738994,0.565455840889402,0.695834594634431,1.50215832538917,-0.456115940711005,0.308312903633554,-1.06890844640749,0.561142540455898,0.683395165225651,-0.881915141334193,1.3367268938057,0.237027241520951,0.163476159159328,-0.588532057427664,-0.0462282577322949,-1.41753502979423,1.36632113500912,-0.600863702663071,-0.690718196049201,-1.45988362061353,-1.73795351449821,-0.559589715613539,1.62056606796191,0.167100642321637,0.347619472632297,-0.741741483886609,0.390196050647663,0.266736329702361,0.237391626274888,-0.44940457341046,-1.0995287823504,-0.554364089676425,-0.14827864536627,-0.596070544037759,-1.18995609421655,-0.733839419871892,-0.123925779119916,-1.04571156424341,-0.309061473722414,-0.0258846476257463,-1.38048295962755,-1.50195132797822,-1.53938456777301,0.341137258494581,-1.53175466502191,-0.00410457909128353,-1.45183421435481,-1.54954456315059,-1.5099150042521,-0.102080818610525,0.454993263359098,-1.77453504270236,-0.795074248184188,1.14512796496294,-1.23956972425057,-1.64282696743711,-0.00937458099561698,0.85627938246372,-1.04100718649178,0.555676706730263,-1.01597321331087,1.71407992033762,-0.941510003035781,-1.06737201942683,-0.764754255043949,-1.28851459467905,-0.163795362036003,-0.635576973717554,-1.12848799587291,0.345443833969607,0.463622367051417,-1.42366257548495,0.774960694319037,0.659087505177653,1.53989736004057,-1.68041120443214,-1.28923816903597,-1.85846740073246,-1.8893982674086,-1.51772504026433,-1.28585346566366,-1.41146919621544,-0.124706722396856,-1.2696969219093,-1.63613310623272,-0.701797931432672,-0.0810254653720822,-0.609526725619103,-1.81458812370406,-1.08640557799242,-1.79058002172417,0.088704366595374,-0.0151128806426082,-1.04594208829388,-1.54005400295365,-0.90161321119207,-1.24299946213685,-0.615462492108496,-0.950541393929882,1.556163717758,-0.437560520517944,-1.03989189114909,-1.76293415259147,2.04124232471198,1.66186316626111,0.603599900766577,0.860092613573,-0.88565702414939,0.343420595401166,-0.232193516704832,-0.461614254494118,-0.261969041020444,-1.42024827234755,0.330910711818279,-0.129845096291342,0.481588614059222,-0.104025545839979,0.735679363111988,0.451717048850373,0.165466863653214,-0.823198080193776,0.750742808738614,-0.329033173704365,-0.0438392207191153,1.02332212691722,0.763789535897076,0.526232896929734,0.712891818269164,-0.0817264216602414,-1.25025422265571,-0.445606313736932,0.746665728846913,-0.339282162338044,-0.447453213761871,0.0057622886467645,0.199022321804465,-1.24007260978563,0.75141344716631,1.00385068079733,0.105083226046408,-1.17174701915991,-0.831067274997491,-0.662148696742697,-0.644146576739651,-1.53916612324313,-0.996839836771417,-1.22756684359456,0.751038557633098,-1.03473198200797,-1.3613483917816
-1.73988991675024,-2.10151084816997,-0.768327209333691,0.0987693665313715,-0.369261110482123,-0.844846018348642,0.49617411417713,1.07802516324178,-0.168375738597569,-0.366696287368585,-0.915667163516196,-0.994647792196269,0.0418090153134121,0.976730113342765,-1.3513057654398,-0.43331245297215,0.307009302770874,0.755175363346031,0.427067124133505,-0.97948413309159,1.26320578025364,0.285443455526544,0.809391097360639,-0.135894471748437,0.458470354672033,-0.399869621194212,0.159407373815376,-0.614198997789311,-0.0319861176718374,0.263306602762516,0.798412084545569,0.834543355732299,-0.639418359368782,0.103095393104515,0.354540827079113,-0.335596256312254,-0.746550982700017,1.38585604206049,-0.830157757177931,-0.477610571250755,-0.957302627916798,-0.791110067276177,1.65195829092506,-0.677718125940405,0.640799427721644,-0.459381438754502,-0.827105886219961,-0.20607563647023,-0.113429017034536,0.0444651981920844,-0.116346714144809,0.357370675198351,0.237415353184182,-0.797026510417148,0.548496103313338,0.658477998388111,-1.20564236769142,-0.226632958028826,-0.951419691040672,0.134541312670944,-0.463199211204526,-0.785382612256883,-1.75713153286929,-0.0226358093609816,-1.09598314048079,-0.160984911965436,0.837278657404473,0.321434667188693,0.611517170684029,-0.0723597528725824,-0.369870631701411,-0.388896014843105,-0.465437884154645,-0.169205602087471,-1.33581353317041,0.10140915813819,-0.826664817564349,-0.862885981974561,-0.169814015975638,-0.383761864627441,0.138040450538081,0.0010910827121059,-0.270765357263137,-0.138255683819819,1.42756701179772,-0.210680188037476,1.36743482864061,0.0876269803107091,-0.886006420824032,0.0992325808713726,0.731743084923023,-0.357147786885417,-1.84940082038257,-1.08107385499106,-0.142253358401822,-0.465593388818823,-0.590054135904166,-0.988070619732481,-0.600125022902642,-0.67978749650429,-0.877104579325584,-1.43269665364677,-0.226692018951554,-0.142068820393469,0.515149273543762,0.498869241840699,-0.0554444615277229,0.308141604152931,0.14734087320144,0.191181483625601,-0.740084865886524,-0.451091404711408,-1.0299083652251,1.22012921616486,-0.488884109580335,0.0233566913026257,0.182002983345936,0.454608201099757,-1.27743778584237,-0.354108499433793,-0.623187401185365,-1.32790874162208,0.186020619547418,-1.01721138292059,1.03657912821193,0.833960717127672,0.287033398328668,0.0809259860568002,0.187393976438403,-1.39622290016484,2.03074652831179,-0.183689386008737,-0.938976505552828,-0.881023245218648,-1.99487214348376,-0.804438415293657,0.265765495400014,0.84015486523214,0.392573785130948,-1.96010133139323,-1.50471314768564,-1.592009040166,0.367528901964148,-0.937157629259078,-0.532022800475806,-0.960076192069942,-1.3393545414911,0.434768417257997,-1.7223260846596,0.300959407701837,-0.0199098544618446,-0.41138111088886,-1.70226653288334,-1.71179723406278,-1.40948767441785,-0.0794321283519282,-1.58199098115896,-0.280689249144116,-1.77262410515458,-0.147757766959077,0.341170333752024,-1.30269854205086,-1.57726012399429,-0.143935098612883,-0.503284719284006,-1.62697962979451,-2.1041789556689,-0.789958824392108,-1.43932269055572,-0.6009876943827,0.357789838451877,0.0133094786281113,-0.939104637291494,-0.297951909784138,-0.920725851349839,0.282718352765211,-1.10519827306739,-0.432436061718983,-1.6331099962181,-1.26264486026052,-0.506493107249109,-0.538427325354109,-1.03486536841443,-0.425236482911087,0.691829262502763,-0.248723472105961,-0.0423879529414444,-0.116544048472611,0.371980254084208,-1.13471905572008,-0.923594833847102,-0.772355701097776,-1.24522025094241,-0.467065524188011,-0.79776491007918,-0.246532820903138,0.22416663782027,-0.457717211172727,-1.04367541285855,0.912695620490758,-0.260430879409032,-0.647700167701565,-1.44080991260234,-1.17188531439952,-0.896164311107865,-0.244589296504656,1.03777219099924,-0.312186187068181,-0.0130410327057319,0.424303403820006,0.453478326155088,0.781201527508048,-1.15307167264459,0.377716022179258,-0.922573272521753,-0.748557651094297,0.194720609302191,0.849021307735253,-0.901399866165356,0.159944178543381,0.155709418801118,-0.332265789009443,0.62423863538163,-0.0248556057882993,-0.0476441416878375,-0.403308297578503,-0.331473889076194,-0.996350241514468,-1.03186293387841,0.602468731056774,-0.556327366666108,0.652695041343722,0.639141041665753,1.69664187451083,-0.741843894556542,-0.68530014327968,-0.946078266508472,-0.398274459612355,-0.67746326833798,-0.175825700295321,0.707325447468467,0.0128977371925393,-0.329932462863635,0.602605321189825,1.13096776442029,0.245332179151067,-0.222779339889955,-0.0491824267360153,-0.131124699053714,0.458033162330661,0.24257567952054,-0.244338849215428,0.93118686663712,-0.169083171581412,-0.198795833505023,-0.517114594397273,0.924498663301857,0.371879349442847,-1.07680580040386,-0.740067419748082,-0.510362647922234,1.27181076085729,0.583316362063481,-0.900336607035703
0.96651601112718,1.54417518981276,-0.741179720203132,0.859219383804582,-0.57743973615277,-1.15314959893655,0.81108609125939,0.0188718004086221,0.862733435332638,1.10994733180828,1.28352752313576,0.615526941099342,-1.51028454056973,-0.461503732141632,-1.29375210314875,-0.475508251025095,-0.954953560246437,-1.05521200180508,-1.06684372223697,-2.15178179321573,-1.86650742715255,-1.27190603333977,-0.581778400000238,-1.52733067737705,-2.03132765851972,-1.07400775466317,2.3964574323468,-2.05666695074398,-2.44374177785037,-1.07526344601647,-1.71371988534626,-1.17460128864312,-2.42596693743179,-1.35301976729902,-1.40457177344787,-2.49744208724281,1.99579055032818,-0.772428731539307,-0.725151483995292,-1.49893080411264,-0.362170450786131,-0.280841061209517,-0.339946927354096,0.270783341395108,-0.600201183158084,0.920500692207278,-1.04772924950687,-0.657885085575611,-2.19184803826015,-1.10675643995213,0.0172962722611491,0.432828157289818,-1.63438938265114,-0.840010735977413,-1.33910522877832,0.314265832317917,0.139403727683257,-1.79659047445893,0.775758056380412,0.234558493409543,1.61077384219219,1.07339208848389,1.79237403329619,-0.38012661081953,-1.05884976107107,1.01210885855921,-0.582295682474138,-1.89464887388411,-1.58219278684206,-0.287459840350716,-0.380397830966703,-0.0903052612172771,1.03096282538748,0.375524210022769,1.51873587297765,1.18429642915301,-0.338951251167659,0.647573264115358,1.19535043614814,0.143340650617139,-0.343162322519017,0.679968876959974,1.2502377413031,1.63347899638741,1.27305604451654,0.251366250063042,1.25167344662856,0.163853606304771,-0.1615143871503,-0.221506218893763,-0.274749291853585,0.514274926415261,-0.658366220936108,-1.92728631728566,-0.416536398817146,-0.380061585770788,0.896767241121563,0.594208511799987,0.410390769372518,-0.193085433962427,1.13698438364422,0.540973527714555,2.00550331123104,1.59537509556898,0.909252192679884,1.04055940188076,0.261982262393154,-0.0994437467404096,0.138364191295298,-0.297958786707523,0.17982012462291,1.19174596266758,1.70155799945096,1.20743466683106,2.05082356086227,1.0771150654182,0.839105133663478,0.228599587704841,0.899215510421746,2.38926728930644,-1.18018581071082,1.8527583089024,1.20455993096416,1.28178849117652,0.664270168218928,0.557174941474499,1.01191842034723,0.431175726246069,0.459374947191332,-0.75416096235259,1.27273558122559,-0.222207284891797,0.315761324575804,-1.72651572585277,-1.59553429980138,-2.21363239688623,0.900129974977831,-0.92322695052377,0.206673921476802,0.993466729376575,1.51707452211407,1.8676384953469,0.856602383246142,0.325174183565694,-1.12699176197067,0.266324076804594,-0.404391710576643,-0.687750159428197,-0.934790251034872,0.761670983662748,-0.521425890753832,-0.351224712652518,1.25408984442754,0.765636367479402,-2.15697745034155,-1.54369191935778,-0.796053488644318,0.108418715386517,-0.693051704955559,-0.0496154435868311,0.773395202245169,-1.70376977970905,-1.64415504571834,-1.23997606446865,-1.05514584779528,-1.12817018538598,-1.47051829923717,-0.38958774824161,-0.826085733281357,0.31689335802669,0.483515230760784,-0.409337124292921,0.489106566625043,-0.826155675102927,2.43364608603942,0.925330494278252,-1.88702870414661,-1.81552835311221,1.08387515815862,-0.835047410971567,-0.476785872707482,-0.746687587323709,0.202993309859957,1.52266672952273,1.67147574062067,0.412082087191517,0.503902042257206,0.532619058250695,1.18384073205405,-1.88647121106603,-2.71692587531286,-2.85267741686574,-1.50630610700711,-0.926747698674817,-2.43192229204556,-0.877044364135714,-2.87706104474326,-1.19343145278841,-2.23199431340455,-1.37397281953261,0.824828370756524,0.253213258545861,-2.75992592524826,-1.06358282614917,-0.779868320180268,1.05120457295713,-0.357127212986923,-1.06590719028966,-1.04438777370994,0.0140229398198784,-0.249844076327881,0.028632466351921,-0.100736960169419,1.06617837494891,1.08879855394265,0.543508100225909,0.539602394030771,0.32936103643803,0.788908952579992,-1.47656305383599,-1.97014170162076,1.81158091457299,-0.95273341862823,0.962007330726422,1.66880351230215,0.648064229544695,-0.888844806800516,0.948037246560485,1.14985108378753,-0.286128051898936,-0.548946063757996,-0.229776649997934,0.34722426165914,-0.959124265097007,0.0775547572209901,0.649539729830008,0.34358981114086,1.67730064671488,2.10513165925422,0.566661199412366,-0.332041133266438,-0.514251017141423,-0.722963568683819,-1.29761556094689,-0.0467397449576462,0.753140118296975,-0.573452034851804,-0.699523654468356,-0.286136253078991,-0.129535773847421,-2.06075779554137,0.00349109964413401,-1.36172193408702,1.22769290073234,-2.17481453278502,-2.71607525251413,-0.245140852657849,-1.56337824305559,-2.51588763167711,-1.09991828119616,-2.33431331925023,-0.199271121396065,-1.3071437274381,-1.99884826835093
-0.290754061278495,-1.13292667017204,1.82101370501082,1.31501962128037,1.98200386466297,0.235752244174309,1.19997686022064,1.52573810262118,1.08997132977339,1.60642331629781,0.613466508996652,2.29315333544081,-1.94418210180378,1.92922153982113,-1.34453773065577,-1.3226696422642,-1.16517792498397,-1.57292816904251,-1.11802867773163,-0.749155215386348,-1.02248220539322,-1.36933310420775,-0.897938705350348,-0.0797871684048714,-1.21443028945434,-1.482506520572,1.54338139267929,-1.27027988532694,-0.753717450084739,-1.66975939157099,-1.246018487835,-0.96678200146094,-0.912515821941983,-1.05095958051108,-1.07959118911685,-0.378580445299971,1.15748176788262,-1.15155335771685,-1.60586285511945,-1.52572648736733,-1.26952104086992,-1.29915725918951,0.205655695262024,-1.29856431494396,0.282395768426554,0.223255247818183,-1.05012763619225,-1.24807649582482,-1.01860665971595,-1.31315740407135,-0.331803513746902,-0.480025655778538,-1.09779851911644,-1.46336533117162,0.357721498827915,-0.341250675317343,-1.18880652804838,-0.581290374998243,-1.95398776930589,-1.43648843192534,-1.46548898280673,-0.589598481969776,-1.74186122966886,0.233586002394268,-0.970777853648979,-0.824962033959936,0.77295198108443,0.67589251842699,1.04090375577837,-1.42455679528163,-0.18302388238934,1.01758471546378,-1.1283531803017,0.466575367173748,1.0777573497533,2.45025742839064,1.29726150235453,0.796798426774086,0.0336181565595727,-0.309059749576466,2.05567852605141,2.40299586219176,1.0111406295496,1.55893477768278,1.14026916148867,-0.561189164473978,0.329371702598939,0.61799564748047,0.354480696785279,1.19856596062193,2.61120312172105,0.579527862997929,-0.821054396707779,-1.16123427772564,-0.29579537550422,-0.682073338925975,-1.69518811494738,-1.26365575266945,-1.31757930127551,-1.16055652455207,-1.95518698167138,-0.955678899327439,-0.279203928643939,-1.13797693526543,0.710809765495074,0.676353852833102,0.613097347662427,0.340910781663903,1.64224168722041,1.47202656623148,0.505254054553938,-0.966177846749456,-0.358593898096719,-0.122799043287124,0.165397007332431,1.68052779861286,1.87196244706191,1.51095684817486,-0.560982412739805,-0.274051071727281,-1.86099123139341,-1.53647583014516,1.70008554885568,0.359268406338561,0.95953753335304,2.10027814927964,0.0305323905552801,2.58877006554903,2.54165845256961,-1.67382447574029,0.358513835667539,1.53314317948768,0.277535325864452,-1.44813412131447,-1.3434263839484,-1.53775872795764,-0.464430702373505,-1.04678816835393,1.42593514038458,-1.43525299132924,-0.226189378409614,-0.116658314570461,-0.620603360146301,-0.0475781393352571,-0.784414442334595,-0.722186346188616,-0.5467124072475,-0.384536718085425,-1.53362220999207,-1.59913164094655,-0.767184673148099,-0.934821181567017,-1.3825892710208,-1.09361310832149,-1.46445310841919,-1.57835195484642,-1.48169656549768,-0.183281652253216,-1.5141986078096,0.218485052978525,-2.60991801160844,-1.63114464013119,-1.15776734773612,-0.282375054235993,-1.23750617821063,-2.02107855280317,-0.626630078007244,0.121471497418963,-1.44378941502331,-1.76608791972025,-0.883171672208503,-0.707014153778926,-1.32234548698077,-0.747413457042291,-2.17819250654612,-0.391214302445789,-1.71553253071929,-1.17569595982608,-0.223207470576697,1.56226608578973,1.63286138078357,1.69583720386788,-1.05386092672758,0.96191704148415,1.84248142435377,-2.4669967828055,-0.195639131142796,-2.35122172398711,-0.361719695185581,-1.45018147226395,-1.81819835645653,-1.21639970110123,-1.74331787882412,-1.02589760215566,-1.45620678358297,-1.63241855284368,-2.84774870760876,-2.57750193650315,-1.1783977423828,-1.81279804534459,-1.13825071645346,-0.96039606630916,-1.35269729263336,-1.96241453774999,-1.78592139407213,-0.959202156315763,-0.43679383921563,-0.867010008636363,-1.02134054372291,0.796175826384765,0.374294998883343,-1.27768179634078,-1.43289495901979,-1.38467794306615,-2.1070222454801,-1.90233774647387,-2.18530551638913,-0.978470943970646,-0.936194986709676,-2.1670014761478,1.60613472010646,-1.53895089467996,0.695538927114789,-1.39232954145919,-1.28398101329255,-1.50025643559799,-0.80644958022464,-0.724460699951882,-1.42297508820889,-0.297491363879358,-2.23768025349177,-0.287433416778929,-0.823024343010123,-0.842854646143069,-1.18337428147034,-1.41228774491627,-2.2402536844902,-0.414556426338876,0.73395804416441,-0.160567175070955,-0.806447682173076,-1.74520646463329,-2.05333225676894,0.691272457937554,0.713468815981503,-1.37330187516484,2.14359553983256,2.09987615220866,2.60331485387849,2.2813682214909,-1.81934075360062,-0.356976412022256,0.112708679791724,1.25906779682925,-1.16621897045853,-1.51635208666379,-1.78131993775179,-1.09762322800435,-1.56549082636396,-1.85038379044935,-1.00869337711587,-1.09521707519007,-1.4660035807637,-0.65822420184284
-0.358188763053344,-0.720049228401013,0.652992126206958,1.02303668041546,0.868056759314823,-1.03098169158527,0.58171635802672,-0.542771064336918,1.08981740068722,0.402858030679099,0.18320414801547,0.479938823754781,-0.905859590711825,0.411888073210123,-0.909049807934602,-1.23472402944698,0.444372550065666,-0.253055358822429,0.075394594434312,-0.520439300580321,0.380738838372172,-0.89511605815802,0.0196013960604141,0.915348690783848,-0.424729645812083,-0.668861649887625,2.39755108954899,0.318340101269763,-0.0853793003288913,-0.549033820669587,0.284619724248434,0.460118741775196,0.203443702022139,-0.262623156221976,-0.125189396048481,0.624232474411767,2.21656892160548,-1.45624271210613,0.821955940773023,0.434465441412809,-0.662022648074928,-1.00024114236479,-0.866608509907611,-0.608576123652472,-0.767265195722103,-1.02742040333717,-0.612340085639648,-1.61002555191064,0.0630772756393314,0.0810089593353965,-1.3608212585579,-0.438722809684787,-0.29940973466905,-1.24046715334534,-1.51652479569391,-0.891266017739042,-1.2439124579959,-1.23369411031632,-0.58648764461409,-0.689240176369642,-0.544519623176936,-0.943956082585385,-0.65235571720788,-0.953219389455852,-1.59388903196988,-0.118753512567014,-0.994134975475616,-0.829237834896537,-0.505130360662104,-0.854267713287365,-1.23997622527605,-0.910311927228665,0.279418900309787,0.00309414887158519,0.787422725733157,0.781822305891364,0.623898267731383,1.43377268506694,0.122689237215035,-0.028301000462959,1.32051537843382,0.762037296808151,0.426420248307871,1.17124667229014,0.415741916501709,-0.401464714130748,-0.191900526309069,-0.0277492432668535,0.469825503961783,0.482515690540481,0.534419979175221,-0.196959220303431,-0.266188918034513,-0.375578258303528,0.179669516598154,0.144833740121833,-0.904445462583176,-0.976354826786666,-0.897316921497959,-1.17446709550087,-0.35870175952762,1.1121315330128,0.936374688119163,0.439722012472585,0.906518954851051,1.12067965431654,0.149833357134906,0.236712863257188,0.827879333931041,0.733522607058234,1.41362703402718,-0.0722023411097448,1.81693025365604,0.359630308307338,0.93578666954439,0.806161197403045,1.23991505602865,1.12197145714255,0.398387527071643,0.499577358479634,-1.34862686752453,1.34987750341111,0.387441710090576,1.54180542292752,1.24545780800036,1.19839775185168,1.43032515086024,0.694348069087847,1.61131568275716,-0.633516103658679,0.872626356572963,0.047525525612167,-0.684800756422786,-0.16413034210339,0.369455728355099,-0.598408242866136,-0.275831893034747,0.0624069832581609,1.22015776533305,-0.755457599963005,-0.206443032961365,0.0571199388058946,0.115246344131501,0.00758966531484396,-0.80702124664856,-1.06776085758046,-0.615345542526813,-0.0215523050986557,-1.1085805833271,-0.804313498500019,-1.30077743717128,-0.581923244946447,-0.0863444490409741,-0.491830376261328,-0.972434501948079,-0.903853499951063,-0.339713597459004,0.424397967159313,-0.94387209518071,-0.283658366848975,-1.01970545235523,-0.926960236382701,-0.868135994003766,-1.13094214614675,-0.19219447079174,-0.787711004975836,-0.893189237458925,-0.351688900799715,-1.52023925486279,-0.792544655012936,-0.719501996441719,-1.2618213050042,-0.883470235678826,-0.113461681185536,0.18200968667087,-1.1600464700899,-0.857819369013895,-0.588108985353405,0.000632041449878027,0.566005038444876,0.90734435519418,1.39129842875011,-0.816753222226457,0.683460816636528,0.96410982547975,-1.78154215426584,-1.40269088892394,-1.11131729396498,0.774650969908753,-1.18575849209907,-0.346308110635138,-0.215654021869194,-0.66893888147471,-0.598306779173138,-0.97308178248577,-0.828391621920129,-2.5020308437846,-0.848876236457193,0.0770097555379437,-0.185985796506077,-0.764090861811674,-1.05789214763683,-0.675709580741229,-1.52497580892741,-0.910501444410704,1.05282532138822,-1.15389247474518,-1.95962209045725,-1.85561153944792,-0.227256752442783,0.382809385756146,0.880252177764206,-1.33661061504701,-0.0430690356621807,0.552578174060669,-0.882947121282504,-0.111398311589155,0.570400873332046,0.842492957267461,-1.28304949042952,-0.499385995629134,0.506187094346023,-1.04591612891385,0.416480581847983,-0.243779638287675,0.184711232428667,-0.61625896889425,-0.779706365435222,-1.11666396889732,-0.784861792144214,-1.1386582082933,-1.25094816448072,-0.230736573006245,-0.6523848741117,-1.18335640648507,-1.06312177198109,-2.21740790856784,-0.427416384478711,0.636492840767487,0.224464646558089,0.413652021844699,-1.14163945473412,-1.13545838568947,-1.23255937382411,0.357823452278843,-0.313474668528822,0.567067444071556,1.09549229413424,0.528752286797579,1.25581704309872,-0.596921564500751,-0.777918624027443,-1.21075642648211,-0.311480510506342,-0.671905574363605,-0.63355911465056,-1.05296232042207,-0.24255516246109,-0.854131787463842,-0.577764612692271,-0.39729293346785,-1.3246777218422,-0.542059463022975,0.268029436735953
-0.127590384554787,0.0211297997679284,0.259899866081215,-0.256897684799413,0.0684975792298191,-0.397279318073106,0.813554533823855,-0.990068274166944,1.41370939370277,1.30127883368308,1.66599258096005,0.361356638291672,-1.60867734763345,-1.1054087203009,-0.685149941139223,-0.345521495843223,-0.0563606883069782,-1.34149097960345,-1.38916684610306,-1.32240089296027,-1.58747045713067,-1.59637172568583,-1.22046483743172,-0.731332005897751,-0.845283643572311,-0.227057889781719,1.2844339327234,-0.743052446318645,-0.847947335166954,-1.49202450366219,-1.60089980822532,-1.85721008578725,-0.691531348661531,-1.05119071456268,-1.20585579046435,-0.0708680553427806,1.22549158721047,-1.39557191825397,-0.57050828484314,-0.253296577584276,0.165457038181542,-0.792648050036405,0.253404799730264,-0.139737436879757,-1.06131373807964,0.702128009451232,-0.668882701172439,-0.284440829620731,-0.948200659289148,-1.61416643310747,-0.43625829358044,0.0830611663086897,-1.90027419218662,-0.405155689294671,-1.46495950130365,-0.0620722752947728,-0.989809381838,0.181030284441993,1.05118052618918,0.213271924099494,1.20193720793286,0.650905573141489,0.351295785087634,-1.118468686328,-2.03261722788453,-0.670403542123692,0.765700077580436,-1.52213714668927,-1.15820524924134,-0.926039291355522,-0.379917200328935,0.0413905367081078,-0.284330082241565,0.585333826235674,-0.0155895850723947,0.198426032562128,-0.141154476633193,0.872667453739351,1.32371298513086,0.955927887504272,0.640634404124482,1.29816506041733,-1.02580234694822,-0.750694810795627,-0.12672501920166,0.0993597610295026,0.176973247441903,0.355804545070844,0.525880535452732,1.04098194434396,0.639171282081129,0.284093983730594,1.0446831452012,-0.0886646249907185,1.25623437104482,0.74790103383194,0.753545530682431,0.0979921364566282,-0.06442992137917,-0.386384563478838,1.83274659898778,1.40041910686452,1.31806210027365,0.847570873298559,-0.0717296041076343,0.430244689537468,-0.67915506665961,-0.355574743285834,-0.479990046432231,-0.492102236734236,-0.251180244335772,1.22826321065263,0.822033483449787,-0.42618771037786,1.13069215462176,1.68314652860921,0.921068984553142,0.241459708226719,2.09761197403982,1.44098767379368,-0.183419265905927,1.63306909432133,0.608278730197769,0.365521706871213,0.74238933701965,-0.386237155683771,1.20287560947074,1.39141706461952,0.784935130291203,1.12984060784117,0.357504615734916,0.428179333720706,-0.234603961686049,0.464823121267629,0.864173982451952,-0.45488316938499,0.0106549987876543,-1.05353189857944,0.173648118455135,-0.411255474539982,-0.024580123664406,0.358459820746965,0.933780452065022,0.69976568739702,-0.210922404017522,0.651476840716345,1.43446068453468,-0.182199748725221,0.0305922455958724,0.358414630134197,-0.352010024930931,0.13254000207261,-0.271438683874448,-0.597594660932138,-0.395324563831568,-0.800061730736958,0.755710711689143,-0.33039302021081,-0.30376234426503,0.113143063880073,0.181455580442343,0.160059081940799,-0.0223913154647739,-0.88670955729847,-0.35261742334076,-0.0953559476248671,-0.439724012908969,-0.320942950384925,-0.0183549765311886,0.506155434507285,-0.654340169176638,-0.180046459574558,-0.0753560040884704,-0.812067229187727,2.65626253978159,-0.295358621057006,-0.317783788119786,-1.11263441973159,1.94531531380654,0.13509777474028,0.0652625677495658,0.320593253702017,0.449268309922807,1.5885125390991,0.976480593314714,0.564266995123202,0.0670832342967625,-1.09572256517098,0.914874112164704,-0.538977830496111,0.70994567856183,0.391994705209947,0.126710284176482,0.33135140452338,0.307662201998186,2.0964052627391,-2.58878739016529,-0.941721713128186,0.752020334198988,-0.563390214564686,0.724433168857651,0.407864249159676,-0.671752661884654,-0.578852485029581,-0.162944653466188,2.71430014660106,-0.19626632969754,0.142656349947298,-0.197145012750554,-0.0969423614151829,0.602021967210149,0.860242082784225,0.0153267999942512,-0.539592130387248,1.50211945205202,0.823472293224674,1.77957621268219,0.479360672866628,1.53558312551126,-1.42670602180169,-1.01422522646377,0.0653921972887895,-0.0158949252243519,-0.371382077814566,0.4485516342608,-0.986955120827242,0.888466018377192,0.145660121952358,0.353552738499024,-0.516427845476355,-0.559938543101063,-0.998250383566715,0.0054458267802427,-0.373875998457335,0.667271987493222,0.415497320124349,-0.689139009250364,1.00263651803187,1.52849258935652,-0.0140580964154987,-0.608031013894077,0.236671306078826,-0.653341523391669,0.0592679574001693,-0.260783502975659,-0.229458228549971,0.229043792690566,0.135597459182873,0.913328573183422,0.338836219159691,-1.75312656204181,-0.0709329348840523,-1.38395013111256,1.11335682712209,-0.284980145406236,0.26288195862429,0.0369678679259684,-1.05135581528514,-0.0304491188240529,1.01464440860453,-0.576686348467592,-0.609001536411887,-1.57615277307693,0.899868281696766
0.814528040577548,-1.46232427117381,1.54058713577352,0.540444719699588,0.284927421901065,-0.499393181168196,1.30065993994521,1.46211041753348,-0.235414893688906,0.93106702384804,0.255185960442177,0.763021645995411,-0.00575753611304982,1.59373602098644,-0.422431430638663,-1.05457443488454,0.531212578792996,-0.144166869671173,0.409979766727183,0.201392657298002,0.0592453117494477,0.224259678679548,0.450765558489916,1.12984044483863,-0.126713368057267,-0.792149070532088,1.29824066926945,-0.0837487779221034,-0.519969354089557,0.24241262448811,0.0684154547617386,0.264309306726309,0.687267488882305,0.210559826258631,0.183977434775639,-0.177422473295346,0.978183918978867,0.483041931750969,0.0534685536037927,0.212639112467399,-0.944568663106022,-0.569621308514056,-0.740168311463579,-1.69579293833628,0.550552091176716,-1.35161574105889,-0.459420712849615,-1.02707667396664,-0.108402855623624,0.0786556288430285,-0.982256322096786,-0.671054415035645,-0.0464542907429253,-0.602653735728295,1.12463646058012,-0.23881653801398,-0.117348423908282,1.01844436453667,-1.2587148292603,-0.818697901444387,-1.83496218102028,-1.14139172649836,-2.04266488327802,1.03066389326129,-0.0297301584205976,-0.180887774007463,0.158096839350843,1.14569112916958,1.34664628784356,-0.45232136916084,-0.462788866396878,-0.380088413217818,-1.22886154772927,-0.828330640290594,0.127106497798365,-0.19203823238991,1.60592287183353,0.531571224621825,-0.387588804025816,-0.452936265608433,1.72150992015427,1.35441256260715,-0.367086299687711,0.638132493037567,-1.33341953519868,-1.26335638188753,-0.273374008661535,-0.269055321184358,0.769098780938187,0.28457062960055,1.64328726795151,0.432526637218539,-0.36982665331954,-0.151094219249947,-0.512239038622112,-0.0901842712962875,-1.48416643884976,-1.48303816974894,-1.18344324431494,-1.14588162925329,-0.750250055112511,0.565218682089747,-0.181616667596673,-0.642728262142427,-0.218740713537385,0.124074463259145,-0.0113458274620208,0.161512641798287,-0.0719805629898352,0.448817167235718,0.320824417375583,-0.58918541947048,-0.106190465366111,-0.225090287655013,0.0721473971035787,0.269709838915652,0.823142579843814,1.49789878482534,-0.277249059091292,-0.86544293089109,-0.831729672991965,-0.323649671799813,1.33159126300474,-0.47331795318077,0.719800875118146,1.28268521282646,-0.440332427366252,1.39650268561202,1.16463365494327,-0.847236558302761,0.595559728223848,0.152866786925712,0.384173645091711,0.464398687329658,0.478895384274121,-0.120596900730289,-0.797397082740888,0.319915948641964,0.628647613010745,-0.82757589803036,-0.757484046431336,0.313897031853138,-0.270199095879394,-0.308214960182682,-1.00864441731409,-0.977666422129858,-0.42463509054446,-0.323064804759955,-0.949530265272462,-1.50082906678011,0.427229460832327,-0.667615452349613,-1.35980363994158,-0.488537824216197,-0.467033276173381,-0.709791987291135,-0.526137686581713,0.843756813639705,-1.18355876506074,0.590760492651392,-1.40625278264235,-0.819258680477534,-0.945550511413193,1.61583638712852,-0.0143713574095264,-0.421027765835444,-0.579651180905861,0.881414938770014,-0.512953777075393,-2.03691366030617,-0.0429906311285688,0.617804908149633,-0.767483424590068,0.322488996112673,-1.36291640170565,-0.0651540712341782,-0.219608872767619,-0.0173490444278639,0.686091661585256,1.25290104802503,2.17171727917313,1.52861635327073,-0.912509350410209,-0.0241510245653097,0.752723973575623,-1.27529808360481,0.670785927114856,-1.21515341007818,-0.567645769614503,-0.76595897682221,0.0239465720638276,0.0214789405708458,-0.721016656036586,-0.179145421034698,-0.170701490581665,0.328473624403259,-1.17509698275052,-1.08246272861638,-0.0708439790627718,-0.0821236060419356,-0.00601093279798455,-0.974487788941676,-0.113727637674302,-1.08341881482472,-1.5589846635932,-0.0853556712078641,0.424823750903391,0.178210256458854,0.220963657209479,1.01710375281937,0.37776194786277,0.132985868201997,-1.20990270905764,-0.896799021924618,-0.64434829165298,-1.33683830685922,-1.37075956082296,-0.615205326346039,0.577876198691512,-0.52963544218081,1.98226045573307,-2.03989238346284,0.301470451428086,-1.6404579724211,-1.56212477156472,-2.20777566008214,-0.0318192294840103,-0.75622494291857,-1.28626495240875,-0.165619508163245,-1.41173911753296,-0.0178576369761502,-0.775881574680252,-0.764803204922682,-1.14305773029069,0.0274536988112503,-0.834925487437528,-0.735798442083248,-0.000241751073028031,-0.212931366813436,-0.997608463145921,-0.373678538298604,-2.18707351520362,0.528849310417147,0.00294552760510548,-1.67440589172937,1.44646612476696,1.21026613526145,1.90325510261904,1.9730502603001,-0.0995950480829767,1.15369339209636,-0.399604625358708,1.54089669961789,-0.484814724324421,0.0787617501435635,-0.460791798829189,0.23904758069027,-0.121478174910803,-0.138342104838842,0.285611020435873,-0.533493410223479,0.0710540967913524,-0.968157077256635
-0.706991599101244,-1.38277935606792,-0.0232088596254025,-0.175428937830913,-0.461763304635179,-0.808885617220337,0.0160831224992849,0.712005765831922,-0.522213703647078,-0.233004403607508,-0.0852454148201298,-1.23132139319122,1.3435927248832,0.253168323265177,0.0722231305348626,0.0739799171273566,0.634973426048318,0.642129699373363,1.31619783248795,-0.0980409678506067,1.65215432503164,1.01628234139444,1.4550073269125,0.76141365659615,1.24636309236586,0.0345928765455049,0.408709484845776,1.58616263877116,0.294660523480342,0.148435296318175,1.42528650380371,1.82694671708546,-0.0571929825401229,0.912036806226524,1.55270045499558,0.581065808687688,0.565673342382292,0.45805018689581,0.385568943127823,0.983917084285095,-0.00273275206814657,0.275281599888686,0.407830596544621,0.357506431269568,1.06590655450912,-0.872503594742597,0.236646760575988,0.393631955219312,1.52034023937651,1.36659289810972,-0.523954867155215,1.14924322516017,1.25260040076878,0.00591796727713527,1.35337784131785,0.795320021091457,0.228468604462491,1.21437973270682,-0.970575903334341,1.01166125277461,-0.457183466289296,-0.360708883911526,-1.13153351180075,0.196451766266013,0.168275014183006,0.606537100288919,0.600366157703262,0.547268779662643,0.885341677917607,0.831441655514141,0.236748968668305,0.162933150431159,-0.0609258717042616,-1.50292350487519,-0.730604443913893,-0.273962358624219,0.138320150368388,0.350662897467046,-0.423831465555601,-0.43680519325135,0.310641938704933,-0.17889480812921,-1.0769789444832,-0.245359502896136,-1.76890025744423,-1.45027764482109,-0.757731426197895,-0.755045287972474,0.350278147117093,-0.768225000961752,-0.0837357584038136,-0.604236059878384,0.0701293841942191,-0.0494103280920282,-0.218940076030652,0.132922526881558,-0.7968037508516,-0.51684398704024,-0.436218181637421,-0.397111687758066,-1.16723494925653,-0.66585285731936,-0.568248538732967,-0.776107654310234,-0.128552007900401,-0.0141047915776974,0.296638612231797,0.621937572602112,0.233705338691848,1.42345787144471,0.165351207890102,-0.477316304077618,-0.368796486604418,0.322734067461099,-0.381893533519524,-0.428809460164857,0.268485081754272,1.12610755270833,0.620499194738147,-0.0232783474298357,-0.0822562737791098,-0.910387498913141,-0.251760333703313,0.342235339816416,-0.392266455118332,1.17909074535583,-0.725687935755361,-0.00515012498546254,0.489767552248564,0.633344894028271,1.24329406679131,-0.926363511695624,-0.114776174773512,-0.0883734328720327,1.00152730892862,0.698164145776104,-1.08179368622818,-0.116642896995739,0.24719255743193,-1.46113405375451,-0.824328342523311,-1.10022148389957,-0.236004380175586,0.121065503577374,-0.373202434448328,-0.404152214737516,-0.444287344690113,0.918543153947901,-1.01714670514828,0.136546908916342,0.31504925992153,0.0739800406505436,-0.900759859525218,-0.587534767613088,-0.666940122156548,-0.524018003844778,-0.492874304444586,0.3570519861184,-0.978155214383661,-0.0142309723121117,1.02673707241133,-0.398167513814666,-0.264772873998378,0.265185223753938,-0.214727084158988,-0.568228429004137,-1.04552681752493,-0.0589762432666442,-0.673686278129628,-0.218179374602607,-0.486785515065368,-0.479233890427686,-0.636875280070819,-0.146514612811542,0.175812326404211,0.0215226991935984,-0.279380234855551,0.438314456690928,0.411676606216747,0.171647523369833,0.262777539563298,0.0884097567379813,-0.0665153071272357,-0.782669557464581,-0.55021779832344,0.160723526106154,0.87066611359941,0.204029462068977,0.101906643928897,0.537082608526472,0.382405929922781,0.908730749651645,0.350794903395908,0.00239194203068251,-0.0924976558538952,0.94371050371928,0.452994341996741,1.25660294868369,0.943612077183256,0.940917862963098,0.0309797930360377,-0.354276890394932,0.428727637532966,0.0956904393799116,0.575453386660087,-0.205334455025685,-0.137528788541306,0.680955584844234,-0.0844443525487817,-0.860013573987121,-1.48867578120537,0.074943593637346,-0.48598048192777,-0.173482644757136,-0.710154825863862,-0.96041446176695,-0.657669365175793,0.396304956908897,0.0708150249153821,0.840973212477034,0.679844563386364,0.104954750819735,0.263634879448129,0.852230476753588,0.20236285471818,-0.825608639853603,0.805818617037963,-0.445984364430704,0.483441966077334,0.149122845772813,0.629254348738381,0.434092028547045,-0.661413984176533,0.639278515078122,0.491409046655038,-0.425318845157466,0.207741435944631,-0.3723867517819,0.0870529395780933,0.64644549730489,-0.444689520381807,0.459675385788359,0.420050396110382,-0.288074280731884,-0.546135806731904,-0.422166269847403,-0.0741304484925628,0.401378006691799,0.196515250496134,0.581612108667232,1.24784020877645,0.46357784263186,0.199960050949371,-0.23781893236728,0.508741606302269,0.479145638613713,0.740380031879245,1.26719188644174,-0.0811154267222313,-0.599420575861973,0.255412447900362,0.408044673451403,0.821246205292933,0.740863578186529
0.668420200656148,1.02160292482139,-0.287738803390478,0.114768608957572,-0.988913977273401,-0.900088559123345,0.756044058311263,-0.125098433137506,0.0957754646618618,0.620225801692833,0.977684630662371,0.327296954824629,-0.837700900315446,-1.27016130784419,-0.0894898288999667,0.0528690203017748,0.100245418383912,-1.31993798288365,-1.01802057462667,-0.697585455551362,-0.935417464891592,-1.46237788004432,-1.09355626473212,-0.451714550183591,-0.488649648952093,0.0723540344978257,1.09375081830829,0.319849016836977,-0.63311643018715,-0.855722905067763,-1.0848317545689,-1.62591329947498,0.18080838632039,0.301348795187766,-0.800678638833524,-0.0361267477225096,1.05257634183987,-1.19271170367328,-0.0853671053983285,-0.0534649489228013,0.219328713116155,-0.824936532626465,0.127524254338815,0.31386559802353,-0.750835459063712,0.767024414813951,-0.292505161356638,0.162754032820871,0.0211221422588459,-1.02191286442715,0.00691583578707001,0.743964814727638,-0.800339055023333,0.201286429402843,-0.255337484357928,0.618448631741742,-0.444320468165391,0.81785558004478,1.22866881334239,0.746745966298431,1.31511579359107,1.26323472476629,1.55078892634986,-0.472266213293316,-0.272920390098188,0.706306180611866,0.515170737936546,-1.15993968709374,-0.553685524904527,0.324398021397802,0.744542697318029,0.27575423986898,-0.478300187097205,-1.26561994154017,-0.793195978917463,-1.04025339869139,0.0139576550262186,0.547162622825167,0.748662197036589,-0.505972800712054,-0.142088209358313,-0.000409837863354972,-0.449534538040169,0.188793820030895,-1.13309540238729,-0.56924630904367,-0.886412635651148,-0.588428716568088,-0.572175039288084,-1.44335757608187,-0.308256636146484,-0.166601213135182,-0.43320310764575,-0.182476601872584,-0.390473675939146,-0.380923800141075,0.472578379363859,0.248023495983877,0.165609468112623,0.0701434845243489,1.57562689759908,0.743681704963307,0.835758338587331,0.676143379886176,-0.266221874713959,0.0570224158699645,0.241113426642879,-0.171090943038613,-1.22895998536159,-0.47125752432683,0.820695568691035,1.01710508733808,0.960857047612774,-0.335080736501306,0.905637868289167,0.448533747992342,0.0955672993055528,0.436101773387223,1.69726708062127,1.73769053032382,-0.150716405978369,1.67678071397965,0.992672189208896,1.05258545819275,-0.119150880676943,0.644448933191486,0.554909338657716,0.243742989031083,-0.02383738543139,0.630626455224338,1.3124965648921,-0.257513602903066,0.0309852255041995,-1.01000600880315,0.606344829958427,-0.0501075416484316,0.0536189735206057,-0.726423169567803,-0.25156630466805,0.23372901487336,1.0804681049907,1.05368085598459,0.985296991300074,0.265874640954278,-0.525715365621024,0.545346984330907,-0.342304065945923,-0.503438065820005,-0.601930383839918,0.10182347473766,-0.8933375890964,-0.551665197511214,1.08976234121855,0.0780006137268083,-0.987226759172773,-1.36403304196904,-0.166928093794389,-0.250013191967582,-0.986117953393937,-0.603824924436879,0.999595677788718,-0.800644501301945,-1.08241070892655,-0.856404044247128,-0.568620101694155,-0.568665466620232,-1.00098747003009,-0.3976578685513,-0.23711218673803,0.657281087428322,-0.524972037138619,-1.30652531023004,0.659987445692955,-0.729333726707049,2.14854595573753,-0.113433109387979,0.161421750212098,-0.577277462605703,1.96490491950588,-0.334625423520001,-0.289590439349332,0.0911729226905601,-0.0882949839440476,0.459106156436328,0.449389705942122,0.699560279510805,-1.31501356684575,-0.165181603447388,0.666848593939336,0.157985246614228,0.566921320007717,0.574071491944139,0.365037266518216,0.17013700186162,0.497232689569176,-0.0695250112808527,-0.10017316784593,1.25908174646629,0.201563309427092,1.28734926554461,0.0280306645035989,0.522919138593701,0.201276306217114,0.141488153404644,0.00878445226125115,1.51308438288347,-0.937722866348765,0.161952504221818,-0.280520793162633,0.82239753267624,-0.420618078281023,1.1316245349518,0.570048154294969,-0.509675055371958,1.81565362010109,1.14569301233691,1.87131003383216,0.715423444451164,1.2338205387822,-0.165536166244953,-1.03318475147582,0.492356619540859,-0.21253553190062,0.719819256884289,0.929181069179348,-0.220092743478099,0.702334928610903,-0.180329576916701,0.852761704790258,1.0496037154081,-0.366207293542272,-1.75341280606295,0.243411024779519,-0.0713377401550715,0.839001721858901,1.12198604368502,1.06421417046487,0.90273417740687,2.38202478072134,0.847857131352146,0.00161782090061017,0.86831229269495,-0.846003371117209,-0.0649661818560796,-0.146665790203109,-1.18954670919148,0.146517395444629,0.078138810993176,0.630399562344357,0.330606470251754,-1.26919391769065,0.474837742164189,-0.649322801605409,1.16640222345834,-0.119675144642037,0.281026961697531,-0.207176834815738,-1.2137442305428,0.21822490659807,0.106199685616502,-0.458967089708773,-1.20960435912308,-1.35815645602472,0.211156507786494
0.594264027714957,0.326269125411322,0.592233091866374,0.450201801745101,0.0296317803872142,-1.27437033154104,0.830275385888949,-0.157486705597869,0.478937224429928,0.246775016754505,0.727825211933282,-0.395504343094032,-0.829076339253838,0.706317518384658,-0.102148918999702,-1.59378083325117,-0.149629042455593,-0.87929839618023,-0.528645915536344,-0.529283981675285,-0.630642315102391,-1.08809501811228,-0.673226882933394,0.0424921316026765,-0.715653504627898,-0.187755447506746,0.88642217940643,-1.0722588897742,-0.333591485468117,-0.298347388123238,-0.522001546599414,-0.540313619321432,-0.0715018563601631,-0.450882086994962,0.173884308489236,-0.113011118154783,0.820808641945776,-0.824445197557677,0.0759354361377897,0.128324281920527,-0.561970944770258,-0.252273892944593,-0.283044498750922,-0.388188819995855,0.887572702105523,-0.52446561626107,-0.86559370998307,-1.06743684824797,-0.851701464674558,-0.673790932171774,-0.706989562375423,0.850172385995081,-0.868168244403056,-1.18234833982056,1.83230086143934,0.968132594745063,1.86249234542189,2.36241420230922,-0.121312739034591,1.35725013073884,0.143218772905151,-0.381933583762757,-0.148086808211703,0.580673782980843,1.57951495267197,1.6365350265826,0.370310987272339,-0.384259099756921,0.672368699758847,0.841700488176019,1.20618096504403,-0.247306172573215,-0.270858461737028,-0.35442113129876,-1.03210124540893,-0.545388388690756,1.06140989613673,0.424849246444746,1.48509094275873,-1.44476740351619,-0.31250688258905,-0.705175302075897,-0.533008192205431,0.497974020247333,-1.58401321499215,-0.495418144303561,-1.39449011220598,-0.517962869680328,-1.11320002103989,-0.609933961890847,0.248109906346583,-0.322688606166948,-1.26700440088716,-0.758254670998752,-0.653918510722223,-0.430308516008349,-0.764201743006556,-0.54678118032825,-0.869663724921294,-0.534020997716391,0.250503825468708,0.496054438492817,0.665247125254742,-0.171375384562501,0.314066792960272,0.585741339551102,-0.516803975455993,0.130063967870387,0.188740853060027,0.130466245207069,0.0628141037869741,0.336254577908888,0.376162622969642,0.564909425756665,0.379943512225425,0.136824657154852,0.811650936161859,2.22625410211548,0.448755608011498,0.501613688763023,-1.48108238347169,0.158403984178273,0.00636714223229385,0.517133892410485,0.177684008603884,0.202118940156873,0.154343913279945,-0.0899027800738587,0.253981783780933,-0.431918429660688,1.86616376775509,-0.967581384173146,0.214066897864391,-1.23307331157742,-0.858691345672998,-0.931211223994381,0.626621841903288,0.108496072735196,0.493575964777749,0.194166210388473,0.390198746743187,0.967114101755697,1.12653006938778,0.270689111207748,-0.243829271676023,0.187416161092299,0.277653538339928,-0.134792381943482,-1.05305784398181,-0.0435522777444671,-0.14762126209781,-0.232398851084829,0.295279931625802,0.30762736288417,-0.847662633759217,-1.13508467016068,-0.530037159307695,-0.129341289224065,-0.828396711040158,0.0583980781208416,-0.656789373365484,-0.641354437931405,-1.13004648087682,0.245237076903492,0.67560203802414,-0.886726831755093,0.104764441800752,0.243566303159378,-0.66167509295798,-0.408014094727951,-1.14697647181497,0.151516347850537,-0.829700336882446,0.227666758709265,-0.0291275709996215,1.41848871979436,-0.925682756925468,-0.600867132791456,0.289866351379539,0.424496934037019,0.157274463244895,0.640785176215222,-0.0628750538567106,-0.00503020481243655,-0.344638286481792,-0.977962665578159,0.806280086384579,0.248396775208646,1.07195266285894,-0.46126717654974,-0.754426383223255,-0.781753614012742,-0.864521395436158,-0.664489613565946,-0.687623999804606,-0.229746903805729,0.479057041692667,1.38256309746795,-0.818050769693319,1.71746800619108,-0.130686527913055,-0.5034652771028,-1.15722357690642,-0.650310527874042,-0.98769733083209,-0.133056318924673,1.70662215138882,1.79166957284517,0.63115337079275,0.906541858937058,-1.57439352685963,0.342135441371056,-0.557946415279873,0.46219619380498,0.625036221981101,-0.337672009542099,-1.15393703015594,1.05455617250097,1.12027422241714,1.76207165422339,0.0542737497964735,-1.86009521112738,0.638867721992927,0.033564643598163,-1.40124842008803,-1.28981239904371,2.03755450109457,1.90553055681474,1.37058347597723,0.63814892725448,2.11788128207619,2.19889306016532,1.17527115558057,0.934926970529993,-0.0393030601515858,1.40415173065104,0.690831133968146,0.421647090573178,0.84336407936106,0.675677191580943,2.54038146009184,2.21094097827706,0.0921915973274884,-1.27125282264986,-0.0195569700839059,0.29812351750037,0.819634179814122,0.758367235590012,1.54596981783212,1.16478654732185,-0.769805586324716,1.40342418640926,-0.00727397583796674,0.277876779890449,-0.391888921904174,-0.682496517679375,-0.638934574680573,-0.518702375394062,-0.896667455764018,-0.908097313123387,-0.366574706478722,-0.0269246697155585,-1.32108711373937,-0.820718846936903
0.100893239082609,-1.11720610408545,-0.116100337196673,-0.330219425062943,0.0125229900510947,-1.08941792588464,0.253369472364731,-1.02228564892625,-0.308457850247191,-0.424268198473027,-0.403796830876439,-1.23155432733405,0.724892553893668,1.15148950068619,0.322380455180494,0.305156861212217,0.783911144382396,1.1686142299918,0.959720298578794,-0.522095239240344,1.61476712890193,0.959775121939273,2.17516000167915,0.861910593054781,1.29127724711364,0.0681287445695623,-0.119207562948291,0.229789651859222,0.197650050904208,0.48446899352271,1.76043154591167,1.76600494964755,0.382781265736731,0.898514112689494,1.97610494251175,0.0724670426480651,-0.197840909414546,1.29303423583589,-0.441996408166884,0.0818393040406115,-0.206427057365383,-0.231830333049293,0.420473302135268,-0.40576890574106,1.04220108823978,-0.957636622101193,-0.27169181659269,-0.192910020209356,0.54187509996799,1.34655719567785,0.427581881160208,1.3242584341977,1.23180049748143,0.174188251027982,1.39019492826055,0.975805341283759,0.123486525196039,1.90505246618413,-0.520994592155354,0.936065734622799,-0.545333688015093,-0.655782296788924,-1.65648104660914,0.386361913338672,0.853512008590528,1.00979373777251,0.536251080609284,0.946020973722801,1.38845456654729,1.11936107529228,0.303194993668193,-0.369761832031197,-0.913791172485355,-1.38547513862395,0.434034294159233,-0.0609771140535877,0.628804262040263,0.733447245863463,-0.401525224240944,-0.470593385531259,0.46708735530422,-0.610647625754762,-0.293967005509844,0.393092423100862,-1.61324744536475,-1.2630554083341,-0.505744889577227,0.00439527466751137,-0.229016306485674,0.0262673106556791,0.708525100319398,0.253239038075073,-0.777776941006964,0.0107832831480943,0.117182654689943,-0.363555026147577,-0.161384648343771,-0.316632690348727,-0.110901031031263,-0.15820315150411,-0.0102242601849915,-0.561709158840547,-0.150161545431228,0.0861253777865982,-0.0121771401307039,0.0929219421059608,-0.255398972474603,-0.102767445545299,0.14187392172973,-0.16642591718321,-0.114543732176837,-0.255355497184539,-0.38100754652468,0.0144473272749006,-0.23266590801527,-0.268710013057858,0.531495822423521,1.32031537630289,-0.509497076196361,0.231063930848894,0.15508878150081,-0.7691249050456,-0.162446978409649,0.0328118462615098,-0.476002795987901,0.0172809462850838,-0.338069924675151,-0.287999391213304,0.393141870517894,-0.165823075333537,1.52777128914835,-0.896363620945088,-0.269053534372319,-0.655587047605966,-0.433047617418115,-0.500446970668554,0.606278240952129,1.01561179196324,-0.336750287670905,-1.5918188691538,-1.23306570277209,-0.690446590955501,0.11129207237122,-0.452129889087213,0.480886411530579,-0.108211269431572,-0.279046830764005,0.566835141168036,-0.635788740534328,0.369904179137123,0.875188400723483,0.760900274229768,-0.897323863536493,-0.605692215770298,-0.250425949970011,0.0680620038506248,-1.46297565439942,0.0677007261324465,-1.03315938022708,0.51711175040726,1.35091683761914,-0.558643359557929,-0.189026094911468,0.748680298785648,0.311615765770608,-1.3978337324516,-0.414971849111639,-0.180402600124047,-1.3238100213135,0.377008138025262,-0.232103081021965,0.36517714053401,-0.47753841302971,-0.236221953775148,-0.47888867448209,0.17443793423729,-0.562477113348508,0.265280468633098,-0.273662956873215,-0.415353836759357,-0.109379552047448,0.251171993821668,0.301060958791932,-0.825780155254482,-0.696278585909706,0.12845091799578,0.509342971412491,-0.644136128651967,-0.952926620807791,-0.410569181129476,-0.503308844124043,-0.109281472175645,-0.286178510440334,-0.433869383112121,-0.385688773792126,0.73824995381226,-0.765489034470071,-0.152240962924259,-0.302646655580039,-0.847551554781992,0.297126908535046,-0.133621043031175,-0.609891322444611,-0.75806973341732,0.00899389396761538,-0.298538033037626,0.164823890499321,1.01395850510818,0.428453408154447,-0.0137916146375319,-1.26508974141499,0.454164039869324,-0.222301991201608,-0.256991904400881,-0.110371775863927,-0.505267591098833,0.00516693892042634,-0.619222669370084,-0.609122377770832,-0.194474330116608,0.536527180787529,-0.563426835133182,0.407210702266323,-0.337076437808378,-0.0308218745744875,-1.25770498612311,0.843170644559937,0.0387954594821276,0.137326431864971,0.703666550244157,0.731626546877878,0.271475765187901,-0.146548138683308,0.730298972037002,-0.555098274498463,-0.157819241835819,0.907143137954034,-0.822531794979396,-1.0443845060196,-0.575506497429202,-0.698501996265454,1.23735111764236,-0.23182472192993,-0.426571298113325,0.0345689799920224,-1.01203436606792,0.0198671955863674,0.535068981690386,0.136932659853482,0.728358946078166,1.07310011843869,0.0372903886148701,0.0764691710864375,-0.0459235813837793,0.216557756126942,-0.129197630969462,0.581093993874007,1.16409483113944,-0.332426136235951,-1.14838433628957,0.639870896493925,0.184829812622574,1.62240582707201,-0.0401820710792248
1.96059389369026,2.11964935435043,-0.478419210170996,0.250611546746423,-0.75147972443404,-0.620399850461512,0.605277674489946,-0.474467539532449,0.610562998686101,0.783927183283921,1.25883969261667,0.697296743175622,-0.94029182234682,-0.874214563782292,-0.11907800274514,-0.372502653424578,0.138426120068787,-1.49750616991566,-0.0911908343617045,-1.2927834111575,-0.905461815819086,-0.619660482526407,-0.0816318771832235,-0.620673238847669,-0.627181653903387,0.763187995798481,1.16394348496338,-0.674067882979548,-1.35670567658227,-1.02557729906774,-0.211002653913584,-0.638699458218398,0.0462729446934044,-0.363869822913299,-0.271836892703514,-0.532509657462899,0.982648799131923,-0.24699258790991,-1.0582122495971,-0.279932980136878,0.753476558882203,-0.898198825892688,0.875514287025314,0.840395817066272,-0.306142565614909,0.894951181403119,-0.883322176122475,0.748734936050813,-0.176057798670264,-0.7238925136344,-0.437815667540955,0.537811384567358,-0.564664856401629,-0.122038287654693,-0.464680003406909,1.03074548628448,-0.261687242156081,0.0299912363643851,0.744214209578654,0.48818230728247,2.16736172749067,2.31819383947028,2.75543189771137,0.370870423045827,0.645517650388668,1.02627303008154,1.1888444787481,0.233729857438486,0.103648990012617,0.337839575393414,1.37655988344685,0.871106502109566,0.934019563850041,-0.959856112701777,0.265226199717821,-0.691308311248469,-0.0606182489121941,0.418513999980108,0.281112400278106,0.601291516097102,0.410405389826811,0.310017718663567,0.237074047934052,0.63404553325572,-1.41222452216924,-0.911693858405631,-1.49802964736897,0.0188398093217274,-1.44095966470916,-0.645973288527688,-0.0372384964944603,0.593300283147853,-1.32598275373404,-0.355325073378467,-0.381593168669709,-0.141531731724494,1.03495189303815,0.108128297725042,-0.0687285600479672,-0.21029902459554,1.44125819521096,0.733976084065402,0.750977446721721,0.709769223880696,0.209326129725405,0.460266849107587,0.0757987579999135,0.0348420729544512,-0.448690897049896,-0.199505523386156,0.141565397881526,1.04908653954228,1.02776941926367,-0.154848363933662,1.50312958423325,0.584473947073067,-0.490865712388135,0.172558789840989,0.928687271517569,1.93182139272181,-0.801522144936072,1.1492392126159,0.780818192024812,0.376418048735702,-0.0446617356471008,-0.578246772041392,-0.203714064305732,0.275481144183886,0.0766631343185042,0.713128445036943,1.07355471420725,-1.48606042304294,0.488591407860709,-1.17673407639468,-0.244555932471152,-1.22033061996771,0.69413661045887,-1.16359837799325,0.0114663943151283,1.0343582208182,1.85709177072163,1.92219053594033,1.52342275868634,0.545840724256156,-0.185670187881852,0.805644762260858,-0.542914962672745,0.0211321175494916,0.0271674958092587,0.745558988441177,0.0304366311309129,0.0566352809761446,1.80987519569475,0.615539221918887,-0.529666134342351,-0.809800770342404,-0.373147330696581,0.977196069733065,-0.179350088595584,-0.307310066798446,1.40546084016738,-0.434394549543272,-1.22446000268946,-0.591375983670833,-0.087982338608531,-1.38396661019169,-0.317783857629429,0.561884293037583,0.63888764648263,0.827312599767528,0.457782202589222,-0.773267806438417,2.4226104891086,-1.63597876952933,2.21429580358199,-1.10961544795569,-1.29881077802673,-0.860048698311029,1.11006225296863,-0.73505513277159,-0.142551530539654,-0.546360024816683,0.357631577245811,0.0882895259155083,0.668040928631275,0.451316733885623,-1.21630556480087,-1.11751430235188,-0.0921281050175606,-0.151670622546421,-0.255771854574481,-0.126831566827212,-0.187179204493891,0.37557482224693,-0.425314048077881,-1.77910391256665,-1.13191892348161,0.242709252633719,-0.192759306736942,-0.37210345892884,-0.345013941467116,-0.0860090137466676,0.0152135273267674,0.306839915305125,0.188239099698225,0.784167000286166,-0.574278210812413,-1.08232497226772,-0.680827469137085,0.329121724504466,-0.653482657033781,0.741573239360544,0.136278423402067,-0.282044798590762,1.52009437414256,0.63722521077774,0.556270910699092,0.101752891777124,1.25034747308957,-1.46389558017394,-1.46167333813866,1.02773122824728,0.408444798971469,0.184171078481662,1.27419006888585,-0.348715144761732,0.0798052111672438,0.700848542865269,1.8415866092728,0.253642251900426,-0.091804979005,-0.849044749492253,-0.425902120420091,-0.876941627512408,1.31169999915421,1.54601428850762,2.02951916711674,2.7866277248826,1.72831415937482,1.29670647877415,-0.116665060822408,0.0454276445727089,-0.793176606090124,-0.787815482217255,-0.339168253375666,-0.558440051412198,-0.6306286261442,-0.706510087285958,0.265875793247006,0.15202932764139,-0.723800084575962,-0.264388625809616,-1.06123632139969,1.17094108955043,-0.194354163880747,-0.147553855758913,0.382163256437005,-1.22259832633385,-0.0604525786726767,-0.71052012529557,-0.325088479510574,-1.73413877672762,-0.348928934418991,0.0913117395079764
0.477570307943993,0.269298948257609,1.35139040484096,1.12254075358817,0.408484893207468,-0.168108357510148,1.276597197932,1.40119094565943,0.353641885110684,1.45890913259226,0.91558426974044,1.09966189604371,-0.415153104156704,2.10924608288046,-0.594766379310862,-1.21739626643044,-0.0260413861651664,-0.832411240331485,0.101687671411422,-0.0291800293314158,0.0824647404164193,0.147273372367844,0.248492729579554,0.85510002874735,-0.0875641090752938,-0.511792488292281,0.477737318585702,0.0846061234935109,-0.10194855837068,-0.495416431816423,0.0703171901719749,0.066953508647012,-0.230835266260166,0.0868354344800848,0.620170339567816,-0.131270485136899,0.585619734920471,0.0287058097649998,-0.407512950900704,-0.219878619086023,-0.537688496909036,-0.540373880952726,0.404407116605575,-0.604243911404234,0.239317866600733,-0.217948012616921,-0.388497690809557,-1.01552686263193,-0.220203937676747,0.00932321971142025,-0.207116074446611,0.602172629751765,-0.313065719896781,-1.14659506355776,-0.115088636890078,0.521058845790914,-1.46929730075792,0.934591052649411,-1.45428578202944,0.347198976538385,-1.51369027768199,-0.230868017633458,-1.31157441466239,0.731358220238747,0.6817619048961,0.152748045867401,0.633049873408686,0.362097085696182,1.42450188638473,-0.510192695176307,0.121794880738492,0.53270503842526,-1.29588201335442,-0.398595951529454,0.624234548730488,1.10638314228528,0.514324131345479,0.574502545663131,-0.545854989780517,-0.451455702783877,0.709854851406677,0.927730441740616,1.66255412642063,1.77792536062034,0.85629495866845,-1.06551734989951,-0.307185538934645,-0.356188749206845,-0.489539926080431,-0.0150657922434914,1.35548415493397,-0.054913546104819,-1.19306444872038,-0.75620144582176,-0.820006306845711,-0.609741691930289,-1.40497108762753,-1.26889734986885,-1.35388788608349,-1.03188277336506,-1.11388534071244,-0.384358721161053,-0.525135718637351,-1.0978413641864,0.377270847317904,0.366702058875075,-0.227637457932751,0.317523279170394,1.30776966086096,0.878029168040438,0.666172493735612,-0.447072009493279,0.840941378364467,0.275982233267512,0.584991799484794,0.74452567622139,2.16863705406987,1.61075315342114,-0.707293712048534,0.105406713050772,-1.40216108457693,-0.222677581923436,1.17190767565018,0.490483251581912,1.18117771266059,1.70102689938139,-0.509576030151437,1.04029750009162,1.25422498430979,-0.974425629406622,0.757390795810549,0.610607088888008,0.729481909548207,-0.715961929844453,-1.06831881951289,-0.693068667537953,0.408730986537218,-0.0645884637599852,0.71813167490861,-0.203625552804131,0.367080692624396,0.31194953732015,-0.118952600541451,-0.428122751349295,-1.15895867561218,-0.810823328297907,-0.598696794090175,-1.17725505962239,-0.690099088937992,-0.321048131879567,-0.853875984780214,-1.28326134416799,-0.439327304545835,-0.418274191636049,-0.530696960345662,-0.766249270392641,-1.68162423745616,-0.250367055657992,-0.887160488445063,-0.3437909481798,-1.64940599240336,-0.755175252463261,-1.06131007197299,-0.289187728848188,-1.40568534592119,-1.00317529582521,-0.461069974910085,-0.0433442612403547,-0.609462353254758,-1.43552346587577,-0.936606772881235,-0.537573089649797,0.281244091396616,-0.64832301224766,-1.94304072415276,-0.581228588574466,-1.50381221895125,-0.380534479434247,0.16926988499089,0.892430100620643,1.68969275894633,1.00917303746244,0.307676490282902,0.726262034571287,0.455830362233951,-1.57102694647399,-0.361914752566791,-2.28289163683681,0.51753350000228,-1.0520508926615,-0.95858610565719,-0.682049615275663,-1.03671175742164,-0.390243850227062,-0.599980014965251,-0.369416759039567,-0.752519980916576,-0.828358276586004,-0.437182534272771,-0.467898037753056,-0.676799812369973,-0.787101861520869,-0.931841531966366,-0.917867109691328,-0.771015517989761,-0.661290425800934,0.78935073346557,0.0401598006871076,0.856728829484157,0.346784184102881,-0.337628678831865,-0.912379841666799,-0.755605123275535,-0.92613045957913,-0.905989598226983,-1.55196310410498,-1.54980360367226,0.226284489931438,0.23974694564307,-1.43295444339595,1.46365720981087,-2.14422087327765,-0.160475175660838,-1.38323433007785,-2.96080773259,-1.90985942710442,1.01322041393603,0.308269031730186,-0.764692405326281,0.888860264133149,0.109740378347047,-0.58573811059075,-0.270948228634424,-1.36762927767848,-0.399441657326285,-0.61429083501925,-0.697137524688013,-0.482152723001499,0.613895919214026,0.272265164989251,0.168158577903476,0.217033604436613,-0.051023128858964,0.163788450993707,0.970846845472211,-0.48810733519451,1.10178886022147,0.882441741159361,1.39119636399149,1.12061767363402,-0.315056666844929,-0.389751993233176,0.143790689024129,1.33785379135949,-0.429175416922189,-0.501413725734243,-1.00047725849493,-0.246554307845133,-0.898344791344279,-1.01600041860494,-0.295006119478626,-0.00991777259969717,-0.0583699751097563,-0.814242924752252
0.266502785325444,-0.222074892237244,0.150038555594831,-0.253601536392323,0.447622061725574,-0.469679257703111,0.125567223038019,-0.162651413859143,-0.395033279875858,-0.0659128554413546,0.0293443159380472,-0.134276987174484,0.343298149692573,1.79205818799274,0.206843140589682,0.0183518738790578,0.454177599035142,-0.0227655073696687,0.848029369295001,-0.00616300723470958,0.720441288847055,0.259386593077064,0.661159130551331,1.11529045628475,0.826262471783095,0.145540331161341,-0.771314635845082,1.45115669948896,1.03637879080057,-0.265600725699159,0.422957990690779,1.17508003162287,-0.000263629678620984,0.970783631600808,0.818372607533452,0.872363560967209,-0.924610519224933,-1.01047666293017,0.76504676151455,0.675456629229815,0.155067760090161,-0.534688964038405,0.533916739561987,-0.383874791167291,-0.123203214434252,-0.588880758076406,0.551624035232735,0.0632357520860705,1.16230115271193,0.897926237185268,0.329915991300188,0.0609726207660009,0.806590142948909,0.323472519844718,-0.0136877185305259,0.165086474397308,-0.624898085273865,0.0359957362478473,-0.62749237655344,-0.142786575517707,-0.970973988762238,-0.726710292152097,-0.661441984331181,-0.26008373876187,-0.893339995053596,-1.13760048762966,0.667853623042458,0.584596867317379,0.538510674947821,-0.779421357017908,-1.05131281115021,0.0146588042483114,-0.398888523089649,-0.729401510754841,0.24671464346704,0.681812813444745,0.0936192334719797,1.52823210943245,-1.76519995330088,-0.448811041954198,-0.00221879911924999,-0.419847563125797,-1.18031398350212,-0.0722634285120219,1.27504289669255,-1.29014123082458,-0.297289523415347,0.0861087277482763,0.297357701095912,-0.197177451050735,0.0466724635855468,-0.615563564931369,-0.562499016024543,0.445755409693421,-0.392966379095245,0.000712143725932057,-0.352287012034309,-0.517641395313981,-0.454486583574304,-0.279303510152118,-0.561654567699655,-0.713797708091973,-0.713460969632379,-0.652427852763705,0.178988123258489,-0.088174176725436,0.735618607086066,0.606093285031578,0.845047114754369,0.627706268267701,0.501707739147237,0.140777251707686,1.043434557702,-0.211796629105369,0.205779510240096,-0.512612735923448,-0.683838853112633,-0.619519338056114,-0.290861195716252,-0.898147714059499,-0.456906064773645,0.399048550043676,-0.482454549462649,0.186612763239728,-0.838636745628419,0.365087310523708,-0.272511963755562,-0.527240244357026,-0.0590537674621854,-0.338339571091415,-1.1084119489116,1.89073088923458,0.416127249628591,0.105580254743247,0.906185924159508,0.521213868842854,0.797252344615835,0.168264955024146,0.12803259960109,0.382140845889019,-0.301384787787959,-0.0216892500801494,-0.939171696043398,-1.54627867719758,-0.300555254563428,-0.0891241577478798,-1.52042036169689,-0.322756669567239,-0.737694763174057,-0.5771265584006,-0.972417518565939,-0.689835446287935,-0.496608333408544,-0.617253149384884,-0.0848358068298817,-0.301182805722098,-0.90440035904559,-0.628894765246684,-0.20043009866132,-0.164264431889848,-0.552746684769552,-0.332063169599496,-0.0370263773508935,-1.01578305941214,-0.0587697550328744,-0.28756981532474,-0.10573230148238,-0.517093490571593,-1.13176349502532,-0.149900780953126,-0.404314871579135,-1.09570677621289,-0.687031370680138,0.1692727946898,-0.322034172986925,-0.252865829462307,-0.669096408423266,0.598917080480435,-0.592522327384352,0.511043192870015,0.780148672836738,0.338235623274756,-0.516336265590152,-0.218343933308422,-0.260958955617052,-0.106163515862412,0.427050554741811,-1.23225197890363,0.588570766713025,0.278812568872433,0.267906655546111,0.663824254479638,0.117356061819885,-0.089862634323138,-0.277125484458167,0.909450437452309,-0.432306558397407,1.29797816597949,0.675547617280291,0.618963975849638,-0.150562760012443,1.16403233640402,0.689259219896718,-0.27638993609538,0.193721072354885,0.170052586109898,0.35024152662752,0.123774861702509,0.574025054832741,0.600762473002102,0.489233067074002,-0.352662475788255,0.184564380556385,-0.599328168224514,-0.433811193547394,-0.311200232386988,-1.12259130258121,0.267822058716324,0.591826653190791,-0.815613197667388,1.14199068458762,-0.44814050768807,-0.928923772718557,-0.968777666739262,-0.836924780619649,-0.18624981441306,1.05909959177732,0.065857233919144,-1.2629942090342,1.16805758818255,0.0834171581236664,-0.289284988418666,-0.136832640931484,-0.852754774085011,-0.429063897444827,-1.94998896645528,-1.85712946163184,-0.53270778744604,-0.890370348529237,-0.99533353041457,-0.651352634555502,-0.446418187070227,-1.31566136167041,-0.466168008448674,-0.242294412297551,-0.624160638341105,-0.151654961523293,0.0921890282112974,-0.483344186864667,-0.343988580449093,0.250195096777655,-1.50193741068962,-0.38436608410399,0.0889488749872691,0.554004750101847,0.024042535873043,-0.766411580319065,0.55057613591162,-0.0439036578270766,-1.07421851510807,0.375298937213343,-1.35906476572302,0.285357796087427,0.266920910995102
0.657048267125736,1.30719353361922,-0.0480999069203047,-0.0293051292604701,-0.176733290321403,-0.37301769189347,0.0875315943344052,-0.427459269551599,-0.542685218905714,0.185042955575822,0.83018513221735,0.134569021101191,-0.370140459735323,-1.18137923733158,-0.256347541247554,1.19002231424768,-1.04156249650804,-0.0350836824480683,0.495092166718072,-1.14924816341759,-0.238351073909344,0.146078286881585,-0.148335168507522,-1.7067856994157,-0.610494671773074,-0.773989870369066,-0.115504996121597,-0.875375272357867,-1.44623723776807,-0.214435331296604,-0.376480415750939,0.662638078243287,-1.33118239158522,-1.18121686346829,-0.328670598501945,-1.18870304015131,-0.75509715370731,0.0104248272865129,-0.915190308475108,-1.27153829810077,-0.380826331304295,0.312019384115627,-1.04230531473641,-0.123297346351581,-0.557630983078823,-0.823180514984613,-0.605212186872765,-0.88224558772525,-0.729351627114832,-0.736009606714835,-0.224520516264384,0.300827412682244,-0.336897204520328,-0.208870369122104,-1.12699506792867,-0.118448926211332,0.184678933752741,-0.128304559995112,0.920237767477656,0.791070771357629,-0.00194894841621867,-0.798688938025498,1.7500104825718,-0.159559902822399,-1.21148348288146,-0.65747181698967,-1.52697295772269,-0.190940101651723,-0.808683280022378,-0.280674710652937,-0.730015804876674,-1.99565642570178,1.39680430735281,0.228278767326802,0.462720984576063,0.14928751473863,-0.50708433640426,1.60719367713724,-0.422722205283355,-0.762000995364519,-1.77719408204599,-0.874505609104626,-0.0432155950728074,0.538403404941703,0.869349881899836,0.594375850450493,-0.146715878879672,-0.635714754569783,-0.414379278796155,-0.397611244779018,-0.813712003357486,-0.941539391748827,0.960114871524155,-0.786078131223883,0.217441419722447,-1.19713451390957,0.407878258028597,0.571591602871748,0.350949308246848,0.0189863109213761,0.104782569030751,-0.259465018535148,0.215473650552403,0.652290205333117,-0.057712113104227,0.274938959036653,-0.335529498702527,-0.137841138262541,-0.777122085003182,-0.883100127583991,0.177712812737369,0.532110288873227,1.2529036488844,-0.0932413106285311,0.0531903557182203,-0.490792782270597,-0.289455408744793,-0.614927788490166,-0.633081579798886,0.663712935781464,-0.409585039537379,1.46555703403685,-0.14346600404857,0.453545772022326,0.00904640757564896,-0.771793301717163,-1.49883883276195,-1.06927042397046,-0.813137902608309,0.368944381496515,-0.641252186433138,0.686802627857363,0.397049840635363,0.154300088642099,0.0207295894908628,-1.45739477991653,1.37558160613472,-0.8536413546682,-0.0585671060420643,1.63835222785725,1.29094118524928,1.56559035948276,-0.840291861140026,-1.09797093605774,0.555729355271196,0.722634523282798,-0.636296235928493,-0.474643068182107,0.523004029012469,0.590669244106883,-0.5345870056704,0.086460281733874,1.06862766881489,1.05146445112307,0.365420905481826,-0.00216230217706282,-0.673833411724372,-0.763826069973748,1.26424609726481,-1.28633538761953,0.417462516233049,-0.124144811802713,0.88162248897996,-1.33169303421417,-0.552200113414698,1.4907486811702,0.769163661755994,-0.588193903041902,-0.7560696419355,1.20575119137083,0.202357510728044,-0.354285750854376,-0.11224971103043,0.590850484374886,2.40731230149082,0.348919396463862,-0.661061525444755,-0.976662806092819,-0.0943035715323366,-0.150683468653162,0.566825688205478,0.72930446295693,-0.503001048972618,-0.865876743557651,-0.741136517754311,0.765410195427856,0.940904172152357,0.130863057167839,1.57138626765791,-0.989360610467321,-0.576933852836212,-0.906050375413078,-0.575154091638205,-0.540938017253687,-0.357985646237093,-0.245449157715151,-1.03357847070827,0.645401496230028,-1.24755693749175,1.24310235288973,1.50093460823542,1.14777133323032,-1.26752159486918,-0.459593268700668,-0.408073914540177,1.26882254295942,-0.154480878036046,0.12760132067915,0.840332318311695,0.973554104074753,0.14988576946637,-1.11079385030763,0.818750762070114,0.169646929250252,0.449334496260508,0.816445534010964,0.148848436191934,1.27525331235894,0.767106855145052,-0.609713587895826,-0.564887853913502,1.76350404524451,1.16633394407984,1.98723898686519,1.79081564635372,1.78813046571756,0.537897893190937,2.78550033141662,1.09431029039918,0.942818977332451,0.624251149434089,0.107838000664492,1.75510601193364,0.194189247045974,-0.233114890742469,-0.64119733861668,-0.600046991065213,0.288979682361683,0.756599147587075,-0.657667476641798,0.0293512322094684,0.45785587300084,-1.39521620891112,-0.54094285534945,-0.919523316666271,-0.540562575628161,-0.98315688791904,-1.02252815789481,-1.06608958400232,-0.609345686644681,0.236628468540159,-1.2553091864649,-1.08420540526235,-0.325630069274432,-1.19737695234575,-0.817795646556873,-1.17079681706095,0.577904658103977,-0.861820926607645,1.10448664421685,-1.17153136430731,-0.517813126696239,0.0407092586716187,-1.27773137928309
0.0851231106794502,0.162641032296999,1.77837641060839,0.688332643895123,1.31508753453274,-0.522198320654201,-0.131933531827605,0.769641394346169,0.113796874453225,1.11491020867904,0.682973805637064,1.40341091741276,-0.628134607124209,1.21603771135514,-0.837057829392265,-0.901870755708999,-1.1669370379598,-0.0875144972528044,0.561677377208373,-0.0833096055262029,0.249206083584638,0.748783856347222,-0.228873151532427,-0.309487052542919,0.154817871826841,0.0866780119052408,-1.10410370054068,0.0551498064681186,0.731185149672255,-0.742014056485291,0.505931915800624,0.665908496446871,-0.503876854931812,-0.65588752266306,-0.234030466942219,0.507495801590368,-1.24407101663806,-0.174951588957114,-1.14949475904937,-0.786762900324624,-0.505996243239011,-0.300673852597885,-0.0989015742587343,-0.206476848404396,-0.529666823444589,0.931671476699816,-0.154603673478083,0.364490636106877,0.177030925617107,-0.565866789991481,0.120378473242387,-0.410261841620659,0.354110367185199,-0.666835485938926,-1.21387325049107,-0.681182350192585,0.108467460851546,0.444510268223768,-1.26430290021851,-0.709919030122145,-2.2003993385548,-1.01243738855761,-0.650643977396843,-1.34846842108727,-1.0243375514081,-1.85565296937462,0.335849449249485,0.574640652003078,0.15413542061093,-1.69988150678672,-0.498271672267284,2.29829875919207,-1.85788144101588,-0.659009647038438,-0.377310180387184,1.01456561604728,0.216258773077347,0.586245593025351,-2.66720510904582,-1.79363443090571,0.369196476678145,1.06013295176474,-0.394309886088037,0.239770721412314,0.602579803202911,-1.378476458414,-1.51132601330663,-2.35342033149881,-1.18334108402892,-2.04040978324381,-0.467595307861329,-2.19355198042897,0.266216306820117,-0.906768968440559,-1.58655017211189,-0.972683857688075,-1.52579252352095,-1.10686021847238,-1.36748849225318,-0.667591188178696,-1.98620221064097,-1.24368090271759,-0.789058323733857,-1.39604359411356,-2.09598913415235,-1.52629871596195,-1.33381765893979,-1.11162302518337,0.0567645114195156,0.245545568574501,-1.49001057559249,0.0162211498065296,-1.28980970163015,-1.22330310671291,-1.19831081475938,0.149945130108536,-0.0281597910492666,-0.802139847019562,-1.45051642675749,-0.894730452786555,-0.268973936897254,-1.19855678646532,0.438893529064218,1.27217706876772,-1.0312222697573,0.717431824979419,-1.80318377674702,1.12917836966798,0.854062871882544,-1.45390552470053,1.30078696227976,0.567211977781213,-1.56661071310255,-0.178695866034645,0.156462934468279,-0.997154213451482,-0.340361369881423,0.593238153388779,0.618020632118284,0.890394824068504,0.715273042051154,1.05377590006245,-0.00851795148889925,-1.58730557592963,0.723271414603296,-0.508469601249561,0.388524551053132,0.11369634264145,-0.347852521725687,0.655069264367949,1.0057280387839,-0.284664382986996,0.0255180693248663,1.17614283368072,0.688747819590916,0.699828077463131,-0.863409978106399,-1.75477926095356,0.887128296492599,-0.052159756129192,-0.361473510440717,0.176864675165476,0.24430650980044,-0.478688645415605,0.0243108320585959,0.495813343941527,1.26929340445567,-1.22000985286286,-0.494948560033813,-0.105280444606456,-1.92282558575952,0.853996804794503,-1.95133757332295,1.20065439146113,-0.503081715684213,-0.527291051130863,-0.831486284014964,-0.0692060742049249,-0.466724311213366,1.82160209898114,2.38447299139503,1.64697905998167,0.380525236297932,-0.230362876610657,-0.535178756434539,-0.142810713317393,1.14031440995636,-1.47746890346964,-0.519515262687227,-0.17407192487078,-0.920560759343646,-0.167144478429624,-0.211035446508774,-0.971266079460066,-0.691273037753222,1.48971263851862,-0.022034487831407,0.505636215903726,-0.332517062649845,-0.240911078653439,-0.0112492832385055,1.14269012407079,-0.652015620227341,-0.253523463291359,-0.0253892449947231,0.577996702201725,0.975539239788009,1.67171932118673,0.74358702946402,0.238057624304484,0.753172957257859,-1.92331729807439,-0.184610390550519,-1.15264978003348,-1.72947164771893,-0.83324364878532,-1.83470589310088,-1.07867778096374,-0.241457009944111,-0.564165636398332,2.0302663745611,-0.257452332667215,-1.37489671753975,-1.22455720827737,-1.67862938636923,0.313604511298426,1.33829451986155,1.69884631393251,1.66994478158035,0.612517255656352,0.944073147025408,-0.0116211990274799,1.62263972146116,0.928888722205177,-0.719849985454632,-1.94094073741678,-2.88920819789054,-1.7167021057047,-0.963153134965046,-0.652726228617122,-1.2368699734714,0.48632330275672,-0.809690807150758,-0.805418069074726,-0.918682346398789,-0.920235836778588,1.49955532352115,1.08457252149747,1.29549326953462,1.32872086295754,0.0757888661571428,-1.12888408892118,-0.696297789990227,0.373669933412833,0.055279805837683,-0.246315147186539,-1.05287486265318,0.659671966796888,-0.638605467824707,-0.375890557709269,0.642837984014537,0.42198289082193,-0.0312876795759206,-0.24427307967999
-0.133057773072612,0.125534570311739,1.94066347542657,0.258164155471001,3.15927877494207,1.35733557098006,-0.737542614134397,-1.02949226290391,0.0182389535100702,0.133805121192387,0.206781152409629,0.350025474059668,0.086655642761869,0.0140798376380141,-0.160128130897091,0.0921450085766119,-0.878413416998603,-0.0818287124612277,0.482073553922859,0.790420852549241,0.119354432647233,0.640023587843584,-0.226024878157794,0.0367894860384904,0.182366433379644,1.0982561681093,-1.00398962721156,0.0623675501929962,0.703584799953188,0.15802428564313,0.103858201655249,0.812546061577561,0.547932312823924,-0.407752635145201,-0.0703025051216761,0.96533222260888,-1.23175892687135,-0.6956949713015,-0.0215354414784139,-0.511585056816071,0.506396229026486,0.762134701362687,-0.79777054241941,0.361263185874194,0.013340563895681,-0.940261760948688,0.11662931522376,0.422051963299044,0.0351145985577549,-0.035387313940489,-0.116101680674124,0.168772617208094,0.162577044334069,-0.124636382891884,-1.03533255797552,-0.417709399175505,-0.970191986863418,0.403318088253472,-0.395168971579515,0.0922190990566101,-0.427565235145313,-1.10869291882739,-0.132537537343727,-0.565685562316413,-0.664502277363735,-1.92499962322598,-0.831796622252913,0.485901239684943,-0.311800507022854,-1.48179299561314,-1.15895302416398,-0.388317483378427,-0.23678261633937,-0.401215756003036,1.56376479943609,1.39772540440257,-0.14152090085256,1.20234670436695,-1.72079990648959,-0.945965402253329,0.268921146965296,0.7593571227591,-1.49543731754886,0.197544350184084,1.34401633122524,-0.504487313556185,-0.858689647630704,-0.415690626212404,0.207653939158015,-0.0243423728817629,-0.0619377630951314,-1.16637238907169,0.856097927941369,0.589409671920684,0.336983495625979,-0.305700463613182,-0.865387187136354,-0.569859983291149,-0.5050992795588,0.138892279029275,-1.30694600092211,-2.39591377942412,-1.50284039902036,-0.893778056053865,-1.26852451538872,-1.65532834110211,-0.300915021008875,-1.29911941193315,-0.298978429683279,-1.47883881235786,-0.482925924047195,-1.15316264429745,-0.825533121642879,-1.54759275584573,-2.49361450363298,-0.0220833578070176,-0.182909117507765,-1.14052293134472,-0.315963486111445,-2.49425378189975,-0.184303134768158,-1.34916317179268,0.0924574307596869,0.282736680443812,-0.45504743665339,-1.48429069095297,0.282303474629808,0.223267659097585,0.54734509141917,-0.389904600172886,-1.5370504393761,1.94859057372336,-0.149671633780731,0.665520526410789,1.14267533383198,-0.301843795656036,0.385786550117619,0.835479403335872,0.461320543610925,1.0247748852438,0.45865303755664,0.0832748339561657,-0.956773744710764,-1.24115874450248,2.06588335568935,1.30675795167408,0.716475892519344,1.09103301910875,0.552792680066948,0.0294097656146243,1.02802716038232,0.244628104726503,0.456889510634654,0.326303986624672,1.60345555935598,1.3265652680981,-0.27332229997884,-0.703213324194241,1.86121127282672,0.332413031375627,-1.46541282398688,1.00471024832171,1.83126730530622,-0.529118032086551,1.21917830415603,1.4808629078721,1.69895925222417,-0.576087684806662,-0.153042574541089,1.135815530021,-0.078800878329922,0.76800886705301,-0.740787644601006,1.87682562885879,0.173403268801496,1.73318056897418,0.0767928997404167,0.747769858950342,0.34047173126993,1.93605151066775,0.160368377514792,2.54852402629907,-0.258228590665131,0.0275288383281009,-0.806782056394972,0.0726978820678359,1.87165641112705,-1.08134907089069,-1.14735027716537,0.308313359662524,0.601926432319273,0.262820382297692,0.0098924003595531,-0.439499220038123,0.281246114194979,-0.542030681506033,-2.09698602941341,-1.27813662928646,0.485113123388838,-1.81697991654819,0.934052229597561,-0.0959359212539926,0.251363672907198,0.0878921214110202,0.895203236114672,-1.14751227386403,-0.321764322922502,0.28583435294301,1.26875826796218,1.33103444884894,1.75903087816181,-2.78793718384464,0.237290097052421,-1.45980653950761,-1.66799575684158,-0.563877631267804,-1.87232703737849,-1.44280368412116,-2.18430891803059,-1.22250980801877,0.141080254870045,-0.408262448847762,-0.984227901760373,-0.387521845307203,-0.455520662486506,1.41861616112229,0.331454233393405,0.982256480132943,0.399850799883926,0.477214347955044,1.39880244083388,-2.27325148330699,1.44560914254114,1.04392774221377,-0.721265325047267,-1.00611614502111,-1.51472190586529,-0.933753070000933,-0.371764256443262,-0.792129295519306,-0.166213795844607,0.155355027639528,-0.917508390089396,-1.01747075562845,-0.279683973930723,-0.247474936618983,0.656174615616275,1.31652991845425,0.109527803935856,0.788812220749775,1.06748176070086,-1.47947587169318,-1.08019621428213,1.15670328205914,0.525686432403305,0.430453944330433,-1.24775903506266,0.910572062559355,0.240298889827527,0.156662461579969,1.46389983791715,-0.868385670389509,0.341288637936689,0.346992498423272
-1.16843019751804,-1.12699983931172,0.261822742215025,-0.468471951026602,0.675461160951578,0.386963509971679,-0.207843603575744,0.280913771852162,-2.27975927961946,-1.55893908462736,-1.8771787677574,0.0958601149610523,0.403475689083818,-1.05350632072807,1.18245903957582,2.80820708658365,0.529603039397464,0.578760971363693,-0.717583376574123,1.98038677810307,0.241597834063445,-0.332270370358051,-0.157772351728406,0.851760356855699,0.716627954394232,0.86444474569945,-0.978611248275648,0.642519492180731,0.892205279344473,1.17052125285633,-0.410186222262639,-0.472629933108908,1.23718677540551,0.324163416707852,-0.124381941236661,0.974444820192314,-0.397812866108521,0.186515417556572,0.255570159020135,0.958158905843558,1.19108073535534,1.13079378569112,-0.500649381006694,0.261380509767422,0.354434747604274,-1.55221239633437,2.3531578662705,0.116090795484626,0.200752369173688,0.456638905395583,1.57650362183488,-0.131107510635227,-0.120646446869035,2.45176134252875,-0.07548436455596,-0.801435206244764,0.189433097078132,0.431655895302627,1.56774452621737,-0.262024153732136,-0.113588354810464,-1.50101988814081,-1.1363058407087,-1.0380374013147,-0.331990060378607,-0.446120453379895,-1.66008337486304,-0.605301449214681,-0.491953641654224,0.0820217201097142,-1.31710797696814,-1.61898657250319,0.201087179902765,1.68173526530258,0.678337636223534,1.2165872517218,-0.702044739475821,0.746155427133846,0.212332498357964,1.03840194897097,-0.999518374257422,0.594548492473783,-1.22298745459943,-1.36835858706203,0.817533439964858,1.61772172329542,1.75408014423675,1.17953252953108,1.82874270977743,0.0288094377132599,0.031124160621747,0.45400693053361,1.35174118776184,1.79081560713597,0.764004492029449,0.507673584418511,2.23058443110031,2.72478912643525,2.8575140783016,2.46228948478381,0.504721795258522,-0.459446120915073,0.574056955104943,1.72878388703253,-2.64904851162766,-2.84129401454397,-0.340826183846663,-1.63763823355857,0.413787614061465,-0.563459864041359,-0.8504449915328,0.884643093919698,-1.49321691564996,-1.06728335584832,-1.01234367071319,-1.47902780562336,-0.563839054066755,-0.296464885268503,-1.76787846475743,0.540629173167649,1.74014237198195,-0.862010354072112,-0.925104166046134,-0.235284775861177,-0.310741733981313,0.965252524045934,-0.494787375527698,-0.0743384036205163,-0.347558219046907,0.23822213781215,-0.596350138824766,0.484524705652592,0.257218525784907,2.65635908653999,2.21164905995763,0.593613271181278,1.04569989440405,1.55207620421295,-0.592444080919292,-0.479737609608466,-1.58740381611421,-1.08983954843905,-0.382871543153444,-1.46117855548172,0.466700376148352,-0.383344286928231,0.713375691392856,1.38827166790616,1.52429674206808,1.18825880851112,1.16131811695633,0.252441381651823,-1.27291871357968,-0.673485697588023,2.43497611671541,2.25876049839826,1.08385634749822,0.598965280252369,2.51800299720868,0.0918041896718969,0.975705134098663,1.42684209043485,2.32440667525675,0.419385302211329,0.37920000931196,2.46493110372584,0.657707269449614,-0.280463001092612,-0.158836982045555,0.424161947439089,0.455778368945103,0.885834662982467,0.342931826388176,3.97137182968353,0.122605454566016,1.92304136647743,2.99751258991626,1.59000079648411,-1.25879625913881,0.732315041419381,0.297744923309124,0.402618246263623,0.359661076532723,-0.814377960693469,-1.22398043735371,0.489455752010759,1.75268698356729,1.20661458792419,-1.00010851213358,0.732617611683847,2.68429654360753,1.59138849422128,1.77665630677176,1.00762562027341,2.81262930528153,0.74541105614513,0.638464163575085,1.52413678812441,1.44679641793187,0.799168749758856,2.53366896948712,3.05149743572362,0.937983688012161,0.356034323994716,0.838684689535984,0.0477749244283478,1.09629940673309,0.670954240191832,0.666403485167448,0.0458956603465254,0.928250881000237,-0.0113197130958588,2.86443708378235,-0.0399808879223414,-0.224706506182456,1.62884859087997,0.401982898861557,-1.85254224115589,-2.01417992531162,0.994055142356331,-1.19566636422324,0.384297839916081,0.511523114269621,0.44114132048895,0.0105873528831548,0.470979083176087,-0.306148145074613,-1.74206991456424,1.23232951661146,-1.01070453919145,0.55980533071316,0.996376366861669,-1.82917870620449,-0.64220584821224,-0.831708340384665,0.162532786646585,-0.35207244879204,-0.564964340990756,-1.69766808008419,-1.98446000516041,-1.23680660132973,1.06545125485331,0.53641207520031,2.1579188260538,0.878773306439529,-0.0142426646855723,-0.288579362672694,-0.428701510561799,-0.493984277291669,-0.703925591029813,0.580281200106212,-0.345609395733005,1.25532910746704,0.707163592455911,1.46056833292871,1.91402950795116,0.308295813941571,0.691566333001637,2.26994463375701,2.59693009448176,1.23604538563179,0.931554544859858,0.820015856744901,1.11920836634763
0.454551279476152,0.622887530894293,2.56611787935654,1.63363906584033,1.27759394461528,0.216383710159031,0.390410863599331,1.81152352734843,1.44096879683779,2.38902837148179,1.66598914406892,2.62881296112822,0.15172809150071,1.31386722338489,-1.41638430258912,-1.85606238372524,-1.4519643352081,0.456303914415797,-0.0409636279349858,-0.0903135586126525,-1.05514767050391,0.742029151552817,-0.553805327609389,-0.0579123844636752,-0.267171945154509,-0.336879198206895,-1.41735045682081,-0.783209995402983,-0.287757310083276,-0.350466713000383,-0.592544832476692,-0.091695430068323,0.11014918620157,-0.431725433373853,-0.53499318487717,-0.363405869873252,-1.25823180379139,-0.06659745199962,-0.476603401902403,-1.24743174442317,-1.06946219135884,-1.76802554399346,0.293349427383044,-2.65839141481,-1.20757840596795,-2.42323227268985,-1.32693924564154,-0.225338094837662,-0.909582156317077,-0.25437904539923,-1.35867662690629,2.30877040480475,-0.675585289191819,-2.12670240337454,0.17826955507384,2.52645719993975,0.125874620054201,1.00383008362428,-2.08311061385619,2.56860778849108,-0.928220945544505,-2.08274251571454,-0.269067707833,-0.854843619346023,-0.62772145379587,-0.56567011899582,-0.0324428662817415,0.0317122410455302,-0.126981541587993,-0.311255671462059,-1.04624477901071,-0.962455682943232,-1.39935043592807,-0.0312099998432578,1.55628718586209,1.24061584012921,-0.00485504683405178,0.834815019109173,-1.35436205255326,-1.21133511187644,0.639942696382517,2.09374839773522,0.557487100243803,1.24868020774296,1.23214280777408,-0.174818381458183,0.855706338112938,-1.6793549745641,0.52112917118561,-0.654318150940189,0.0308560032104262,-1.25334831109117,-0.9733285962004,-0.539772097525637,-0.913008226081155,0.132948708871701,-2.59002529114242,-2.41469001447986,-2.25438285855065,-1.85071843049504,-1.88253337770215,-2.24883593698075,-2.67539649497212,-2.34247698824372,-0.709207428731123,-1.68688869725451,1.51807621822866,0.375968337148838,1.12152729785209,0.829563883722301,1.03869906451856,-1.91526831490884,-0.215297383183142,-0.500566230641146,-0.610370943436285,1.84697800608495,1.4282205200231,0.0646502394057975,-0.044222196226233,0.49724139365952,-1.52909450195806,-0.74855023423185,2.18290016877822,0.360331224196541,1.20007940130296,1.06763136251636,1.40689554171478,1.8810193283374,1.39125709051284,-1.45058883939192,-0.768867275787917,-0.0526884168598777,-1.95805283417001,0.831747165623703,1.27386947633486,0.401763311326534,1.20487848934139,-0.0405124372709112,1.98760230511711,0.476881508020526,0.82476396414247,0.79999175505742,-0.0550956111776313,0.0236724929258976,0.412451172891203,0.0255205877600445,0.22077307738106,0.068330592872748,-0.740963356853721,0.991890425602948,0.316591677019786,0.293552872283064,0.790539024722846,0.157175621013213,0.125048022314111,0.954179318907471,-1.11713017863404,0.971321319722464,-0.587530553829566,-0.257213996634615,0.767798432050421,0.0321920923374025,-0.680231529501263,0.248147519814956,0.18489320801378,0.180181591544849,-0.0660281283299416,-0.809282613526381,-0.827772240253179,-0.192336391823278,-1.67043147549518,0.107035083315617,-0.432094131842561,1.00234160778352,-0.494228307011871,-0.909422043677881,0.00519612531853869,-0.254779042457494,2.20473257562796,2.82986126283407,2.26120739194301,2.01756312543604,1.90951998578332,1.86897119412115,1.61405033809896,-1.83910923693907,-0.717147066601374,-0.140730195380404,-0.209227247021673,0.375250348427547,-0.343627075383575,-0.155269161450353,-1.02240666382122,-0.821839378685279,-0.753171840045638,-1.56982079052732,1.29440250729396,1.17150136542703,0.0744495820973452,1.8422627690794,-0.976611568891972,-2.4254087005476,-0.304285623772204,0.157198475997862,-0.73040139338258,-0.966469802418035,-0.983267545762389,0.583849693971073,3.02052160935525,2.48790359141379,1.70527656709824,-0.906888764056522,-2.457361102474,-0.310529792025772,-0.618845742256244,-2.30368559342849,-0.437532502316966,-0.591854623978338,-1.31046004430929,0.225225984228419,-0.393506452124965,0.706150469298149,-1.83478965926801,-0.0625875181866835,-0.641677804380009,1.00289911872825,-1.28979315550961,-0.0995685465261362,-0.370040130829709,1.1173732162917,-0.547156423785827,-1.60252193693823,-0.271498416098668,-1.03666712002095,-1.46192565187129,0.150512710034322,-0.649971513917178,-0.860146447630779,1.10817172568923,0.0390205184181631,1.57959979557156,1.21531865034623,1.95625474399936,0.550375088847892,1.95846976774463,1.33636087462916,1.56995205610054,1.23375335204347,1.19881004639869,1.39792019911746,0.582445877340409,-0.0345095238588917,1.90439948121711,2.76789925397506,-0.22421739598364,-0.157746106328422,-0.137215452691674,0.787891655983174,-0.69226704996801,-0.463673428726281,-0.128321464555282,0.22788994321104,0.377353639866999,-0.647295973804382
0.0704011500102154,0.500625886236013,0.902672261446983,0.444969298549835,1.37951301070743,-0.303966277529177,-0.419961484706219,-0.249025251398112,0.412673952948068,0.179590320913397,0.723799352230028,0.691980363915214,0.273181758342341,0.16020088827812,-0.40004673267717,-1.55243709117513,-1.18960049875586,0.572115831311671,0.332427985977622,-0.137738333209102,-0.254665540040124,0.494844577548861,0.10434094880768,-0.102062795746653,-0.00260572263275366,0.227387684181652,-0.222372105675515,0.233686010342106,0.127850537130786,-0.162582932227529,-0.283110044930983,0.547560931553357,0.24384967884199,-0.141946092199663,-0.0198607476999142,-0.102269947865439,0.0288788568232952,-0.29437248856781,-0.327671563836549,-0.841853225136076,-0.0365474472709064,-0.297195500886133,0.410334778649447,0.292520141838504,-0.956366880888883,-0.0248707459829233,-0.301289119430249,0.341104806621526,0.13204451070087,-0.0801999029747384,0.144338447721364,0.0457293010658414,0.139716633783848,-1.29621243219395,-0.557411835916657,0.0754739872605513,-0.828722065821537,1.12510234247166,-0.621528378851393,-1.0093474387268,-0.299183182764801,-0.1990757328097,-0.140566949428798,-0.226492314067916,0.704734146547374,-0.27366252391414,0.556673219741742,0.269481506118483,0.589862377936303,-0.984909788585405,0.437325536373471,0.245228128430538,-0.196987520110241,-0.177397816141445,0.464309308588204,1.14820413011675,0.856547031997317,0.802055303142463,-0.584031132530221,-0.22299278276673,0.0846970424010934,0.524823174122219,-0.695082501161895,0.0673508392720619,1.1739596582981,-0.23292979776843,0.31275434400127,0.677467053867243,0.995368043985946,0.525904145794792,0.652917579602478,0.813944655074927,-0.460580255691902,0.0708070162675167,0.346196997519525,0.130721122714617,-0.677422663256505,-1.10851679711542,-1.2607258585008,-0.515582449136306,-1.3834020810157,-1.6820609711965,-1.26029048816729,-1.08430594438752,-0.387085761398463,-0.889940895774891,1.52048334027682,0.0208510925781428,0.839927161351639,0.347024186167505,1.19212568971312,-0.571837514676559,0.20204629442029,-0.96681896947071,-1.21469640016303,0.264202260916319,0.410543309140147,0.626791803483039,0.870620332269584,-1.16487399556696,-0.636244883167891,-0.481668943044024,-0.423566534353111,-0.50836276783623,-0.166437919256968,-0.745636049312882,1.16635486174553,0.147946091523498,0.603514364548655,0.609477697878031,-0.331466614066467,1.14036474946343,0.11295758953677,0.698727349888503,0.802507814264693,0.560390491948767,0.452306620639177,-0.37831624938489,0.435919553742179,0.398246904469497,0.190189539545994,0.0801658080048877,-0.672012017219389,-1.39955215116643,-0.0246886480519135,-0.158713877629018,-1.35295420428394,0.334258249348318,-0.279745129816638,-0.775239399515499,0.133137259563617,-0.171081516131799,0.647213857918786,-0.0270173707775924,-0.290612863830077,-0.180639672145001,-0.423664876320838,0.287122837114458,-0.114623812991175,0.0873143269083267,-0.965153552731512,-0.261042665435175,0.0332891942212927,-0.331811914351212,0.756328129168971,-0.183933804407667,-0.473408731760802,0.47351973424662,-0.638950065506162,-0.244735755130967,-0.439512703330802,0.759135462642658,0.0636217026493151,0.785109695761694,-0.441701041076652,0.0625860514515462,0.271787274098559,-0.190804912829199,0.405043497685017,1.69355460115978,0.77621719902649,0.895663652226849,0.168444869137597,0.515709985352188,-0.204687870940695,-0.184525237158311,0.389590583554138,-0.578050499665662,-0.652947349969723,0.260640160093486,0.495633250388466,0.147897523728827,-0.260424779743023,-0.161951284987831,-0.0792734055840073,-0.52604675650127,0.0353586702980973,0.799386394655427,0.555380664035691,0.233004324825611,-0.769988186329328,-0.799378337044913,0.364567395789417,0.257423300189187,0.0857588336111079,-1.31503278443458,-0.461268531803972,-1.07148408315488,-0.239821072704297,0.222493880135385,0.947288430864786,-1.31289974299724,-0.874064584958564,-0.509153124481503,-0.395759294036288,-0.63644593230026,-2.25291004941993,-0.553534088396889,-0.95886193385271,-0.0506920495182469,0.134124944828108,-0.981576606154872,-1.44698402344012,-1.44032991013289,-1.36759201253798,0.292539645093515,-1.54769213517316,0.302390431792897,-0.235882680045256,-0.898651265042873,-0.282922071568591,-1.124633085551,0.405276682826407,-0.634801984087895,0.565271875230566,-0.502908176804547,-0.524236975956859,0.727199025951857,0.984546646683895,1.01127133889341,0.0260590229110724,0.00142279537690494,-0.0105254980235,0.203181509057327,-0.215388245049252,-0.0582476520436008,-0.160902347325017,0.513606968913337,-0.277872452291956,0.104327968222261,0.69152408428755,-0.505104373007583,0.587234786595492,0.572814574921059,0.151654299480056,0.159612082246197,-0.271547299276208,0.319167891543013,-0.0405173988349218,-0.433597683844005,0.195197946666941,-0.903778620843904,0.586769335263506,-0.160192785116129
0.435484123131598,0.821566168019986,0.223689583052726,-0.921350063095409,-0.00200714620450645,0.281929039871521,-0.616207604196351,-1.80710140756,-1.15036012575142,-0.347890688993522,-0.529122538836632,-1.04675378364828,0.445233909330144,-1.78617072468623,1.52706968737218,2.67148213396145,1.04301110701251,0.929182397729283,-0.402285063142716,0.57660356112,1.19157736255369,0.0549381860537754,-0.116298362133422,-0.102844184753443,1.4021728323006,1.88648120548407,-0.602609869312494,1.95173479004659,2.01645964900445,0.596832348763427,0.691009037543806,-0.110729505439084,0.901461487182012,1.01047801763344,-0.126235261340605,2.16292324020991,0.084342316345784,0.600267511271505,0.765096971342649,1.22839725929286,2.19165839054924,0.507193346702973,-1.2345029907441,0.992136253452178,-0.430711766771461,-0.16006992061564,1.91272309754809,1.18205148000403,1.57279600324183,0.147476408400197,0.931573039303906,-1.1436537808836,0.509585767239983,2.0616857158871,0.567429520607704,-1.09868991274608,0.370266308746819,-0.345728894098373,0.954910956366416,-1.64273233815617,0.271379227246704,0.951393784342861,0.393246512871784,-0.0142771259346735,0.518981168458451,-0.123170388203811,-1.01629610621649,-1.79142040139437,-1.35193088392806,0.0269047171975118,-0.944745396550948,0.0634602841159495,1.00232322514466,1.70994779322985,0.930528425584787,0.451290275740978,-1.40523465570046,0.504784816531952,2.4488189275878,2.37863428046016,-0.292704469172671,-0.736229511097482,-1.89787729044284,-1.23400035149044,0.187105974041334,2.00544828521785,1.79949587343608,1.92120488262364,1.70952038446193,0.481576437993497,-0.773680422505869,1.70890437009493,2.09072169457574,2.31980600977753,0.558155068416407,2.22215096130307,2.18296638763812,1.84561312492039,2.0268225995008,1.50284669655273,0.790762738402477,-0.664850601280426,-0.513650956908811,-0.0244062078654531,-2.61615442102266,-2.54577847100189,-2.06660476538975,-2.21858494011896,-0.898481446692256,-0.933402796278482,-1.99647007821399,-0.384971960664223,-2.6267822250336,-1.82067791038977,-2.33222758774934,-0.710056755858172,-0.264043146747694,-0.388997323019346,-0.624620508922395,0.549871827959869,2.22532657443825,-1.48841331711264,-1.51723512440917,-0.26745930378203,-2.20632059578592,-1.24292038532704,-0.491384384946634,-0.863620170408118,-0.0586419798863325,2.51078550931915,-0.335319480700465,-0.412568637425936,1.41812866901092,2.05633900513071,1.54193621740111,1.28078105339219,-0.19215520004125,0.742788532165321,-1.75371604802884,0.752195089931842,0.103043161770332,-0.620293779695916,-1.6441377150888,0.950408967972067,0.132381534004696,0.429382865465306,0.406330170059226,-0.793881162862307,0.766777970953329,-1.09887898309152,-0.911381995059069,-0.348954108482041,0.0488795902841766,0.11628084258713,0.606598947530597,0.756412160971588,1.76102096689127,-0.162069533946383,1.40164467442601,-1.37381844083776,0.213058090925332,1.11415709152576,2.04714665651229,-0.846500773354965,0.0728306061247288,0.92944964723253,1.31855534108129,0.134065426386818,1.69862660268334,0.496725942813722,1.48810599249559,-0.689746949047765,1.75186886035752,0.709088837777179,0.00884077291134767,0.244321745434834,1.41670374807832,0.986022855647755,-0.51718083496875,0.119761611409316,-0.945597483397242,0.543855725675141,-0.763615868814673,-0.301219526072773,-0.953427278387276,0.857044433812902,0.419082284159018,-0.14377146552833,-2.40943964369798,1.99304497060342,2.13449857041205,2.10479455466342,2.49080306115585,2.31109217922441,2.11334977855021,0.316998898334495,-1.51022897458653,-0.457209082738104,2.29099354214825,-3.16074034926257,-0.437308494893743,1.28274246476133,1.80074214876662,2.2059538996655,1.51830087890742,-0.859200787462576,-2.33175561795887,-0.191901053762252,-1.90920746536297,-3.42205873314481,-0.769606647891963,-1.42031814024664,1.59366280519575,-0.653061540165631,-1.1209717254305,1.0640675423557,-0.0361964631116425,-2.38998602398804,-2.2396603226445,-0.232300375252627,-0.923475375615703,0.487584092038502,0.790278045872076,-0.207921726830939,-0.194368320164064,1.08379787061289,-0.517715627762837,-1.12328054263532,-1.61393996134401,-1.59949265538831,-1.22685006887507,-0.973940953629912,-1.43646538979946,-1.5475895372262,1.41195867646955,0.941833834248166,0.694746310289624,0.0746445193022747,-1.13563941693934,-1.30455370639104,-2.33880661900489,-0.246158191956337,-0.377697091107857,0.115424990866743,-0.00491459483765793,-0.204078463647132,-0.529585105373342,-0.017531483678792,-0.648598400933544,-0.197251479186847,0.23895145094178,0.435284436738206,-1.07023011397402,-0.582226426718537,2.12766444666226,1.90750289660991,0.710257635344642,0.609080788588601,1.51100103987448,1.5820060019614,0.563560483769654,-1.07453859446231,0.60777794683732,2.22760789827077
1.06239082075287,0.727357179067044,1.42770204439515,0.4525885242281,1.72775164443183,-0.0952333151484205,-0.235790239415088,0.728674210320463,0.241501690062517,0.497145248143297,0.0414646728860592,1.93913091283931,-1.07858663731416,0.113629530837025,-0.309498329195099,-1.35143711587737,-1.49039854521765,-0.021137763866029,-0.0442481078804947,0.162533424255482,-0.864256522003157,-0.227077682989621,-0.295689585196028,0.0929218040552491,-0.769181076792021,-0.143858679477475,0.338682539582208,-1.04795196671085,-0.222732519923771,-0.00535935277281755,-0.477968976226028,-0.227194483272125,0.182930596829652,-0.600953721095245,-0.385813771745966,-0.59132198149482,0.335211725842546,-0.707327061328526,-1.00865366850948,-1.09581795107371,-0.189903217787099,0.329654015234877,-0.702885085407944,0.0919842985260041,-0.743568753314724,-0.432705323430532,-0.690684936432228,-0.407390141204498,-0.75723020579171,-0.786901547051189,-0.15016465018293,-1.1469673507746,-0.748397216682074,-0.770595821688765,-1.9911885345068,-1.3619349194626,-1.1972970987848,-0.947315211642046,-0.322294280367162,-1.66347129941949,0.539712668689922,-0.270028395834112,0.534528941561513,1.60926602448968,1.03039712969327,-0.448693283796763,0.192034393023316,0.0727837693523725,-0.145074742434673,-0.686435148750423,-0.782698723879087,0.0899940363045139,0.938936254128181,1.77629661741517,1.62223007573407,1.26478253458934,-0.233320856079106,1.09869208431374,0.938715416974696,0.258660108819785,-0.00182292919389047,1.41565692776548,-0.558727642954488,0.277682697223101,0.970931940578352,1.06450379680113,0.730185734527154,1.05862360935272,0.781330665210284,1.23162745145342,0.974922447173458,0.574471238284087,0.380073605487006,-0.0659832304655621,-0.00401444542799145,-0.0579882219381913,-0.0319024878329528,0.0300100325683774,-0.146387079077473,0.0379220104500506,-0.595069779787719,-0.921921379259222,-0.508558740946725,-0.893561955252019,-0.662586508929389,-1.00452306004534,-0.103847659925852,-0.672884821420763,-0.108929789769632,-0.807877710710159,-0.325666618798566,-0.319609068403697,-0.185750283240213,-1.14608638358603,-0.482923398392373,0.651301733164961,1.08724119022524,0.29864071182838,-0.39889564466182,-0.873598913121687,-0.784730316410609,0.192704387090716,0.856179590265865,0.337158615551011,-0.103276405194697,0.208323111570175,1.0685262379074,1.50655198369631,1.14287301937375,0.0563168775693606,-0.699651731982437,1.08049021363817,0.47090142021078,-0.0325198127958155,-0.453565543050091,-0.155127049175638,-0.614486734862976,-0.999680551904402,0.655965336801939,1.85799671286637,0.778233399704796,0.600548685393917,-1.11421814347773,-0.247280124211612,-0.247585246930026,-0.389373282775524,-0.344683232546894,-0.976900628353378,-0.328791138006454,-1.35515430521181,-0.957180474262589,-0.854586480771464,0.39477551672853,0.130874292524206,-0.368623723724057,-0.466321610234823,-0.0850148510800047,0.508225417656087,0.00233834457915066,-0.571659402775054,-0.628939742183739,-0.0829264373740454,0.240381133176625,0.214107524731252,-0.109714996102757,-0.223248732763171,0.36246697188995,-0.0470493933245008,0.0937463010692607,-0.993311092416368,-0.131696075600774,-0.425784655284417,0.831213332338605,0.757904860632137,-0.461832492231949,-1.04746942882108,-0.240292856022956,-0.258943641151226,-0.0648926501456566,1.08290153473126,1.1694125572368,1.54864561006901,-1.12938649220132,0.471397013693283,0.100353550397926,-0.56203854743458,0.683670134546146,-1.52722068153882,-1.79310274978774,-0.719994903783959,-0.0179196671801277,-0.778286709645181,-0.27032792987659,-0.167414779318603,-0.294557357654626,0.429843220351917,-1.19799737923793,-1.13537409142951,-0.417262640581665,-1.37959216256794,-1.46584603134353,-0.729888450063392,-0.57248017969701,-0.365697923595709,-0.399541808102484,-0.983614043329304,-1.46457979286768,-2.01040414061672,-1.69325497990212,-1.16487873739048,0.472368631281989,-1.45833601658957,-0.168096469443971,-1.21177911115809,-1.02348751737067,-0.645633920278201,-1.16661933296989,-1.96147085520753,-1.39490959148665,-0.966813408530025,0.217182234541226,0.07057349906294,-0.649669987107403,-0.964432781317328,-0.841063393129636,0.774692580329761,-1.28116007908972,-0.165276498817686,0.550992917553435,-0.148344636779543,0.584830523491699,-1.46573500977178,-0.0345419214747067,-1.15877443366202,0.0595280229215648,0.217882793712335,-0.245099287045615,0.0393654971198817,-0.105215701520504,0.829454698126737,-0.716158791211806,-1.28046345728084,-1.70400127166528,-0.958230774388091,-1.0092898996358,-0.0605137740325232,1.83525812703108,2.06503714118902,1.2738030546879,1.1201688657505,-0.36109544306747,0.205607132672861,-0.660823046808489,0.0551457044482541,-0.365863186285418,-0.296485937728899,0.29605721657232,-0.237321969952346,-0.249007947873265,-0.419727186797034,0.200066285420122,-0.731039048973206,-0.470977066774647,-0.775786946770342
-0.48297450454768,-0.287016300592784,0.487783775083635,-0.799216608355243,2.03352639517361,-0.0300586799762633,-0.487538121453579,-0.967913159810129,0.457845719269176,-0.956574857372281,-0.98690177289929,0.0210438532739647,-0.0499592205914735,0.386844200963777,0.609767107424513,-0.1316184455695,0.340364541365457,0.548953217826253,0.72604298096153,-0.0594237052262835,0.152554730539284,-0.199530699720082,0.310661243468923,0.71766840998336,0.527111310786105,0.396683738880702,-0.505548604977627,0.805630537092336,0.633879242678024,0.120682068477764,0.201731385350521,0.659482170153167,-0.111580305690615,0.415107736420971,0.11433779467596,0.409084776962942,-0.828102056486297,-0.765393177963809,1.54831736446611,0.737535952156292,0.454682619690936,-0.110880038032559,1.1905452525026,0.685485629940388,-0.664318262883288,0.633002890381255,0.244975633773916,0.135308031942399,1.43076617591039,0.37952836195708,0.349354572487091,-0.00404916547468878,0.820875179777038,0.0405158531569771,-0.419534183500048,-0.172243681111883,-0.376831164657061,-1.09526461747927,-0.353838550471732,-1.06062815208894,-0.0712775222142291,0.303430866709946,0.359497795146074,1.53659770105114,1.2863409645018,-0.374763169713902,1.70768125330938,-0.0456404665700158,0.636256034097556,0.199340961641953,0.865178666054786,0.998593349842801,0.597424168436562,0.819164898918349,1.19388610974797,1.86957425524864,0.399468091167618,0.860994466253922,-0.289663728763269,0.112248955141921,0.627483868716911,0.137190295206258,-0.408513743039069,-0.29713457019951,0.856946510727315,0.735234003030977,0.233381655656974,0.155936109387684,0.271699970808595,0.838092799055932,0.568882577220867,0.0952817125806697,-0.462461827352172,0.285500099825788,-0.331926069180863,0.443573685397365,0.528246291332656,0.163616572197518,0.079519115753727,0.360304776244073,-0.29156233602317,-0.419597633519162,-0.0419474463005984,-0.395234205204853,0.193545297489748,0.147020794130105,0.431776685753268,0.253507492105206,1.3557050098998,0.636679681784583,0.717063369597664,0.0406014215083139,0.214881863835418,-0.780258303904486,-0.303590262968265,-0.0310625062956807,-0.264746449687269,-0.81055852063059,0.595997403798967,-1.46446643462636,0.0582755875973401,-0.405797219313552,-0.588945562435914,0.276500388098707,-1.0239231305915,-0.0714540107686174,0.828615637648555,-0.11754749809788,0.669388557076028,-0.55655362470844,-0.957732423553703,1.31731552188094,0.178190093930277,-1.03575511217779,-0.663035951504627,0.499288226056246,-0.612141307386459,-0.703081764714622,0.953216378357267,0.298102324725942,-0.0918697437855071,-0.985507168972837,-1.56910179060172,-0.778177993852391,-0.925068235099962,-1.87350900958468,-1.51108230503789,-0.618994715242953,-1.2972925675045,-0.533347591548808,-0.322368097562783,-1.10910994058887,-0.125529810919067,-0.716945941774447,-0.752704689312888,-0.617188766689236,-1.00139786856444,0.739935404346891,-0.264876109140651,-0.159890490115457,-0.957844092862041,-1.01488418547929,-0.318645652402193,-0.483066644317298,0.704235522676048,-1.0165594794343,-0.631880375654318,0.147088743372116,-0.68910786371672,-1.32563344783241,-0.340784179413173,0.0598815735054077,-0.0400650912484897,-0.139715759280759,-0.579887082053376,-0.871016635318356,-0.721476891174869,0.144834505095673,-0.562449449604668,1.02952535702777,0.833703548858179,0.773358224446172,-0.503054165804758,-0.0287316408245028,-0.102128597792446,0.0991411993436056,0.240575255460555,-1.4257104859741,-1.24636802292598,-0.00480130382305344,-0.422392659258005,-0.0636201387577293,0.374066286568808,-0.0647023560238143,-0.665946917338483,-0.0487750443961358,-0.546029956571463,0.286540739709164,0.0021459559292162,-0.64078780066333,-1.13042301934924,-0.730900366417251,0.671528313582269,-0.0347276821781872,0.664883612736688,-2.06860609338686,-1.31666450521896,-1.7429528135306,-1.49517551540599,-2.04720704402998,0.535524780027517,-1.51785317273186,0.0276719620815222,-1.02758079340016,-0.60864246664302,-0.418988460142951,-1.11861674148349,-1.15753956930579,-0.98742553703688,-1.01298402423245,0.419839831276958,0.318270663541952,-0.859942659609543,-1.05520843854192,-0.320363885151385,0.103251674459164,-0.895579031858676,0.726484937396963,0.282547067828306,-0.809699316966963,0.0765879694321526,-0.14266908554167,0.697751346701399,0.180516175281024,-0.0937163693387288,-0.871942660597305,-0.142162533207962,-0.0228372640279674,-0.867829044775137,0.768040759941563,-0.117993391864638,-0.902598107997591,-0.226076845647079,-0.037554098674506,0.288630210561822,0.172727267644749,0.15141074542434,0.622015791927355,-0.245417088348075,-0.258901662792239,-0.404865302442727,-1.32652844025892,-0.480343158990335,-1.25666276939942,0.317900598340386,-0.646244010054519,-0.161750604634298,-0.119161005703602,-0.521669006214138,-1.27572234293939,0.00323086368760505,-0.966942885602075,-0.346155814232608,0.80478502966838
0.255503540413609,-0.155658114982785,-0.261264852709742,-1.00368615054286,1.13421405471525,0.657670329699606,-0.405787801988495,-1.22673788563727,0.354307061301124,-0.4164552787027,-0.130278059841791,-0.208772762241832,0.389178885502381,-1.02544514101698,1.0905094074784,1.39441700496732,1.58694091655756,1.1937562269138,-0.517905351099006,1.54667432997904,0.198149301366243,-0.647211949041312,-0.0698528037871056,0.766551280947186,0.371418335854781,0.119051920670277,0.275685248790908,0.87716358955569,0.60859814369704,1.24534775192983,-0.106906892891273,-0.899427232968148,1.62732270083015,0.977818574640912,0.248768673079888,0.527165787159098,1.14504130371265,0.329822460967235,1.82491817932024,1.51157923979896,0.828089797162209,0.461713531106495,-0.332039236300605,-0.255470244218263,-0.375233720691417,-0.706017896367662,1.54156130693288,0.0382940300274218,1.00578849805349,0.596053401702511,0.46608567183435,-1.00195624729937,0.71415470152084,1.35706943114739,0.148407606128208,-1.13394738750156,0.462461786802132,-0.970782600710466,0.43245517409254,-0.306862792141499,0.206693527844794,-0.271870398621957,-1.28460839958319,0.415227917955671,0.982906372787124,0.256627790161921,-0.410860148502622,-0.295013239698299,-0.295746487080921,0.871140729376059,-0.985978529033669,-1.13958610160234,0.387490621360471,1.53039125277873,0.154287825411202,0.569394175712718,-0.726507296243506,0.247482874508671,0.947486418988022,1.39842825336513,-0.715874243091068,0.418188638344345,0.10896451037517,-0.553245184216131,0.707153370543814,2.13350589765984,1.22937037901807,0.61185766087192,0.0922970480347364,-0.642277049965163,-0.308523292512012,0.578974955329493,0.354093696627375,0.882774703659643,-0.0754022240758771,0.912223256959252,1.42906212342157,1.69595260809111,1.50959330491392,1.57504929487101,0.904219270817123,0.579589138167501,-0.32012856982562,0.100723146730737,-1.69185347719774,-1.5669551744601,-2.07544594943087,-1.83246864340385,-0.862354829406071,-1.45768321611245,-1.39678670688436,-0.568864778154014,-2.23281338972899,-0.917505685236632,-1.79054373116555,0.212920159241488,0.28278331127983,0.681572241679941,0.151927286278771,-0.295543813004981,1.20722533929693,-1.9150353625006,-0.302394438028215,0.0714964905921464,-0.492812999455308,0.446192041804252,0.155952388484729,0.102659298242374,-0.412165078940968,0.902546221412355,-0.558061312745668,0.158170698618715,0.594242328593125,0.619903285070111,1.00419864003132,0.817673548532542,-1.45248221390062,0.705006770961564,-0.265465846795802,0.0279661764477053,-0.608288023686882,-0.729205453049747,-0.693116062429513,-0.458717079298805,-0.56606904903544,-0.276267730589769,0.296630632339074,-0.152917755811521,1.04160176568415,0.484302946638255,0.327814252859692,-0.305823128437697,-0.0498945423104127,-0.448016195873308,0.924529177362217,0.487573420921274,0.70359366528016,0.618518111166819,0.922960564645038,-0.380741351744673,0.536629903285124,0.122418897839419,0.854913537972348,1.21713853886014,0.995219670694115,0.648312994821347,0.238411601150227,1.72702797285701,0.310764102985461,-0.0510961630038758,0.777592961170149,1.57265909858021,0.992425198612975,-0.329525770726071,-0.671751638835433,-0.376976454036188,1.32368606893137,1.27402163417213,-1.22897000838617,-0.0300834457802578,0.305085685513441,0.0431074601362677,-0.476750375689003,-0.976458106737059,-0.644231417367311,0.343183006274823,-1.50699534581153,0.173147527904484,-1.34414095848238,0.83398826885436,1.27842929870722,0.745619709106741,0.897821762803159,1.07310808774383,1.33002314839261,0.382448366454677,-1.09994285252406,-1.3923482092691,0.578396046648405,-0.950123174138024,-1.27370438060143,-0.0704705172344437,0.891464651504771,0.764116441212793,0.625437357421773,-0.194701656372606,-0.786360505504858,0.422282170961899,-0.432284715372155,-1.42428275812838,0.311045031397382,-0.609260809816225,0.794747882031112,-0.47703344885053,-1.15419104686049,0.628477381451741,0.905370868054531,-1.40875292499587,-1.48384733056646,-0.264259188907001,-0.727755895839573,0.457967228231367,0.0728530202666973,-0.170923162768726,-0.165987740984636,0.489905560041783,1.50322999136164,-1.05069332756603,-0.817988869878187,0.473883508558955,0.0197423729322892,1.88692981946188,-1.16469932451182,-0.0759856701035476,0.521561017900042,1.20858612284467,1.56479250453142,-0.664424472043716,-1.44606371812667,-1.22757393036963,-0.52347366077655,-1.83056926005833,0.405491295353704,0.694511857925052,0.612966360602944,0.356929438553891,-0.168984405309394,-0.126074382769874,-0.0646392402108903,-0.59822252137703,-0.123684695871265,0.150087365959183,-0.206883713426602,-0.501532601359691,0.236201357434465,0.645125941788268,-0.0740085399981503,-0.643169636610194,1.42901168890971,0.990015631375294,0.79390455894533,0.57646382700029,0.0123760233397374,1.62986592692842
-0.540252257672004,-0.843740061606159,1.1360903517853,1.61429258472246,1.11216839805769,0.804733055723841,0.662915488084532,1.2474334393294,0.564948200150467,0.488617245407205,-0.0328373389153574,1.32737655023032,0.941832672332431,0.333540613609667,-0.312545290223541,-0.991225105907033,0.45996595351336,1.60370726967087,1.33402430984992,0.215643989822557,0.31974417272886,1.11875254796457,0.799203522773168,0.284281893351088,0.493379936440353,-0.61986134753011,-0.7718371196488,-0.226572370910088,0.308924132668961,-0.291844801255769,0.889365265990079,0.489727388916969,-0.410082500500675,0.278635537474059,1.03815373157697,-0.206735854859543,-0.243460927591169,1.57636084811634,-0.00583671214088686,0.079037805872215,-1.04360688153309,-1.2699274819885,0.36181906392982,-1.59862718070124,-0.0705052187116693,-1.07711109135257,-0.673809527598045,-0.403766080785752,-0.448274704083512,0.461336198685544,-1.0206720440198,1.14970627528255,0.77766499194406,-0.663828577356871,1.44633004034125,0.715203434761641,2.26213660744444,1.2739237679735,-1.80557791189909,1.15974558944476,-0.691290500633176,-1.79786343868624,-0.102951039462503,-0.661794876788264,1.74596006923452,1.00572060641775,0.610304235618137,1.43075035328357,1.64962043726004,1.64236521194516,0.245006818744441,0.0995056421089677,-1.04083535961768,-0.00154456597129951,1.41105598594454,1.33924591078632,0.716609378930993,0.427904505359474,-1.32075380535104,-0.665956771003296,1.3314159059088,0.451904460472213,2.5997909937128,2.23174461152299,1.2205877547697,0.589719147868445,0.045573623912298,-1.05970506063941,-1.08444284317201,-1.24742661185644,0.160089082958387,-0.627557983058764,-2.5481135377204,-0.59721520790117,-2.03638224778077,-0.364147187855305,-1.39651044504612,-0.951494107294878,-1.25841342724013,-1.40679485355561,-1.3941462473658,-0.0722609545189934,-0.749023703671221,-1.78975656650775,0.758431643370099,0.551131764233022,1.89580537749941,1.70732104703542,1.76892600970776,1.58150924652839,1.01379506068006,-1.55314048785947,0.802515830675239,0.270935606692699,0.453190774160395,0.64141462785155,2.15102965812336,1.56371175321368,0.518934287523661,0.245413554862622,-0.777631599873014,1.14801703411346,1.00752530898324,1.43379000395062,0.797666892336847,1.68198333052669,0.867297019155857,0.796865283163257,1.85507463179359,-1.4675808232879,2.85855093863512,0.589431010515826,-1.05857117879772,-0.39478082328984,-0.80494635651214,0.224639585706225,0.386925938612155,-0.213860630186097,-0.013185880979787,-0.549763769389586,0.0567441067974836,-0.330993430772164,1.78532515913978,-1.98015447711906,-1.84603008564275,-2.36909857848229,-1.47421591104114,-0.233045375941275,-0.743333063250429,1.38784697920914,1.70028033221434,-0.521634813024119,-0.352941801068729,-0.132816075408071,-0.485713483276782,-0.237778346403077,-0.749080038571031,-0.728689872374297,-1.1787675583653,0.875599251941486,0.854293239649147,-0.302334256276997,-1.7525284443126,0.650894507547441,0.533626928523794,-0.557374603104076,-1.63610086391594,-0.581284882136452,-0.903513654937315,-2.10008566481218,-2.02103674728085,1.21211882468047,-1.00028743322648,-1.19591351551103,-1.06236683129974,-0.92370062166237,-0.0729192232130139,-0.224896666609204,0.431447229275984,1.1545324329786,0.777563992310702,0.899224530762523,1.25698398968002,0.349184452984057,0.627870072458938,-1.4810611103912,-0.902431675019483,0.367593167399379,-0.0726079778879508,-0.171482568796198,-1.407925224261,-0.357270784371096,-0.911606719058748,-0.362294764591438,-0.483681050368432,-1.47472206856594,0.96785675600567,0.905173362457815,-0.582577876559337,-0.119008921303495,-2.19280758750075,-2.25562955236761,0.0743127408895763,-0.417755363766231,-1.12976760959483,-0.0900605406649652,1.3665350914364,1.3554766883893,0.253258820633243,-0.628632605251541,1.37167067643557,0.675108143310492,-2.02858952980263,0.124329623063941,0.0225742522583239,-1.84262974060616,0.239131395158929,-0.292000823114039,0.0780099249602902,0.103774059378924,0.0838843893145109,0.993155705209383,-1.13685243079879,0.669688558413332,0.478400110558788,0.900506250314604,1.85173198211598,0.797802963761936,1.43601639644033,1.20731119903101,0.684312047714879,1.07587467481557,1.00930597625114,1.77682542837128,-1.97979253934491,0.0865691411351715,-0.147733735958043,-0.212063685741597,0.61737606866335,-0.329903609429082,-0.652739030189864,0.771163556005775,1.55335257029481,0.926503315795668,0.142980994069791,1.57962853085148,1.2148524488373,1.71529586205795,0.960953847042615,0.852193241045788,0.524753077392355,0.333535033344277,1.50495719226291,0.223072777879831,-0.103216747995592,-0.730107975160123,-0.129165239578976,0.243131682946147,-0.726987305371116,-0.612427328094843,-0.435388029914391,1.60415361302676,0.255796741257323,-0.85063783757354
-0.319434620406177,0.986895795699119,0.532818992693286,1.05622892724827,0.505706337361137,2.39535709361833,0.278476549733282,-0.682131665835016,1.58051122500988,0.285594509977785,0.50490423750896,0.00446839028013371,0.299909006734605,0.450104522452477,0.372073909390933,0.920868799376716,-0.0466420743032493,-0.365904164542073,0.546677139344833,-0.441198955897,0.122584820614234,0.100962272416696,0.336331671646262,0.123593566893571,-0.235963873046824,-0.411371449111791,-0.0592999427878242,0.246295260065921,0.236186057336485,-0.648411109905657,0.879011368853888,0.319295662143535,-0.0859212474270329,0.484489701507974,0.508214087055706,-0.0592986821057365,0.200700702567439,-0.174933038343002,0.274234366908198,0.141192041192881,-0.370949171679935,-1.26724225582307,-2.34827283978051,0.134811711773315,0.806743911939133,1.50121553775823,0.339802692943721,0.280584105062337,0.309543017257873,0.343936148643452,0.634051986177499,-0.864600951210804,0.536755457364685,0.364861045644417,-0.74226376148991,0.420268951821838,-1.19241491711143,-1.0928327450356,0.592701999870915,-0.839319624438892,-1.29375340709228,0.36095530460637,-0.908462326500434,-1.25960070411669,0.66625612833998,-0.249573932666788,0.131916218621422,0.898892556682873,1.30958725302523,-0.0831453549066337,0.367339598889115,1.18849630312501,-1.30226234183924,-1.0400638212945,0.273130081162192,-0.733959545880269,-0.0883027569678928,-0.37749653166094,-0.249806925936708,-1.24159293812107,-0.96888299791045,0.120462953666053,3.67463582990383,1.19859108298918,-1.97753732501286,-0.808315189781386,-1.1682803904878,-0.0128512046004951,-0.685197621870983,-0.815219387567686,-0.743439515677957,-0.283728835469063,-1.46514124494556,-0.140597991828942,-0.431938404547349,-1.127722873526,1.0977972565931,1.10282631459862,0.364157187998406,0.28025907195046,1.31132855349799,1.78817505581704,2.19469223767421,1.23738690113124,0.579450515647674,0.588135960512005,0.20339902389353,1.07047426995824,0.244585612923663,0.121065271266609,-0.372583952327689,2.58072592718127,0.412384138255174,0.0369424226225057,0.572375125664316,0.983225562861242,0.607926210391234,1.25122237917572,2.78540976015566,-0.348193261113743,0.555260954835774,-0.106406571616031,1.00209131433885,-0.466586097049611,-0.0217015701505137,-0.896365465208156,0.848209308650361,0.0382629493498817,-0.490193816658219,-0.572249293863699,-0.044860406663114,-0.822439136482274,-0.674301330171417,-1.66568371144956,-1.26910563674352,0.500738386522805,-2.08719717678986,0.25195637960238,1.22065391250464,-1.26235329783344,1.01892983839114,-1.03465116392075,-1.35150410448573,-1.10344991208028,-1.53941605804515,-1.58226618550271,-0.595408737676546,-0.852369934974884,-1.07469113377262,-0.505648636432288,-1.92411717177156,-0.880184924308814,0.944484530091106,-1.06243949309089,-1.2878179712512,-1.29119469678166,-2.09489904197204,-0.293943369758695,-1.65085134180376,-1.33318507072454,-1.46983814383723,-1.38646816905911,-1.23816588201128,0.482082271000582,-0.537695198178955,-1.88184278483118,-2.02326232802353,0.235814072779913,-1.18191036819773,-0.584220364868387,-0.694055362553966,-1.08760061831633,-0.503747703096202,-1.62283523689388,0.1473709683254,-1.10624700292739,0.0773581768376444,-0.197231324599819,1.58517766442819,0.428147221578142,0.974950567350594,0.0729149466012135,-1.49570106847649,-0.890689905141149,-0.4505351781502,0.543020880513966,-0.840673000835056,-0.0919834317225539,0.778993480611936,-0.368582327978354,-0.782945623633429,-0.502779437116591,0.0762489563708066,-0.753117782338579,-0.689418455188806,2.84007752639081,0.770125570759584,-2.69950203543475,-0.249633137914523,0.651473062494341,-0.4312559530849,1.89503712471231,-0.0172874946679812,-0.893145770946733,0.887725359358428,0.261588062060702,1.42193397816008,-1.8098004596747,-0.723023407206665,-0.521398679300705,-3.24671547200522,0.79450564575317,1.14901005072451,0.351540607294884,0.760112069796969,0.498305795084858,0.334140580679945,0.392069334608977,0.56128929364368,-0.221742849082324,0.657140658568263,0.166626110417743,-1.97588222684315,-1.50592739941989,-1.17959678355454,0.363904336159212,-1.71971139976976,-0.197330665736735,-2.18874352063088,-0.691053735095895,-0.613246242812228,-0.471419976298779,0.748541762504926,-0.387273235645026,0.141285366248475,0.882725510840971,0.427400403949643,-1.70100796458679,0.192378359574412,0.0763963485258168,1.39829672638726,-2.49253280940201,-2.06275164367305,-1.67227389578116,-0.839852842786767,-2.2239540318663,0.617018421765312,1.06463051463472,0.276925948532701,-0.245992925217008,0.217632023341531,-0.440959526863639,-0.997858618106313,0.405526209111702,-0.53711229425831,-0.968665333559954,-1.42373353873045,-0.213117082420647,-0.372486302164997,-1.61268359751607,0.103997263679615,-2.30428107996955,-0.5832018570884,0.657892246771261
0.149602238358627,0.6835270005924,-0.18461599924899,-0.379199999923444,0.159312904409358,1.93687729382305,-1.34065741148289,-1.66172935077654,0.681554364079616,-0.625234532863487,0.277361102770806,-0.974141897411123,-0.601437579028065,-1.14919114481054,0.938113489181186,0.356606367388729,0.306950639990622,-1.12570747287584,0.0940967549700329,0.315019493488507,-0.312713476574572,-0.997924844226544,-0.212717877670905,-0.553601353009796,-0.731462639195215,0.470184436967567,-0.0454816902297676,-0.581342857620407,0.348441858838705,-0.635146178561572,0.294894901632222,-0.7965977696809,-0.0808739716570153,0.0433580529006914,0.854901138051598,0.0360435015976752,-0.244396975841762,0.347462255460051,0.337290424723929,0.308393589845867,0.143588940279746,1.94304562867609,-0.303078144418742,1.87714873327386,1.72499558758685,0.0995064610287329,-0.148163493248961,0.0736568648256643,0.477826955933421,-0.139229059127347,-0.00401158890013088,-0.390850050135729,0.484318144503422,0.033249756112846,1.16708366765102,-0.584692370700358,-0.455943288137756,0.836763801636233,1.35977315519581,-0.0449205567254237,1.82132405843447,0.618581522062153,0.439500545272278,0.915309238513133,3.54361175850182,0.566369887275872,-0.114958122979259,0.030500962662359,1.61059796504218,1.75621281641045,1.44944923475334,0.126459340865324,2.60368075896232,0.754051462582604,-0.613840361964084,-0.287552299358929,2.08905831015822,-0.222328303799328,1.46357391176794,0.08666461086735,-0.494043553099218,-0.117359859857546,1.06241185657935,0.437285627878237,0.0799586984327861,0.54967413285757,-0.813729369012451,0.119595719636288,-0.474270902834884,0.101235009852326,-0.667501816385927,0.436699521282103,0.11393060119874,0.0911446556324109,1.01112508591407,0.0104670068113264,0.886650468632922,0.714334359813929,0.581639960287424,0.55639171589158,1.25188701171436,1.18241889778419,0.663272366386343,0.705532909187459,-0.182345480786957,-0.0918920642180871,0.665167940088192,0.0783074013972846,0.883613874251085,-0.0305392603238832,0.569993599273431,0.333923177819919,-0.304794419515863,-1.23733474636549,0.0283921168312154,0.0385870007195003,-0.433259778934076,-0.258299407800675,1.82647805683031,-1.16783246518485,0.679770746249519,0.614147455834161,-1.13850615118184,-0.253609417778656,-2.1774944933406,-0.808571167081924,-0.0114034322412173,0.144753689638939,0.629375621146589,0.390208563260527,-0.359703170182641,0.427525670856353,0.482619588725583,-1.03523570334672,-1.33119271063758,-0.188331199759386,-0.534921523956614,-0.326386964804398,-0.549104782657921,-0.355186308771322,-0.660884050963534,0.0859603307070384,-0.427055854163998,0.845573922382409,0.405478799942449,0.267133117947175,1.28116965131451,0.239238362876006,0.184094429025087,-2.0326425907954,-0.467765681117778,1.05384026903973,0.693398755516081,0.859533380894693,-0.0858272452991858,-0.225632514529549,0.765740824519307,-0.124226403250824,-0.253915740856444,0.289679342535581,-0.936415546296296,0.0982609288462639,0.0177473567028719,0.742814916417812,-0.0240089281371249,0.073217722653467,0.0601544096497215,0.81198014832235,0.796659117427702,0.976811503195522,0.287574245676171,0.56161831165937,1.17895816510671,-0.446766890129557,0.109056616783747,-0.588435804306921,-0.500858186559352,-0.568285240985519,0.265719534702328,0.325794668458939,-1.11247869741048,0.27453175671289,0.510733134598809,-0.571616560384073,-1.34694594074901,0.894492566770686,0.0663701370621977,-0.0396583539325633,-0.820406337178089,0.0858800598198302,-1.45762847591268,-0.409166877939049,0.0226621131726099,-0.14738743611769,-0.203443820623897,-0.15641615643935,-0.260390300780181,-0.00812912682878302,-0.961714617475601,-1.04995571828173,-0.720601655305718,-0.553690424909113,0.159343877034686,0.377914104222382,0.684841488058701,0.131919053143296,0.155239354026472,-0.136454702232514,-0.249749517127831,-0.269860854544905,0.794985290827308,1.75428307075128,0.0839794574259942,-0.814945058163068,1.12230972833208,0.941423283220365,0.747474636489219,-0.6914049281091,0.35298522190942,-0.563925003679181,0.0489223784979752,-0.369822997355833,2.64435168513364,1.61808203093387,0.437096569484727,-0.197087172078901,1.19838550846462,0.669403913963811,0.355690718136,-0.174041209661886,-0.0679268982572626,0.204870180590894,0.929711609890381,1.8436231512471,0.583487325338472,2.42368748768878,3.06813495214209,-0.323525560332211,0.391488201770918,-0.0811371534926074,-0.34803772671201,-0.677828979723062,0.618504683866888,-0.0171812845445031,0.210631533783737,1.10698358555924,0.571074775920019,1.24747263695422,0.969583378849614,0.578825240499048,-1.04244595595266,1.56480440497854,0.10002567063541,-0.656800791133174,-0.25282339616617,-0.815251026267899,-0.321752659625336,-0.959830095506657,-0.644006816372882,-0.582225885432006,-0.678699224921173,-0.759186496792232,-1.15520490937051,0.556670246614236
-1.07808402958097,-1.80433462686501,-1.38143886553236,-1.61514184272655,-0.772763484227719,-0.94570711574044,-0.983808874394599,-0.53040950896689,-0.770808489145384,-1.24814250531547,-0.529391166247126,-2.06336077820991,1.93759863152307,0.464193526423318,1.33144858935115,0.904060882429644,1.21196464666658,2.00605665822344,1.19071789471011,1.69084008251577,2.01583042035525,1.18026568016145,2.66246699825359,1.11146369818972,1.47876306976679,0.584481165238847,-0.0587224524798288,0.534688429576527,1.16390912092744,1.82388612181084,1.69268750625993,1.78532132948116,0.680883030919229,1.68952939194042,2.51898397092962,0.0329536580629638,0.0793936685630499,2.21325174985179,0.50983829499866,0.591376922672289,0.707072034057413,2.69306530282193,1.61219527954395,1.47416826346298,2.03572324935021,-0.644369764863355,0.940358077097025,0.637930511753587,1.39971618945723,2.47818648177508,0.996296439634065,-1.3914792270515,1.48504078199828,1.00840999600777,0.868222796056912,-1.87376210565584,-0.155472247723632,-0.37495582778007,-0.704467805100667,-1.25161658124217,-0.311920778084533,-0.610947287565662,-1.34439891928002,2.18206567015151,1.62769901148904,0.935550636795579,-0.0200503447815514,1.09419148570695,0.915810667469276,2.39305749904634,0.54749470583125,-0.0756880483437495,0.217110477205674,-0.0436275006959813,-0.503381357330783,-0.600399832502514,-0.349836478093725,-0.85630391592261,0.0827998859182753,0.1916838008593,-0.88195949678864,-0.661120233488673,0.199840681810127,-0.491416481768443,0.00222074718402239,-0.0277497536542461,0.39080803342393,0.36308194087963,0.565942112302162,-0.0847308204931573,0.373183161508156,0.950008331530849,0.544233403499462,1.11418026029234,0.515417656792091,0.356520449978662,0.702562581325046,0.405508600794001,0.341450394516442,0.74152026629769,-0.173079025857707,-0.552583709706107,0.150728038074557,0.238705286254545,-0.663037376988505,0.142445317469812,-1.2733403412773,-0.985939090527352,-0.524841684833054,-0.590075174195656,-0.495627813413881,-1.45835708767866,-1.40998797831645,-0.332907878025061,-0.0501572606443467,-0.758229079869982,-1.01188884759018,-0.581513477424046,-0.105659102570677,0.220054783910531,0.824510673897951,-1.32035461994097,-1.87347936624889,-0.683967043895187,-1.63498135214655,0.13002334442898,-0.889663948130568,-0.562558906077162,-0.515961133473692,0.899096710638216,-0.296247067279921,0.0252023187804504,0.694663351374561,-0.231512790124697,-0.722511067194032,0.938047937996713,-0.844258925604083,1.13003990741308,-1.21988930693394,-1.60438837923302,-1.85436289282774,-1.93875801707395,-0.918716725569345,-0.561695653016867,-0.295048254450275,-0.907989584211198,-0.654665361907397,-0.630524918694879,-0.136810560149384,0.0124142083283449,0.218969875347986,-0.904793719536155,-1.71636779266739,-1.09820451876211,0.142523297724137,0.245754715784709,-0.530331765664749,-0.345793882186038,-1.10612505563982,-0.505198672002114,-0.0719963609300465,-0.631487830158357,0.450854705713886,-0.239162223250582,0.18074326883326,-1.06825065829052,-0.0653392233026189,0.0672303346410196,-0.735908852379369,-0.0682365602003191,0.802311541161516,-0.965530917767841,-0.603617455953282,1.47060715595802,-1.57719683960952,-0.6071450387511,1.08653651657228,0.95546105000865,-1.52890609076063,-1.30978701414477,-0.966615789609181,-1.31574084768244,0.365188144190089,-1.88410011203677,-1.71938933101719,-0.00534283865780211,-0.000610742352505635,0.576838313214277,-2.31179000318434,0.733746484454191,-0.278162237043322,0.782491631693622,0.350239641212191,0.23409797834027,0.317201948606571,-1.07176657809798,0.120311828517371,-0.854090823445218,0.383092977195186,-1.97489217927197,-0.43878132358609,-1.1622454845782,0.515268789593121,0.425846258228574,1.15024825805744,-1.02421446411216,-1.2405346874144,-0.309057362730684,-1.53342405618022,-3.41643580784506,0.217959152864293,-0.0610441968425039,-0.179893050450408,-0.231476269850946,-0.995977755254828,-0.540469773480896,-0.766005044213823,-1.99184159904669,-0.631615579418913,-0.393424678504292,1.31224816188454,-1.23885055583336,1.89857670145627,-0.115684834494386,-0.153063559543193,-1.73428617545386,1.81874431631514,-1.50702113750594,-1.74340270559789,0.098169035216865,-0.417749263548997,0.870512225871966,-0.913894178621772,0.339559055424686,0.425950763811523,-0.385675956107271,1.25030047352543,-1.21080721733434,-1.45892736595958,-1.01604819217073,-2.43920554266059,-1.3852587086922,1.97293406814932,1.52551771168258,0.484022202153015,-0.876039704283681,-0.836748962367878,-0.832443088823376,-0.692508439433701,-1.06951793038937,1.66315220877225,0.0701220153300059,-0.0771567999293041,-0.132240259741607,0.522089897053125,0.138119605920732,0.606580935337798,1.34795185301991,0.217022288342123,-1.0032176792393,1.03794057229615,-0.206180231598229,2.30860810567665,0.367461497223139
-0.0249710795212438,1.11873364471013,1.94906142485505,1.82338171955796,0.0329919558440479,0.169485490227669,0.172129187353879,1.10816626070767,2.2499631603755,2.83553573873267,2.34817509767752,1.81444300257158,0.113303909607282,0.403434485584675,-1.31536074138391,-1.67280844029002,0.653132950086794,0.747274171840209,0.293267368206829,-0.340944211207865,-0.080941510995643,0.491271826080894,-0.44333607946152,-0.588765653772918,-0.263716294456321,-1.49155610433878,0.0562330307799218,-0.364016340698461,-0.277975965502793,-0.965648669457563,-0.0683476341299717,0.567484637985285,-1.21735375134257,-0.550738165127804,-0.041819869200304,-1.16843542624182,0.54040043006698,-0.224617619624722,0.784703813222808,-0.228037945755585,-1.95328114049731,-1.269505854503,-0.118405968433263,-1.87596730894418,-1.79372843915315,-1.45668784596574,-1.46257589485543,-1.28162870781979,-0.0314909980755268,-0.837545081962467,-2.61075785676937,0.527042129319072,0.139176116125691,-2.11574819432831,-0.894659451725186,0.934552691341514,0.866073291203307,-0.366608705210621,-1.23862447236447,0.670547655680372,-0.105004432551849,-1.5223354198025,1.08626610178037,-0.418767678425969,-0.108897228342275,0.397539250429268,-0.711121752470859,-0.564570546376491,-1.22964908157143,0.287055585414693,0.779455354361911,-2.0766587623913,0.268628117571044,-1.03366842574165,0.636208386944822,-0.648662953470014,-0.0974824255188348,-0.0260484930674541,-0.482921711914284,-2.1495893113726,1.16910980812,1.6340001436449,2.0424905743749,1.62331834398802,0.472085235900608,-1.36670320908969,-1.74870615424958,-3.27040110359771,-2.46826712159774,-0.822514310929929,-0.952881770620307,-2.83585830501104,-0.307997773306092,-2.2479178125545,-1.03733837885114,-1.47581869286351,-2.13862998506151,-2.33319293242725,-2.37362560957269,-2.16761435546726,-0.706200107311119,-1.02011535466446,-1.7290085113707,-1.73760896644883,-0.649978038536559,-0.578555194203219,0.0317973463824431,0.553502066220056,-0.37805371413432,0.16654641326646,-0.0227276395262126,-1.90669565808351,-0.226636697622158,-0.727633132271664,-0.600866361606449,2.69925670252277,1.29463904622076,-0.589526392173525,0.342253887052025,-0.0312866537235357,-1.73095679762989,-0.352953339653337,2.14532476036648,0.911377049135801,0.475264220786556,1.02180374898786,1.56610064553891,1.78843695892201,1.55458426618479,-1.84439575218052,0.48670811205292,-1.14735379487626,-3.48197402920757,-1.29960467691212,-0.808236770427214,-0.829370807144828,-0.574902479989552,-1.32234098857415,1.51853871270653,0.845820480203889,1.37488939776568,1.03055611775532,0.0754352635487699,0.457326663870073,-0.413081402335048,0.154922072646933,1.19157834375525,-1.13258713964992,-0.925209614587228,0.277284413292944,-0.743825090122378,-0.771112904721525,1.27782570165079,0.971302416130479,-1.28738226886032,-0.888740994041408,-0.279250418296962,-0.101318549433184,-1.44277524001217,-0.992633223365942,0.674320597361691,-0.77585349275248,-1.51151382055308,-0.598006891050413,-0.830412982355788,-1.14354044018886,-0.340456106699216,-0.138666865226067,-0.787742512652798,0.0518366203488619,-0.00604633461208743,-0.500105713418553,-0.494328177562107,-1.1356980750157,-0.658220981115125,-1.77331869342226,-1.39261488625486,-1.24508696828481,2.25704150140042,0.951731230077498,2.08633943977871,0.964970566763448,2.02007361617347,2.38524864175139,2.06639689424702,-1.521646535764,-2.74622457247233,-0.438329887597257,-0.413328648097625,-0.439030386015375,-1.9023396147457,-1.30241578803886,-1.91132505995946,-1.70137563296045,-2.06832809605371,-0.695671990260384,-0.58710769527729,-1.87381014627935,-1.11893435704899,0.434934842918147,-1.63910178914831,-2.70091458148011,-0.851320935321759,-0.830783389978906,-1.27581793138708,-0.557260590015462,-0.593711140217631,-0.225582899526744,1.02136286399822,1.47657764823059,0.65150416383039,-0.411880315562751,-2.32114939527966,-0.475428704309342,-0.563480856081575,-1.42271161788464,-0.582817819865431,-0.696126534270403,-0.553442251635379,-1.82359262354638,-0.229529261012385,0.964548536506876,1.3589333216798,1.43505143680573,0.819819823040441,1.44117608411748,0.828793150856128,0.378404055547197,0.435882882206183,1.36339360276924,0.0942371350499202,0.327703327276529,0.985894832801366,0.96277557359588,-1.69814653677561,-0.96088580685913,0.749410089647752,0.0118723962784657,1.06801760701094,0.374300045615567,1.02955340477763,-0.651625106357545,0.991292805963847,-0.204467344261307,0.575338861021122,0.738269077050925,2.11274957787207,1.38568872686373,1.58273336293667,1.28716262875106,-0.110959854979242,-1.07739871268478,0.513957222739996,2.88717820194424,-1.28386643965823,-1.51934824938312,0.17879003551386,-0.408398720534058,-1.64346979491273,-1.50337869506687,-0.905283297881722,0.584220793844406,-0.654629195222703,-0.871927043135532
-1.06618062704948,0.390282575010159,-0.632158966971061,0.205368357426361,-0.687817566444815,-2.56551496685958,-0.500496968604712,1.32407970050733,0.542244956188605,0.359401092057897,0.918322372163578,-1.53567717855379,0.339010858086178,0.441193009217241,-0.509278178841187,-0.113756471362014,-0.860097165382221,-0.377340375200028,-0.440754998841763,0.671279026357002,-0.707240555232532,-0.25454448315844,-0.823825065674087,-0.483805910941381,-0.271717772227898,0.571244350854152,-0.27202602992933,-0.380910624988857,-0.167540007489764,-0.0774477790560838,-1.19932280711012,-0.267053733361927,-0.0356694577036416,-0.552852773853956,-0.211946701447835,-0.535163630601609,0.0160868202596509,-0.778006636930631,-0.322409431261048,-0.876485288659877,-0.174625392065756,0.554210724812973,2.09449947643609,0.347797837676648,1.66547892524068,0.400748560235544,-0.317929206167118,1.18922621026387,-0.260939091841512,-0.429977474347244,-0.114087875069382,0.283027053768609,-0.348879137341915,-0.39422110821087,0.481382629688924,-0.150047171362867,0.0288081342974751,-0.197232202876659,-0.171234581344445,-0.133628328016292,0.263476099806053,0.351132203354998,0.676734791316293,2.06685423889484,0.903259548946221,-0.0392496077138542,1.41310924352087,1.09102248030894,1.10690198268042,0.496616313680284,1.41006039782447,1.02732963553499,-0.360509571793901,-1.21082898341188,-1.34334942485757,-1.17061983341092,0.194312062975575,-1.06859470317936,-1.36084018899236,-0.908098567930819,-1.10681315710799,-0.629215277318275,-0.601201213859808,-0.456512153152723,0.578094281469673,-0.759109519675911,-1.59065822891568,-1.50313335307694,-0.326717679640269,-0.132392177649888,0.167284551865129,-0.921968225223505,1.06709124371409,-0.568611713720252,0.125109033440774,-0.386605943383264,-0.926365432526885,-0.865598892587181,-0.872247518763206,-0.719975894558536,-1.4163069583642,-1.37085472528933,-0.368585820432047,-0.344428766882111,0.251921821093151,0.454800811808034,0.864159956498808,0.561931284988585,-0.113684064634502,0.160255011692249,0.937359950236931,-0.273407945106858,0.568961782172481,2.47560147278629,0.716821488359982,0.279653871459647,-0.689873182444893,-1.47292847736598,0.360118842093413,-2.1472025733077,-0.495411991382075,-0.754690768094871,-0.305399871427007,-0.690033835952011,0.143503714105664,1.42643938970683,-0.0102221367714482,-0.518941337320921,-0.450693799535776,-0.144342988865475,-1.73195400541978,-0.245991267081093,-0.432682476526172,-0.361886002338351,0.310559803309273,0.210398909862159,-1.18926682737322,-1.79999148461123,-0.118976846723201,0.0516229567853214,0.394308930165115,-0.577422787926476,-0.402696403696762,0.13980981938291,0.998845460171305,0.712184343729005,0.575515232794254,0.228504593465762,0.569922501524299,-0.625752381631138,-0.769203969731159,0.766392327156355,0.729631721128921,1.22079205172019,0.658416576234287,0.547563931111063,0.993830307692167,-0.308098287135648,0.990827724305583,0.345350586279191,-0.612855045963519,0.823362076476907,0.744213579055216,1.05667740461457,-0.586932228159955,0.759459219216112,1.04928714850435,-0.219481019289249,0.531755774394391,0.185457200713026,0.233679730489244,-1.05637341084857,0.038879864305394,-0.080141930276324,0.0601783825088136,1.36151724260435,-0.523903318652186,-0.5793051280432,0.195043072137856,-0.529977039037737,-0.126260747297568,-1.27563591764043,-0.479613129426455,0.132470454252223,-0.385583294429604,0.706041457225029,0.306889495402178,2.46195458536978,-0.573583486971396,0.320577036379103,-0.0417126484298598,-0.53436993674944,-0.244163906480798,-0.325297383134599,-0.86268248438339,-0.28855778445722,1.39328085772045,0.237237645524769,-0.274010817306351,-0.079668784625801,0.548896012179116,-0.916504998017315,0.228876971816411,0.523441898052118,0.77909155714174,-1.45791245637097,-0.025499142273915,-0.241065714923107,-0.211035122930355,-0.717758036056535,0.912466110652932,-0.410853707397551,-0.109088326193634,2.58450132832987,0.342402738082885,-0.314124176704034,-0.967330974700768,-0.201092867034673,-0.354176015537955,1.96372237769674,0.530995282124534,-0.803680120916961,-0.0381239186477176,-1.5899312305091,-0.973619291383852,-1.61389391960614,0.0860986264840839,0.733406890315543,1.02246086682313,-0.479757189527815,1.12657794510787,1.27053670758236,1.21867360329682,0.330958256948387,0.477008153161285,-1.82009485162154,-0.125671266340289,0.48311114378768,0.127507145535555,0.560600619240663,-0.358928160262823,-0.66410073360594,-0.411689516109022,-0.973735844006029,-1.2550870360005,-0.263129786327912,-0.352354566545344,-0.401814526125814,-0.449520122395136,-0.537689819072536,0.34298665122039,-0.174586522612371,0.658634514360705,-0.0453870266244829,-0.0995381377215492,-0.0665526950598401,0.0537617700765161,-0.345524054034803,0.0445577233405485,-0.220255696486554,0.157298729527596,0.943920738667997,-0.57736973155994,0.0290479959785945
-0.962901047588345,0.0456731742795065,-2.28111767289726,-0.287088444202118,-0.968546199302266,-1.78468720725472,-0.320234644118209,2.03135930268269,-1.33091947040206,-1.27215969827253,-1.43973928451109,-1.99366586340976,0.842940281436381,-0.473676422698476,1.41780304936249,1.88331127871189,0.264729947463429,-0.305629191711558,-1.23227734933922,1.40148816797658,0.141921622084033,-0.499895787712689,-1.19215892497199,0.24880265724377,0.834400561872085,1.65414726687755,-0.139791407563628,1.22391221551075,1.12256362299593,0.822678888723689,-0.82977950245768,-0.901445162322164,1.0427010320503,-0.0205876422410133,-0.760636178929287,1.23531775545617,0.466733435536144,-0.257796481106872,0.432721401248088,1.32952747261536,1.76309127248672,0.348166841834546,-1.04512299167816,0.566543423992413,-0.225988637666532,0.100152425546347,1.91461510065281,1.75505141454339,0.389146335337543,0.177915158025612,1.23308060488924,-0.773235389537443,-0.252318635140102,1.94387820907612,-0.242201654466985,-0.895058059243091,0.442844150662678,-1.20414929890062,1.02003353422128,-0.159923856565871,-0.306751436539262,0.615967997055527,0.861244165044686,-1.10334583295775,-0.148966980539266,-0.907517516219975,-1.9116941164993,-0.646564290333813,-0.978585253145451,0.236263710594688,-0.160555560745107,0.00598016334510764,0.550742467821647,0.221193758198594,-2.03417785952437,-1.12844976614372,-1.05358841547141,-1.41962531370865,0.0448973124601689,1.2421548720025,-1.18151344905125,-0.058229876796454,-1.16135313978211,-0.901312510504888,0.0956614489179999,1.06408994707055,0.449146570506765,-0.364586709108751,0.43671551412213,-1.23410920210473,-1.93612144743093,0.160412932094659,2.07842576891,1.62294950023965,-0.241567128959041,0.897050024682925,1.25750408412836,1.11718921436569,1.64938068451753,1.29979418080977,0.991711697414629,0.869962047728959,0.430400608129667,0.540019867037094,-1.62712739724069,-0.741639902133005,-1.69656842540319,-1.3973237127089,-1.78313427148495,-1.25556922207473,-1.38812139055537,-0.0446376433375008,-1.80837254644517,-0.549473571757242,-1.30676167786191,-0.773689094841348,-1.27374067951116,-2.27255790273811,-1.53030485711004,-1.41907613053572,1.49453184335049,-1.27571213885034,-0.723919967207327,0.388003997644223,-0.221256120228402,2.5854924394282,-1.39643332676716,-0.705160699570094,-1.04295949172591,1.55315957110366,-1.07787110939481,-1.30252584768887,-0.0686300827730891,2.23294131800129,2.00311119112357,1.05121391328764,-1.57406255273968,0.587033057282459,-0.671796563234629,-0.0155825849799694,-0.319832863916116,-0.914832085490009,-0.0999726623514001,0.772786128916741,-0.0222640262221189,0.0413764593591783,1.05090111584753,-0.531650587593156,1.93899920486037,-0.256685440290186,-0.566320988289363,0.180505626711016,0.0136885484747755,1.03054086412568,1.62485379052282,2.03948134775644,2.90924897556346,-1.13027688035443,2.66818474496945,-0.794329993069202,1.83578230003992,2.30809372011775,1.86686106373052,0.823282975202678,-0.997364051953168,2.52803182081738,1.61112556665421,-0.245517524617633,2.46919477556917,-0.279804142453283,0.759659481190195,0.421976445395276,0.767810734258091,0.157683263872738,0.307198273550711,-0.666566609969865,1.97523693739923,0.884833551560448,-0.807599999771961,-2.34872224424039,-1.60180741891445,-1.56509786887917,-0.469066673327904,-1.2041055895494,-0.342703134007975,1.41957343674005,-0.795658723202174,0.129791096337797,-0.877069087596097,2.1866812419871,1.81676745501277,1.45477361662949,2.24624477311908,1.64378043055031,1.46500556022479,0.454095187269336,2.12988579741322,1.18502364856442,1.15946652315418,2.19119307097317,-0.169513931249783,0.933444332166333,1.88849492043464,2.06862049589399,2.07200356624351,-0.46444520270275,-0.917203423565775,-0.65440157947173,-0.918568800932342,-1.10842876930255,0.0486718469443052,-0.263777854605711,1.46553837448229,-0.704670789162905,-0.483624302214008,1.38848588141641,0.46327486419636,-0.854624947730925,-0.80643801639036,-0.139946018426666,-1.09651903586448,0.548646406873925,0.100785580401285,-0.775033793664738,-0.215079906018791,0.0326655279388526,-0.445661511174728,-1.36311994665134,0.170442798986307,-0.855976122852205,0.163268159003556,0.338788066133937,-1.34450290202101,-1.61504090071129,0.30023874487902,-0.398854529218175,0.236019300265872,-0.144196206969765,-1.76936802688037,-1.27128707793383,0.271698297083847,-1.01874705279755,0.659518553811881,0.596058146654433,0.165203526068382,0.510904393809505,-1.08098039671105,-0.976416490166834,-1.11517428379674,-0.599762755924273,0.739686480279205,-0.0571598459184514,1.52606387349146,-0.713002143416057,1.67535874483375,1.80013846104855,0.679643511177592,-0.145015625848392,2.28124792661735,2.40141880917513,0.974056374824102,0.754990298288704,-0.12687824296118,1.71618224973965
-2.28149384137287,0.313465718899897,1.6416510456416,1.7790950076268,1.28035050363421,0.87854273324187,0.0850644925009282,1.62964842074647,0.221520074374398,1.40786434918728,0.427917440922094,2.51350042886406,-0.881034493405443,-0.764663127415349,-1.97300085148815,-1.04608362673175,-1.72805812382885,-1.33237449832409,-0.595432555362018,-1.22138697893025,-0.863451393561592,-0.150384007205779,-1.37415663442254,-2.21282858202917,-0.880376474525071,-1.78936404878252,-0.363475045105592,-1.50577754474601,-1.43936601276183,-2.36270246294659,-1.32350126027552,-0.438401507604661,-2.0674974126569,-2.28308662877673,-1.47779251507466,-1.87134601329242,-0.221770561951524,-1.52062691918053,-2.00904440152617,-1.75159739967745,-2.13217288296203,-1.78476790136877,0.556964444914874,-2.23340344703607,-2.98167929891562,-0.828692626494602,-1.97271550520128,-0.864537501521621,-1.77427181313268,-1.61345715324767,-1.92107736909915,1.66109994182223,-0.786005234186237,-1.12001967566449,1.36486164271327,0.697519862041286,2.93495184645993,0.705816222386936,-0.609847778531303,1.89675629558462,-0.0078580565688452,-1.54681916994711,0.909918394471633,-2.49901959657482,-0.805826559580385,1.66853407389775,-1.69909741702737,-1.38997924193534,-2.40241130326135,1.3036667947733,0.0703575536936959,-0.363854150430194,-0.00943714202164206,-0.830220341569013,2.0468273493473,2.1269297422979,-0.127695411835528,2.308423657923,-1.44437469679632,-1.89868905689013,1.90941840734927,0.869703138946375,1.02661807395399,1.14076820918514,0.55031548443689,-0.947608097932967,-0.845200249308061,-2.46106724749252,-1.88616335621769,-2.2827340888348,-1.98567098289316,-2.07371926050735,-1.18560185256958,-2.16701085059564,-2.00600927978268,-1.55978766451295,-1.59600190236939,-1.02579182440435,-1.19624629758403,-1.76954674262971,-0.739551788147961,-0.466830170787895,-0.778271259726758,-1.43021478306133,0.713316807983652,0.20391083807489,2.26689011281756,1.47953900109101,1.68969648000462,1.47676180879695,1.10732791870548,-0.846918291679511,1.67378640842504,0.88020966198882,0.749339867370095,1.26983858281044,2.08657018833666,0.0894260035476278,-1.65672670827044,0.391481761883159,-1.04165295539872,0.406557799640381,2.17528124501049,2.52010632726543,0.740683742811826,1.97405208748453,-0.747996672971662,1.11520723985576,1.88529416739821,-2.29180880909902,2.0823283463878,2.09799700459039,-2.67398102364246,-0.737930113208593,-0.783917984424439,-1.33556665328527,1.04756742786468,-1.68379398260379,1.44167587929587,-0.131261128462475,0.543080317866032,-0.335248628116005,0.901268893349971,-0.0734151021836019,-0.359085874619867,-0.888338327348253,-0.464792897616659,0.284965669743358,-0.436372702974042,1.67904972881262,0.758181541570308,0.466439411550828,0.22777372499774,1.66460869320964,-0.364879871113527,0.290340287776427,0.035281197461144,-3.24186809807744,0.163167963173095,0.194967521251689,0.822947399364064,0.0817187927257619,-0.977041518059808,0.125694734680534,-1.03543571601542,0.0935191855989324,-0.086435861747753,-1.90664446411789,0.384539484869923,-1.02563947491072,-1.86188407289523,0.0436903914999911,-1.62008857617377,-1.65821813357138,0.322765661205024,-0.304004771973567,-1.04115379707656,-1.90615869668524,-0.0983149254491596,1.36659857561233,1.60397534007082,1.69493644173061,0.581839653592448,0.100365549801036,-0.865908635881596,-1.34935259108937,-1.95487357090251,1.78508992012502,0.989266363247618,-1.15598139615389,-1.36171536248843,-1.69610864530583,-1.481994220829,-1.60855810016992,-1.04541487172822,-0.101474347194793,2.5213864221219,2.39986670092778,-1.61779693535743,1.56197117122352,-1.13662764405468,-1.16799706207534,-1.01373609857299,-1.04978794361877,-2.00142834358126,0.916596425903837,-0.953521305784641,1.77588017266236,1.44163691085257,1.51943740531792,0.898169303460695,1.0668827691908,-1.20644151867974,0.573217767794807,0.865633051248876,-0.851459547199829,1.26902605826648,0.46513245691834,0.137472570230745,1.12181537052872,-0.976127749366535,2.03515995957319,-1.19672180324949,1.94444950896646,1.7139462556483,2.77196899220156,0.442267738108333,1.57389186861713,2.43150627088243,2.1944526259453,2.2898854069483,0.739753677345376,1.19629654554148,1.30536048914827,-2.56931693995466,-0.747577756989648,-1.22631160614435,0.668949756062271,0.193036746194064,-1.00308006469356,0.734641770303038,1.22190494761914,1.26952662358445,0.337521610662038,0.165032991755139,0.843312036492281,1.57471214085885,1.26660052432042,1.21642243290791,1.52393592984686,-0.0686808975368418,0.0837473758419674,2.04605651023643,0.194389893477389,-1.30629747852276,-1.3658891869615,1.62447534535637,-0.64557023052912,-1.06178207846023,-0.108672203759024,-2.25632942389846,2.41590221130825,-1.00990441980561,-1.37697037473346
0.393045319888464,2.44372211640574,1.05046315764304,1.23533249672782,0.449489318669172,0.518633566667958,-0.800151160435035,2.33496441718804,1.07334283643489,0.603744211229015,0.782307749497173,1.37132902273103,-0.373499803328146,-0.364222464182315,-0.836422553617235,-0.176461906833596,-0.968877404093172,-1.17242888177705,-1.69604724243891,1.48991953461311,-1.19886576488062,-1.27353374341363,-0.736754468239806,-0.46630909041822,-1.43468602955944,-0.695365512350028,3.25337456892652,-1.24052675539746,-1.21966718538351,-0.269642985084701,-1.40405431824809,-1.17202157591595,-0.0753335754478368,-1.34681271468341,-0.727014391556026,-1.30961849456787,2.80489707045778,-1.13983584677543,-1.09505063280773,-1.15037284089509,-0.773623500805365,0.34315452972365,-1.41471489920345,-0.597930507890181,-0.974685627246715,0.364031666094676,0.00700515888679214,-0.0320019184236977,-1.20019763428038,-0.172925606332703,-0.0592769029233903,-1.45221153379723,-1.1288460162688,-0.299153598110918,-1.54043193155412,-1.32338423976489,0.380725146509698,-1.62180970667286,1.21307899480277,-0.685735393278406,0.78462458483077,0.313739948296721,1.92768578882039,0.205790425032373,0.799112700107566,-0.0365388350717849,-1.26967776352236,-0.700963664309246,-1.64248634133572,0.106609616234282,0.420843394273411,0.0356931628575158,1.96976598800931,0.134065168567221,-1.41182838799128,-0.510924599611197,0.149020962175702,-1.27937698329204,0.137030831837008,-1.53296249362588,-2.33386333583845,-1.41124730012269,-0.601528237817889,0.616099359572406,-0.164276398811658,-0.167104458572711,0.00732042681673523,-1.28521468558398,-0.832248477380208,0.0712707790490847,-1.28509389656356,-0.927263725978512,1.20615196188743,-1.08851887453394,0.566271708152115,-1.51192342203537,-0.0575851579968842,0.462494061010064,0.34159645548314,0.421128278985546,0.167770765882595,0.175650926768601,0.137599527704677,0.119631867031362,0.583484641486736,0.00856809182965688,0.347656521988045,0.174274971802164,-0.728257107928185,-0.835595060031097,0.711344950398814,0.191938685237657,1.71707432877868,-0.474903520465409,0.304323589107067,0.533655559326652,0.600943715956949,-0.897235040028388,1.16053152820641,-1.248021197514,-0.501806823756919,2.1356123047442,0.337092742436028,1.40586690255142,0.733772077157592,1.04669267379259,-0.147334935565726,-0.884557631117572,-0.519617973286338,-1.1528141809424,-0.225461760777362,-2.50195763541026,-1.20936224757111,-0.998696756714152,-0.00125571324571724,-1.00182889720872,-2.07944509207706,-0.305406208403213,0.554771918227314,2.25294322722834,2.46003168630805,1.62675219532995,0.48250822133267,0.2993473735145,1.28120281518396,0.764206414908387,0.684200528630152,0.190330411156065,0.884707270507784,0.930660538404114,0.202949252496493,0.724192816895248,2.91471298626292,2.94894026261457,0.462105411837658,0.0603514026863091,0.334209994951522,0.32216976323503,1.08627817903394,-0.0540548267775459,0.0136790412403906,0.306475997416965,0.376737163527929,0.820457652106363,1.11331493694656,1.06209491432097,1.47449922513235,0.388591109812282,0.947421497634123,0.945882042602094,0.929327534701365,0.520607017864754,0.714397567449486,0.549074274354304,0.054997416724997,-0.0800282075841039,0.238034819279661,-0.206533697101328,0.99919603643354,1.58428964714796,1.65819969291165,0.823953635540979,0.0433908255277149,-0.0200374171974647,-0.125962425500751,-0.159320741884856,-0.435234822934547,-0.486182996040341,0.490006124404447,-0.955703822797165,-0.727053136331562,-1.67005030566936,-0.706352035225314,-1.52875000016271,-0.891082805697321,-1.15584240353634,0.159882195926792,-0.516263186262983,-1.68099755543404,-0.0035904381856093,-0.237688619089356,0.528089506225281,-0.671604436072768,-0.506935410088642,-0.300399190517824,0.414491933979536,-0.92043571364906,-1.72270690596875,-0.900461848157102,0.349064640272805,-0.906153230439319,-0.160522296673812,0.453951214463381,-0.468130462067365,1.09737256492578,0.911661175305018,0.266102327032906,-0.451751566197629,-0.261315699927048,-1.53901609089361,-1.75409872858209,1.31415041636627,-0.272588757977417,0.669851227239644,1.16092339678411,1.47273172158063,-1.06638234895771,1.6546703949671,0.67675651764409,0.563705366273045,0.615767021731745,-0.0949571405237256,2.32546572501828,-0.0281966452137125,0.0481953112532989,0.264683367651875,0.504822578212356,0.000799296014453213,1.13211295142507,1.22320816236414,-0.382368167355385,-1.81321180357632,0.41173061545409,-0.813178512709783,0.530241951594776,1.19282181383515,0.179520049830933,0.396696449978539,-0.115773214855324,0.849726281185357,-0.0842901893171113,0.281889833727787,-0.230419464150858,-0.35696965327063,-1.24971174596823,-1.0665293998378,0.142501634289047,-1.31716575259833,-0.131077198754874,-0.137874246483937,-0.173780872284334,0.577523964324665,-0.77841273420538,-0.971243257871264
0.700348828630537,-0.375055435269123,-0.116565201967378,-1.21096873857259,1.87720371123229,1.74251949445332,-0.661641919662668,-4.29808966042738,-1.62585819221253,-1.98637462266251,-2.02401178427502,1.50720741514004,0.947665092154407,-0.319331335509426,1.34553823460433,1.62464107364486,0.847613897550375,1.50890048527498,-0.81747691486278,3.27812037861369,-0.459129971532652,0.514224118423481,2.21350015067914,2.54797734915181,-0.570371050822264,-0.397879342075581,-0.535517999367524,-0.843699985374959,-0.468922126958124,2.15710448648099,0.131145433523942,-1.22502499536033,2.72995207548235,1.96521832854266,1.20767337758329,-1.88777151177957,-0.441057107201057,1.52668354717341,-1.05403767670526,-0.0573492961951636,-0.510043771137827,2.50026336255664,-0.530749152906703,0.0263369691581468,1.05473632759205,-0.312216374429303,1.97018915698128,0.887247981149056,0.655079030654418,2.12176220789297,1.89245197478638,-2.03050422783771,1.49206013160513,2.06870996626773,-0.300762489469798,-1.94807538214489,0.18058339166711,-0.766677921538388,1.55510947969317,-1.71702293178771,-0.156489009033238,0.636350926670376,-0.436219761819925,1.62416016919022,1.27522228065891,-0.599430080548409,0.175951061231769,1.55618762161683,-0.221604945450919,0.912331312203461,-0.906276780459077,0.221955305060618,0.971343295163639,-1.78170808266365,2.31928593031478,2.22770610759314,-0.737596309818702,2.33277661658641,-1.8244460960225,-1.27126882151184,0.550697307112797,-1.8956166261872,-0.9480340557441,-0.745143208131355,0.0164716708728614,-1.39505385718427,-0.298945089480979,-0.744427771424694,-0.948620541110878,0.365649631229855,-0.823496261146397,-0.209281344346678,0.903656912928549,0.159272585356192,1.5445548631329,-1.71344715907118,0.583955000647896,1.03469845911094,1.61855449933693,2.11358324084538,-0.282610259773509,-1.3132819952972,-0.556820772142839,1.25951043043087,-0.501991153867606,-1.44817288679783,-0.252510615994638,-0.135484214063394,-1.15092106083248,-0.563748048683447,-0.899477765571439,0.461812157538989,0.203563693996915,-1.22540985884129,-1.0734548296506,-1.98192087122853,-0.82295319647147,-1.81548382909468,-1.12841909781331,-0.329143976458037,2.18459678088091,0.293534508955936,-1.14708996010958,0.498908456304143,0.186413212661817,-3.1474325803603,-2.23130774396641,-2.16878697722246,0.277464522112926,-0.837371126686717,-1.32271532275021,0.725245977152251,-0.184784867329955,-0.251111245119503,-0.569240059317842,-0.266705246188129,-1.38540344756207,1.83092435769837,-1.51927543341063,1.14347130111503,-0.0436224334339519,0.51690425443569,0.280843754232247,1.29491374905859,3.04821289245938,2.24788688598571,1.25145860042846,1.90594169391911,1.42598181025145,1.01336115902746,3.10403386927062,2.06893637177354,-0.135644000012293,1.69557135652308,0.984676570816344,1.41632171374248,0.340741608197056,2.21491754988768,0.906911253884921,0.724768352743947,-0.138114579493882,0.63147015773908,1.05844563996355,1.26939108499618,2.52526422099708,1.01744650106689,2.08072708051749,2.01691386745235,2.22892987159773,1.51972359677431,1.09876230424318,3.24142236675536,0.54731212259182,2.70899231915654,-0.146141017995838,0.730454135827355,1.59726769243716,3.00483921933755,-1.08312359915077,0.928004789256271,-1.10983749556968,1.24103464646778,0.681619546692089,-1.63421722059391,-2.3585478547449,0.779005265393437,1.80133841386057,0.0123749319072776,1.38906861207469,-1.48078136737627,1.128321111272,-1.81874515938004,1.52402587308324,-2.02795152844229,1.00426918616942,0.633320621677364,-4.69007268998453,-2.62973037079723,-1.56735460648946,-0.214225188914785,2.33825620240732,2.03796524607548,0.114490390169529,-0.753199428100162,0.38722701911177,-0.114664114446177,0.731711915880372,0.582421057091165,0.66592777783478,2.04703317299778,-0.0523731604694732,-0.52367575018633,2.16541287418447,-1.21194372396518,0.34089487142582,2.03783142474566,0.23372341968871,0.568924989231763,-0.560067712400009,-1.34936796398475,0.467014962782761,-0.408811376530326,1.27904856797238,0.527440077811221,0.180281142579606,0.623910627610753,-0.734755271065655,-0.528969481177689,-1.0698611942906,-0.786506494386782,-1.36576935311906,-0.955150663443572,-0.233733953404588,0.297096890274039,1.1635220498322,-1.19370230478175,0.493728842112462,-0.75220112101448,-0.996762539624389,0.611956497848632,-0.977070942603047,-0.423235534419248,1.1409562002003,0.128137968986584,-0.385821574019045,-0.369572477540037,-1.07333513683557,0.133369426080715,-1.23355112732606,-0.0139143928218257,-0.203507950459752,-0.806154008344405,-1.48065476394209,-1.88484754322654,-0.72839527967749,-1.54750904046178,1.21591649397232,-1.37416642072529,1.91047282911256,0.959346002093528,3.56239058331772,-0.164640355658223,0.971354538131862,-0.265229182442441
1.5847877059033,1.10856820157884,0.0654350912535556,-0.62108260706959,1.53565010087438,2.1293557078631,-0.37449845721131,-0.146769824934523,-0.167406248654568,-1.11670388893215,-1.02268450661708,0.865462011091414,-0.525317203195703,-0.161088861553991,-1.24314263369396,-0.841994030105409,-1.37665713758537,-0.726962370155572,-2.1580834770577,0.136341810792133,-2.02624923224938,-0.810222183086999,-0.917306725329439,-0.501689758975038,-1.08483385349601,-0.900815593180845,-0.521282986754678,-2.70692412402058,-1.53798817933066,-1.0520819610565,-1.76174648546359,-1.86530633033672,-1.01678935986026,-1.62548046939525,-0.89533209651729,-1.35664780529322,-1.04332005628727,-1.31760482717397,-2.02722493877125,-2.58905936938313,-1.12462967820075,0.458912647052559,0.735808056610132,-0.0607328329447606,-0.842491131342228,-0.893700504739064,-1.0100197109438,-0.0466165054869379,-1.500970324386,-0.505356710306007,-0.260327313387218,-0.215609133933497,-0.234528249685668,-0.786488874607931,-0.50839770047574,-0.912704369272417,0.90958493902063,-0.876668983498797,1.17717004960623,0.178512838220204,0.265935306411011,-0.40387879859096,0.142197418535163,0.975432588156741,-0.321869333353985,-1.36304726673581,-0.114557230441733,1.55610541748997,0.00664626723464322,-0.837130372371135,-0.154712448034327,-0.311627184231208,0.473786058500873,-0.42101960726732,1.14469865551713,2.07275456341037,0.450729556248728,1.81433844930263,-1.96992514684423,-0.157223226919117,0.0822205617742223,0.336532286334449,-1.36376619972602,-0.534535955985831,0.411116569721858,-1.08796089275174,-0.0715502659081485,-0.545987005283418,-0.884827448986658,1.2347236388874,0.511273941755431,-1.1727464095875,1.19557925333265,-1.56804512628641,2.38188559311966,-0.605317406041302,-1.14064561827144,-0.617717349231428,-0.440483215388114,-0.21840866026474,-0.223148047365805,-1.40039787709421,-0.225922001357944,0.742683033708175,-1.24215027641166,-1.42191020298361,-0.541976168922633,0.101350924931904,-0.0258843562704968,0.70431964293629,-1.99210277179002,0.987164757232824,-1.14670577258803,-1.57647861374924,-1.75805584109589,-0.50234825167137,-1.25436307649381,-1.38614676344253,-0.555368641843232,-0.912987778911023,-0.232908362834268,-0.505509698230665,0.107079252243747,1.13174293289192,1.87762681141197,1.0959739830278,0.462884924147362,-0.479488871894354,-0.727908293700858,-1.04803629167516,-0.798182030339449,1.12892412519886,-1.02629470875307,1.02144953601476,0.545305896321994,-0.985575049908773,-0.192819969608001,-0.749380233164366,0.836396002066505,2.94156260797533,1.02774893709891,2.08408081900265,2.54550158312035,-0.59603719473105,2.88985574224407,2.45391994312994,1.39998912156082,2.2515674554486,2.32537311271081,3.61710391973781,3.24192974704798,2.87156934748316,1.73880931799459,1.52992134001296,2.40464582074382,2.54732035944108,1.52385353035038,1.90056990606634,2.68193961459295,1.93549819832073,1.92360643851115,2.35919180224996,1.72829440262758,0.846923597502924,3.95835964278476,3.08988168914408,1.89126488743105,2.23664289072555,1.19396560498376,2.58947137183341,2.20884960403064,3.29724900297204,1.3495752595673,-0.303278355603451,0.953777314166858,0.442861383391587,-1.1563397165535,-0.0591538073684787,-0.0181532070210407,1.3792242280236,0.427131334976949,0.560892312984987,2.43141160730543,0.623987520502284,-0.926691856792262,1.09534970700995,1.43319844788721,-0.725570322767627,-0.972032821726704,-0.26332233344042,-1.07104387058431,-0.0418701107812584,-0.958385139772597,0.0619386390243185,-0.855414737155054,-0.372529749030068,-1.20689999738845,1.06124837169433,-0.317995214724598,0.91645752302834,1.70871634387041,0.153728410279098,-0.826600407173455,-0.229738667950154,-1.16520199628321,1.64292258332197,0.0214707186367062,1.77590506538963,0.451690148528057,0.701724801937592,0.430174531983357,-0.233532808558727,-0.0863549681683297,-1.09123035384489,0.826388308198095,0.859716413438199,0.571157871226112,-0.909347620810164,-0.857332816743753,-1.31088987870149,0.498844804287468,0.462203935699351,0.354792870893881,-0.339233566732513,1.04107729285279,0.721652131869929,0.827229103760038,0.801629022573642,2.32927778775874,1.49827089750305,1.61445698575689,0.454201572974761,1.87421819781976,1.96091932846956,0.241529181542035,-0.9652027008601,-0.0626973047250084,-0.0361671907881589,-0.372691308006132,1.23564651114994,0.366861684016862,-0.249921990114016,2.73338695098556,2.0749614019256,2.29804900586264,2.10343114728315,-0.186913617819132,-0.0591654527796356,-0.912625825218552,-0.290801758375791,0.313286931519169,-0.847864026540779,0.934604837530128,-0.382512724401082,-0.707106922951649,0.208379063837048,1.18212330697076,-0.269682244344996,-0.874068223988417,2.41421079464518,0.473088598233467,0.985175920750504,-0.524181473329638,-1.89589793571866
3.45103632446869,1.66451980074854,2.0781538562149,1.80300736666087,1.46817321851267,1.91913902022205,0.409131333611428,0.805793031922312,1.53861257842124,1.65657086455428,1.2408104949673,2.66906985853401,1.27641536682382,0.889771083909242,-1.60604515454701,-1.7253162539579,-0.940456039167559,0.715503799750807,0.0240793233429237,-0.0233183844465871,-1.14439230595742,0.887967324726664,-0.55118424270405,-0.473901743656403,-0.530929324816772,-1.28337747347389,0.127879574452535,-1.05062839587916,-0.722004951176698,0.689064892510071,-0.886600980837366,0.26709291065423,-0.40324533090222,-0.849503180438026,-0.443349641849721,-1.0825164138621,-0.794443364472263,-0.0866791653884371,0.508080567107411,-0.618615760299713,-1.54407889031265,-1.65473544533424,1.1377070780704,-2.62107720938316,-3.12551400724525,-2.34372617419287,-1.5322697138944,-0.955378497032341,-1.04851317412457,-0.773650316847802,-2.07941868114454,1.18158233723217,-0.181377066704564,-1.36933586045172,0.40768616060796,1.06361311376578,2.29434530028554,-0.201213517156368,-1.44660378454646,0.713744958326086,0.312299191776809,-2.28962576425739,0.294681459066628,-0.818933683793707,-1.12576252685142,-0.0802253313679801,-1.06509505219442,-1.03037769006835,-1.61424520942565,-0.997417315993784,0.150097976289382,-1.17195153982748,0.544694073851598,-1.01564186648541,0.979825258055158,1.07879199410067,0.442299393184962,0.735679747858917,-1.13534711974595,-2.12842192291194,0.74250878996716,2.26924049051829,0.309401864911724,0.684332436464351,0.738046109762703,-1.38776447919696,-0.825578604863817,-1.7763755185546,-0.457775322671186,0.13279149386618,-0.0747820056915956,-1.52006721786442,0.573543145332214,-1.53116392272679,1.17478400348275,-1.46823212196028,-2.58923665015928,-1.9958442375634,-2.20755170985814,-2.55270541691707,-1.91393929913281,-2.41425727964304,-3.40466266516425,-3.11983143732477,-1.27210272865774,-1.87098795990327,-0.676684661449324,-0.128761586918651,0.242479378121105,0.794103009534419,-1.11714097687954,-2.80036170909573,-0.736704353856856,-1.21248267382734,-0.944741500231021,1.55073767515774,0.468273288948184,-0.24803124329247,0.487995341464489,0.278460495461999,-1.23384810487534,-0.0592808951497738,1.82736678613853,0.698913122776577,2.30391536264458,0.612384861589814,2.31502866298915,2.01110304686571,0.426909353635546,-2.4086716121033,0.533384375485852,-0.662149767909122,-2.33308414292764,-1.01291395998689,0.448458108802854,0.210433101416281,0.450027428153864,-0.152100852424821,0.761983436065237,3.81017709764869,2.09666165299222,3.25225030754985,2.07297100151544,0.242754123079362,3.24477987004008,3.48851710387488,1.6828451830088,1.84149170609924,1.92619678697488,2.91173368676214,2.04918590903637,2.65432867200041,1.98604738071229,2.34217191727442,2.17377696242852,2.23377200752342,-0.0188407860656882,3.32355601082222,0.985731412473144,1.49595897201416,1.07258383366306,2.46838287859234,0.484064890373024,0.473678741164271,3.43655114614383,0.979354113481753,2.57878847204463,2.85975763110007,0.665696203228114,3.32269662348104,1.63360797797061,3.88957184235291,1.14585691010605,-0.536979579333329,-0.882874938909986,-1.3079417767579,-1.00407863959488,-1.23217478998504,1.50130215065571,2.0887531222506,1.64446237612338,1.39119458036218,4.22257627716388,1.78645349197322,1.8927832334467,-1.6663557551793,-1.78035544088612,-1.38879722645905,-0.112178823918398,-1.25474841356863,-0.876240540048531,-1.69082794376421,-1.80214697597604,-2.25844582313314,-1.80954572134963,-0.880647389059767,-1.76995414809559,-0.676703175444348,-1.27959729271295,-0.659673182621973,-1.38928774468599,-2.09868615530094,-0.482166178176876,-1.16901647777187,-1.17798089521849,1.4799385686965,0.257496581896705,1.73603106506309,0.488640298777141,1.17310136469395,0.816972597055676,-1.00753226257781,-1.53368387566415,-0.474672941371973,-1.34245789660899,-1.62057379106598,0.0185622526160579,-0.495465527797497,-1.2531173525952,-2.1171515116479,-1.65369674480878,2.25417294986966,0.222794748640654,2.64821701703834,2.19936717478606,2.57670299364563,1.06706960811361,1.03846671376233,2.8633064033446,1.29306827858328,1.69114849161419,2.4854579986619,2.07944898129446,2.9027009933449,-2.09614516386085,0.425372801604391,-0.209769220729187,-0.178153454304081,0.667651912079723,0.489059857567891,-0.122835490553899,0.701961110925722,3.48064992457222,1.81928087178167,2.79471447609037,2.21420551238159,2.02293634138139,1.35862229621732,2.03850196463738,1.51261963499316,1.89995599196284,-0.950906871589203,1.56036359642959,2.94556676052427,-1.3651210765412,-1.26490844384761,-0.34412042865429,0.660073237220385,-0.601701354480276,-0.236901392627533,-0.296176569596241,1.33873435612967,0.732523344973733,-1.47948329964916
2.51990563212745,1.17588434256227,0.631076852334226,0.515763460525742,1.91464663017927,0.745214078929877,0.0171685187212914,1.43993816989825,0.651937618005568,-0.282680520311319,-0.0905656993722939,0.580606563990864,-0.212357957859998,0.851944571102904,-0.716120123947701,-0.96319341645051,-0.303763938257051,0.172480921773982,-0.236732110235597,-1.07524900761735,-0.801140952559356,0.167901694609826,-0.928031718369418,-0.664175307536549,0.0398668236107127,0.213547608895817,0.072972425061894,0.719862119516445,0.0482177661482771,-0.296775402095639,-0.32589297836005,0.303368507473124,-1.03800630992043,-1.07257877258793,-0.0123070956384987,-0.117450105067065,-0.992120869252671,-1.21149352682377,-0.0944710987718039,-0.3646456939755,-0.188973570133494,-0.979762671977814,-0.375753090818421,-0.109961561280392,-1.88677330431249,-0.265338357241704,-0.882660417787481,0.251212669917053,0.0340135297842931,-0.100949064388893,-0.454933545915762,-0.339622054123281,-0.0210900670162582,-1.06487829900874,-0.758290727377536,-0.244625149660424,-0.316574274796725,-0.329182213756628,-1.50454210127368,-0.555294232998822,0.0683852837029756,-0.545284152258766,-0.565658181211839,-0.19811266758272,-1.58383215217535,-2.20347106389642,0.759231004240219,0.392961544254066,-0.172064575167566,-2.41959511342275,-0.406799521424457,0.119036764972328,-0.219140839200575,-0.398862344495119,1.10137263311959,1.08195560595136,0.812122421603571,0.947830993043158,-0.934888358059212,-0.118233391850855,0.646580769960318,0.651339107230517,0.828022184544666,1.0829985137742,0.672973673637927,-0.373878637381745,-0.973984520785032,-0.0100091050768318,-0.359790182607122,0.805447003931499,0.788069268090899,-0.449151342006875,-0.0944150265098205,-0.927221891564123,0.864029277741234,0.157965356175167,-1.72521415409873,-1.47036873994842,-1.5409028683057,-1.58211479807141,-1.81594789158694,-1.71095872850219,-2.04911521045986,-1.99540204407852,-0.205950720192361,-1.16214752814829,0.964846548187231,0.860752832480556,0.801471815801905,0.977024547967055,0.624598443410834,-1.73202289945571,-0.516175025085854,-0.914457351192372,-1.53574617608617,0.176990146061967,-0.159986419354275,-0.309800894335735,0.2712722780182,-0.0361466256766583,-1.15870355691875,-1.49633397225601,-0.417208323624856,-0.930087110340641,0.577616309506264,0.243504777692505,0.498906921160838,0.46150962131545,0.456089997841288,-0.018908004172514,-1.85675465566271,0.108691346722837,-0.12925833572389,-0.974491471655625,0.308122080490252,-0.265242226631459,0.101460727639383,-1.6262990601144,0.794583258850337,2.33126105979485,1.05823892518311,1.97693523514273,0.491613134095717,-0.933823630871921,1.85469685345153,1.38999623969116,0.736692419192099,1.02452938696818,2.54264325473026,1.62478231068371,1.73300145357225,1.41912945614749,1.47319613871685,0.145255611778395,1.56201558664124,1.80794019287982,0.261459184897426,2.8155497935153,1.56943824315969,1.08391852631366,0.764706620290075,2.4162837920545,1.10043020906689,0.0733899915613425,3.70514800959783,0.955236975964862,1.34894450222412,2.56676494151308,-0.487572176839524,1.80075709718133,0.310397837290288,3.19842153904889,0.913249117219983,-0.154091204547691,0.118145169896064,-0.139658356577091,-1.29512460585968,-1.27480626025367,0.298093380973155,1.28544641934663,0.454528854621614,0.707222623851557,1.6361766835683,0.321026028903006,0.15985870720081,-0.227458784289896,0.0785647309712831,-1.01067239956268,-1.25827430638589,0.288442116733665,-0.616857761061432,-0.125706829451545,-0.800196505640407,-0.371529395190983,-2.0724978949803,-0.939861352606526,-0.211931605552351,0.0784611126058809,0.0822363012631579,-0.0601036764573308,-0.477501613521799,-1.99490351334011,-0.0316936270363807,0.192701674174596,0.332215444375876,-0.334128876023685,-0.795473069559292,-0.569330825805814,-0.282921087258309,-0.234510586796619,0.690830171479288,-2.49536262100565,-1.19189114415834,-0.744311120853385,-1.50792529671337,-1.31673041621818,-2.2010927463451,-0.97400270588677,-1.61294087961889,-0.734152483563107,0.154145922876361,-0.321373161538115,-0.87263260684375,-0.860760907672401,-0.592034795379904,0.618163478605999,-0.59608820251881,0.476409103502884,0.0882338246981175,-0.751629965607448,-0.212273958460966,-0.211412153262535,0.709027158600442,0.625744566400396,0.404148960101992,-0.984307557791912,-1.60235999936882,-0.822555937420373,-0.674700088178452,0.0357491724541078,0.0378634801858485,-0.696112094986819,0.708401907224991,1.29636067132408,1.28947116921528,0.342512483559795,0.538780697191931,0.568454575390801,0.00105883772140636,0.663343076968294,1.52498872304809,-0.985461497233656,1.1650116859895,-0.200782308431995,-0.0745590570008153,-0.21609110290798,-1.08310037584097,0.8409959116221,-0.908633177724209,-0.231564721699468,0.0068414659528048,1.20709768414222,-0.0262205403453937,-0.257364187936868
3.83341406520045,2.6757535793091,1.89459002594848,1.23733740144567,1.54435518181634,0.26228546831277,0.538766613099414,0.555137624285266,2.9048165422262,2.39649545385616,2.48161200617333,2.18966560591181,-0.568599261191353,-0.734154963268463,-1.48910256858643,-0.105908798922029,0.230702526593029,0.421300972024132,0.298252104440552,-2.12505619477438,0.161549839502794,0.187692491653591,-0.791291036555363,-2.42710795481362,-0.719130356520736,-1.96714785502059,1.27517734668588,-0.595224480936705,-1.64464475383295,-1.06403269272732,0.0200951423276417,0.41325548201592,-2.35397058837826,-1.61615315622891,-0.421477658132044,-1.58473324336785,0.387551278068495,-0.688691855391998,0.0436325003887372,-1.30178171528527,-1.46612828215291,-1.22177450730968,-1.08069172085268,-1.01041957872416,-1.78202514730479,-1.28169069848487,-1.58428885230157,-1.78999141152484,-0.0858877383925033,-0.660712923566808,-1.15589897428062,0.0892548104287398,-0.30909192263341,-1.17597478914076,-1.13544027944085,1.22677933537133,-1.13010989446098,-1.58926195736767,-0.327569242715906,0.563078174007765,0.201778434067121,-0.813766045562133,0.946597452345228,-0.420770323938348,-1.20996045653624,-0.66514438724493,-0.574663631956348,-0.231044135920142,-1.12536965477103,-1.62933039196225,0.366109467525051,-1.857242701105,0.990140024170849,0.0995389573031549,1.75349301531524,1.45412909736632,-0.39265163202797,1.4822915620997,0.692944740864267,-1.0232395723861,0.94478808997451,1.11230820919635,1.49226229150235,1.65478744641373,0.233019136944609,0.739414282495486,-0.488250194611539,0.18785361357837,-0.779705563883318,-0.473747077689518,-0.415252546970031,-0.0862465618494414,-0.889433634444578,-1.98383338301599,-0.512918975289139,-1.71228456652658,-0.594975750054212,-0.803005989781744,-1.059435419125,-1.74400710882986,-0.594389415915255,-0.197435186581904,-0.717611921139978,-0.854546713043565,-0.34453372292446,-1.26306041651828,-0.0493032991683879,0.238948261196016,0.375767915199317,1.38285028758989,-0.403216332929396,-0.747679021703203,-0.0790175463374689,-2.05696673177748,-0.611954740287582,2.41061946912273,-0.155615095726037,0.904881131518067,2.23802679318062,1.65361742272878,-1.58455126757446,-0.34516612916827,1.31175109776788,0.0924817636074355,0.638467836205495,-0.119356022734603,1.80092726621724,1.74895015972501,0.344675422206397,-0.977709310981163,0.247388358467762,-1.13127254013009,0.10561527852799,-1.64381188425834,-1.71395829474296,-1.89165544964491,-0.878661111187458,-2.36562941018959,1.88001879141647,3.29639059159031,2.70706446029271,3.12586754528968,-0.0994626628548914,-1.0524684210074,0.411416130317751,0.864873882868519,-0.263517676283432,0.586514817028962,1.86481656018475,2.03711306568187,0.783355963682633,0.898313660962939,2.43428624225123,1.21090025039591,0.41866536714549,-0.0691217277688403,-0.511604606098089,1.7931533916981,0.316344355733201,-0.271891298716336,0.920516986314094,0.422552041886273,-0.0885247372694526,-0.99320205431283,1.48066035648972,0.744521365783143,0.278365763386965,1.79622274769016,-1.19379736994775,1.18883078389249,1.52235473469063,1.97834581547934,0.858961940960411,-1.8293612265691,0.032896114805555,-1.59300615232635,-1.28739866656396,-2.12607850652168,2.17694350984376,2.16231749792416,2.22789807514586,0.792876129539953,2.25491023365632,1.15331974612775,0.714148200925044,0.105756910256896,-1.38267065171988,-2.14609724244673,-0.437186188891336,-1.98535329249473,-1.90257279762111,-1.82581324330442,-1.51919871813889,-1.27774958559916,-1.78494639211086,-0.941394276910721,-1.17656713549396,-0.192657750008254,-2.1216447825623,-0.436615734691901,-1.84705405139009,-0.824254422946568,-1.76218744358334,-1.68040745654781,-1.60674523416426,-0.75908107997894,-0.345326817176235,-1.01852214637146,0.734081041846513,0.367735180552807,-0.112216509494671,-0.469324868872896,-0.463563116964572,-1.89889414306618,-0.321012620520776,-0.326291976745117,-0.454693379280429,-0.963285841355627,-0.631459364661243,-1.96272511556309,0.039344805914212,0.909269569130231,0.495651397823604,1.99859134868737,0.861560928292544,1.34053214720949,-1.29978247495564,-0.374213372979177,-0.281911760965938,-0.0528336808823983,-0.782635000655378,-0.598028474786466,-0.268023384209148,0.107963794875755,-0.609737932566717,-0.596714315179834,-0.211925286946724,0.120573752474341,1.76323742534683,0.820317200495539,0.898565990296034,-1.53371920885282,1.29175051956706,-0.455721667698388,1.57126793985978,2.40303059835655,1.7998221975237,1.12483794712606,1.75412168677097,1.25281435330494,0.582499658684415,-0.816847694968281,-0.384663825691343,2.07824282835769,-2.20903709693179,-1.7534716207623,-0.771242713448384,-0.0642020628321195,-2.08306338979258,0.217832472664034,-2.27835321723271,0.0129310635740488,-0.950583865177503,-1.39179846267973
2.08965797367563,1.84666062781669,-0.706604395541109,0.548310674835892,-0.626128973403584,-1.21252558272668,0.182906955282869,0.467797406830532,0.498932734243443,0.157821954504832,0.502823383232348,-0.0227894209086587,0.522146777146716,-0.348443393540074,-0.0820464718762728,-0.966007398774307,-0.329199114528454,0.430600693022833,0.283138016849869,0.33161656307059,0.230313248537582,0.569643197547685,0.450356600862975,-0.500196942924556,0.349426388494515,-0.121341860370444,0.403625282530487,0.918544038654511,-0.0715664014235095,0.650300213466849,0.209245776507124,0.632363236039251,0.0325866990342306,0.234174570663548,0.296177536521896,-0.0708855196757953,0.0822745206945678,0.0687027214632228,0.231430227977256,-0.145465698023577,-0.279838352612722,0.0570591483730974,-0.262713068865604,-0.267455472076886,-0.244791474792429,-0.396353713423874,-0.038787949961075,-0.515432536178984,0.234392127619181,-0.207735859395575,0.0168041487237968,0.415453378069827,-0.283670847849818,-0.52007385683544,-0.517265228939246,0.0485448323207361,0.499377897179535,0.148798463685463,-0.437981274170671,0.0397094828641912,0.467797608804689,-0.336851829405578,0.645972817313601,0.961714939192359,0.253568688086074,0.0386081316188023,0.268382448052067,0.0889442370042652,-0.518430745161762,-0.442314541534255,-0.616011980015891,-0.53989277490631,0.0643782512174325,0.359157930412106,0.35614672425379,-0.482266067944453,-0.065395505829061,0.233320477417274,0.50955524970327,-0.384472176708104,0.641447750910736,-0.310236940436868,-0.518259485545492,0.369856703738572,0.239031129847321,0.823255453930682,-0.546256454158917,0.468965007197724,0.53282318663814,-0.145653734013631,-0.180800721005152,0.334841150186879,0.0883149949700933,0.398506626813428,-0.582526563008934,0.0558731096292641,-0.660159811398594,-0.476798378154964,-0.738400353229135,-0.720448410647704,-0.633618938861972,-0.95484278208127,-0.812669253665919,-0.645075012994378,0.15435302245341,-0.833310533605056,0.552544500968316,0.384507703631207,-0.146644485785445,-0.49572981290717,1.50879601470409,-0.574717214179362,0.950810086198243,-0.0449007737224291,0.369056987103677,-0.299555966403059,0.0576578368948572,-0.258674858910679,0.534613668681927,0.871748177117294,-0.267019303060824,0.738587733721257,-0.439743098367246,0.178202447143691,-0.793021290432794,0.180695797047155,-0.146933184186279,-0.710565775447997,-0.170447955458601,0.22601995063773,-0.199076479931145,-0.130596998233275,0.668309502400109,0.19595308080303,0.783662342936458,0.829085565193898,0.888143299081713,-1.6757899675744,-0.621982384023834,1.49097088985237,1.40498531601548,0.960860502364894,-1.5541941111337,-0.97748277219856,-0.169701992047134,-0.241935739894926,-0.382189983406639,-0.05941424473027,0.616067572770719,-0.50081466107406,-0.672960378227821,-0.423727099384225,1.19130331388742,0.135835175298925,0.3370037825927,-0.0212748180230639,-0.319960939264366,1.13642738793724,0.0838231339452763,-0.142568693295975,-0.903598990046378,3.36722692975715e-05,0.277188223610426,-1.10561978500608,-0.20173188517142,0.433409052553436,-0.207127984999778,0.282681417897579,-0.483149734331258,-0.323686735757393,0.627976984850614,-0.420205764022409,0.35268954706228,-0.387381344715099,-0.257521906469342,0.503212290353071,0.324507888979146,-0.648950835625236,0.393909527561616,-0.343623482792323,-0.0772512940944532,-0.752985788839307,-0.107677351509112,-0.495795663642407,-0.722854249491249,-0.352690728329024,-0.0517124765195938,-0.10753250885599,0.217063214402168,0.352980518796199,0.208959770679762,0.529567692418093,-0.520619794440901,0.338629172437778,0.00548782008055066,-1.43460213053122,0.844499663806218,1.55037269953481,0.578820784150495,0.628824651733675,-0.417263601281871,-1.10284857891006,0.952433954457418,0.358449918475827,-0.172739102966085,-0.84205063870876,0.226410515486376,0.204329110133948,-0.135161320862586,-0.00153494297248015,0.280302300677723,-1.03267627480789,-0.436544375567454,0.38903577689664,-0.151166387705844,-0.399870904634083,-0.827905552840019,-0.133845582884748,-0.0689477416446771,0.473874128773167,0.199614738648455,0.134738826972765,-0.387689718323674,-0.203231129994528,0.321472904646289,0.258605351370508,0.38557203298464,0.379469379212056,-0.343006877075035,-0.480259727502386,-0.161418852033547,-0.451420936609208,0.226526036658673,0.340079471583117,0.209021159771531,-0.122019538623229,0.483565716797419,0.43624603412711,0.0966975583676175,0.0559074244091238,-0.798132174443591,0.786089024760963,-0.457014321506775,-0.910383985914268,-1.1131999947875,0.245991573172257,-0.684664194157986,-0.66201175595253,-1.26422560642151,-0.436531508903919,0.746307466560847,-0.175303053310774,0.449510401851876,0.332842965335219,0.132910948300495,0.531023001933186,-0.29355912833148,0.358751250806968,0.12783787784366,0.606273711467495,-0.816454698912178,-0.101796797915106,0.453065068733724,-0.556083409953758
0.229123276779987,2.33705106293118,-0.498129207825263,0.0342169412409423,-0.238127344432994,0.0796213484991689,-0.0247911081302082,-0.507302732510565,-0.102915713645647,0.202509487565767,0.399184343721203,1.03122616224737,-1.24639132811644,-0.564229040439847,1.43177255522163,1.30469515806126,-0.605258857458144,-0.708307913977998,-1.36661291407251,-0.42437850045806,-1.70544395266267,-1.28867349118567,-1.72890786771075,-0.881646120493486,-1.40471435293569,0.224684657978279,0.245007060759879,-0.499357397773994,-0.611010262476659,-0.590860530293879,-1.47477859695567,-2.01973054974512,-0.164160274418586,-0.502295578856124,-1.98704306951288,-0.342775024326687,0.0560756839410721,-0.802465517986603,0.365514545483699,-0.00260112357787766,0.99103332228616,-0.223293502127617,-0.612536409660681,0.0278821841355785,-0.584170511461787,-0.115226389805964,1.0418426092744,0.370978346732107,-1.31514029735997,-1.60528963374617,0.756558670711335,0.290007803710179,-1.331798665332,1.08382685939024,-0.436928887541422,0.209609738254355,0.787495990999682,1.08808694567481,1.17752711397763,-0.377038902622332,0.594767139009964,0.674555090390661,1.44483426271086,-1.10021554720509,-0.109268398536892,-0.29382858029536,-0.719031885095319,-1.02618027320822,-1.30916215801856,-0.242770626065448,-0.684492966198163,-1.01472646425233,-0.0572876317559331,1.34799214164742,0.176425947939423,-0.399681812860618,-1.77440116506249,0.868263983480502,1.24113826685682,1.26823477173638,0.276098908060314,0.373283418943852,-0.554285058401892,-0.596714706910648,0.516356123510754,1.45432745475257,0.558763701064164,0.164699149616426,0.75762566681259,-1.10357002413555,-1.69965638062232,0.929401629151845,0.845789017726634,0.655040464099407,0.0651846307329795,0.952190562481963,0.697541518593778,0.761743415135715,0.785641597816504,0.594101509575138,1.22397145765257,1.36367675072021,-0.57623811482509,-0.356916936630638,-1.39246772512795,-1.2956470709419,-0.974989267585736,-1.28277123241142,-1.35940772956061,-1.44361303115974,-0.971707735638025,-0.292713235571382,-1.85818628553937,-0.779199581659108,-1.53489756724469,-0.455514104522811,0.147872896549121,-1.19267521177138,0.37812659514662,0.379811718048256,0.672738984020145,-0.0244638481794234,0.0165417322690868,0.188382015391084,-0.848796958552479,-0.175293445537952,-0.574227166553366,-0.0463727934834494,-0.438233724578533,1.49333993578864,-1.51898044838371,1.353337592886,1.16342112932655,0.761061101204561,-0.00683769637032298,-0.392208432640851,0.341065099549654,-1.05170098895592,0.396288940671138,1.27032147799457,1.30473033737843,0.288310614391382,-1.73669589937737,0.890041787708819,-0.0595880800481021,0.589343148366196,0.94385298767278,-1.17737611976115,0.196123945283239,-1.32535352389312,-2.19484115024319,-0.785841416636982,1.58445633137032,0.903262996628398,-0.422941833195937,-0.575916430441125,1.37723297023287,-1.67531935152916,0.676732592147575,-2.31803909511724,-0.94124678802159,0.221639176880553,0.583105499602669,-2.0749515599744,-0.875994330539176,0.996165845344919,0.65525285637672,-1.3064851707941,1.0065519413171,0.403134745995095,0.291566473919568,-1.95857373387632,0.0502741196531027,-1.13118462108047,0.100105786437496,0.0274693825590619,1.13226803268799,-0.715958017705394,0.613748213957636,0.134292423200343,-0.0709722800011478,0.016684814474097,-0.582388314681857,-0.0272868369009936,7.82998669137988e-05,0.720959173724631,-0.00893746298842511,-0.529426525650838,-0.822989736442411,0.886185884495773,0.903734867056911,0.216332365798795,0.406365715268251,0.985106081778277,1.10675357918979,0.273023908236848,0.408892486399528,1.78297570804698,0.121132143933707,0.999194498648604,-0.676997823213377,0.750601561908606,0.215317247522902,1.59356859563095,0.820117842207617,-0.315144978393111,-0.853359347059014,1.87570100195725,0.541841950067278,0.811216956499668,1.06528908098831,-1.63812969351674,0.723578776044766,-0.656176632510257,-0.283589216877825,1.31482385061904,0.439893545229005,-0.302297160636109,-0.945394826825371,0.204203675247546,0.04956511648217,0.131995157182381,-0.491644788822784,-0.547709891709739,-0.268349870131881,0.57182016816434,0.695769971000897,-0.166305706580942,-0.560840373491695,-0.25364719401034,0.29583805715356,-0.700201720112777,-0.0173105688109659,-1.22927676091037,0.875953053573484,0.523866232080125,0.298833996276973,0.239273156508184,0.067521244395804,-0.218904929604398,1.38237027751664,1.55634268109014,-1.02082904464445,-0.478144109286759,-0.321866255998708,-0.482284603238668,-0.281750451014164,-0.180439488050805,-0.811085932422929,-0.306060622027176,-1.8045080775453,0.525408128697867,-0.940262767736835,-1.06853332784561,-0.120938575257382,-0.121195225125747,-0.495534880820151,-1.65285375211489,0.773234387552819,1.53663194813751,-0.865336392724711,-1.24012906219838,-1.55534609245857,0.0365022982849784
0.27887523075417,-0.319479646664513,0.702668150606203,-0.321645890700574,0.709478403778564,-1.47095385139506,0.32337972403293,-0.567804014364424,0.314873183950588,-0.633721254651656,-0.658344421141575,0.279823554431872,-0.366601497603126,0.837783998263223,-0.0227611189351705,-0.650652852766736,-0.261802990873053,-0.103597703821994,0.00500128934449797,0.300256700131771,-0.467116032025199,-0.281157663106455,-0.145563365016164,0.267053295856572,-0.635894307889805,-0.826887873617106,0.596344911382613,-0.231179497893845,-0.516351677769985,-0.0899323847435989,-0.279651442528829,-0.298609420256177,0.109562210911224,-0.296584429938145,-0.284390831412052,-0.663754971582423,-0.297450103449494,-0.193341569247776,0.602818313454972,0.416585484433724,-0.470907438353431,0.709507870634152,1.74782849409652,-0.454799645189464,0.869263505271448,0.781463341583461,0.0387042467915829,-0.0323254780028041,-1.07435597090662,-0.496387505903172,-0.42243086940708,-1.08149621425356,-0.397452334253641,0.195268702523277,0.175310173108852,-1.55452529576193,0.144865830462916,-1.24061722686018,-0.403696761905826,-0.922246236251981,0.252623215906057,0.222991884531709,0.132999153156546,1.83293913969803,1.59920320883893,0.349071450049926,1.58515662975156,1.18932695999213,0.946782348880698,0.746162139284784,1.83593599138503,1.1825239978202,0.117316821732663,0.72879567374935,-0.235165412801761,-0.7518332323571,0.967292575315038,-0.398979132144167,0.30333853152029,-0.320013911804914,0.364763596648263,0.433723476581308,-0.682743573693134,-0.744633858834811,0.368079185691769,0.817953735112605,0.641226773826772,0.00966640816164999,0.386803946621848,0.321141230524362,1.8125103407537,0.385950976796704,0.066481679887287,0.140747631652405,-1.11495881552837,0.287039093487286,0.375371147773675,1.32704128282142,0.795215635169335,0.38607184755622,-0.394304241646107,-0.391648711725996,0.0406519837916395,-0.467538517681268,-0.390813588771035,-0.0292325421923211,-0.468972225295664,-0.297549401394373,-1.26349503626024,-0.888710362987365,-0.83633898398938,0.449421343542726,-0.763900117554391,0.158103565930049,0.131871136580194,-0.346278240244715,-1.15097101735305,0.115595834505338,-1.13383459006887,-0.519654621883702,0.286916030856901,-0.378863395029802,-0.201773861759176,-0.145521959563697,-0.162846348539498,-0.668914822954875,-0.536509345022239,0.478375398489223,0.307337135585181,0.0425792695530891,-0.0769616603357361,-0.705517740479844,1.54032450397372,0.309610045008162,-0.070247598432374,0.426297390733034,-1.36293380115694,-0.677350599548598,-1.386468594087,0.37100800342696,-0.500855428621153,-0.291600105572549,-0.635357637037846,0.287489322295665,-0.556973819518058,-0.468396243542219,-0.661557472060833,-0.479713353087675,-0.819365906053413,-2.08521023997241,-0.360201117803237,-0.974354942711846,-0.45662674238676,-0.63390967512315,-1.08475486455867,-0.840358104128227,-0.3962317436344,1.36969217741364,-0.773075111883782,0.181310332754205,-0.454485478658529,-0.679446357490322,-0.527958451847346,0.398556031553494,0.270253211144163,-0.415424016347763,0.154952377926351,-0.636186316164076,0.64540873063608,-1.55700428827577,-0.589708621642195,-0.316302290100768,-0.208100388748352,0.939737300466755,-0.949782047394756,1.76608649212756,1.01459737071265,-0.262291379090796,-0.168082843018031,0.340432928966716,0.214120346558104,1.08795406425439,-0.913758838909786,-0.435816593321011,-0.414662733008658,-0.380525974013002,1.10176854250158,0.89838754910895,-0.81149181575841,0.188228696435209,-0.0208604070200785,0.193709558340714,-0.438153939760543,0.0815238101913728,0.555771389785195,0.52122799334282,-0.761910142207428,-0.685402858845972,-0.307213823196423,-2.45108872906511,0.782733296325687,0.517631782771393,-0.122319699058171,0.337841617340011,-0.505139545946139,-2.33385545301346,0.528778622009217,-0.717609391174424,-1.18122968434185,-1.63140383098744,-0.570286328819063,-1.27463667824061,0.254752169123744,0.25281655698343,-0.939088702238332,-0.0402503977477882,-0.475778228088753,-0.410498303832983,-0.429542324892427,0.865479888039077,1.64000326065534,-0.957781209784501,-0.314980009388781,-0.484721073878977,-0.764976560277066,-0.618559761823712,-0.262595650503931,-1.21034669264203,0.607176499932751,-1.84269086405047,1.03578877120129,0.647992769952194,-1.34142571096634,-1.14164955157178,0.888686967082753,0.654191127151046,0.41588231310281,2.05082224588817,-0.41005540385549,1.88131287707697,-1.31077006430517,-0.647564376248481,-1.04617356085937,-1.90754907985059,-0.464636952986306,0.376015500971863,0.847206577337676,1.07519930742083,0.436295912959934,0.720566268928695,-0.713596473739044,1.50634839896793,-0.572221787874135,-0.448551775721952,-0.304799348387737,-0.35871615849359,1.93737271900591,-0.707065715247641,0.177679070000329,-0.301208623355729,-0.538917313037559,0.432443552500556,-1.01011882512829,-1.2144814832332
-2.2400010303618,-1.10179909490171,-0.119655340254457,0.100178207452118,0.550062958329582,0.117135711748035,-0.0607280616041468,-0.0570805179841299,-0.336945607489683,-1.0400727830839,-0.960556261051781,-0.286630656177354,-0.0210486409669387,0.671108538703715,0.680544967291697,0.822810437583429,-0.135888377634264,0.346691788038747,0.261643263644188,0.563108543165016,0.0485330911299666,0.422888008734843,0.530527338498944,0.13024068374394,0.217286428506466,-0.0554547090352587,-0.443696208543449,0.906533613463635,0.00995396374106823,-0.624439868627411,0.748677203200811,0.547571665309081,0.161469630807966,0.379350468066865,0.557833250623704,0.0289659813037173,-0.999907754331365,0.0515315372458706,0.0624704545742372,-0.0878993201571803,-0.0280270819040646,-0.0134179300365988,-0.254728826308178,-0.628299022711509,0.443453919018206,-0.176496114383211,0.304527498887371,-0.171005891422775,0.980540961620122,0.278431573435942,0.628230293433857,-0.306326538844877,0.757724623704834,0.5488770634417,-0.358086534640795,-0.75783253926051,-0.682930912576814,-0.306448085287169,0.317885462611276,-0.216699045201537,-1.72075892810443,-0.839449644454869,-0.368473675411921,-0.613751346952631,-0.0964904312863644,-0.512717117127057,0.391752829009688,0.599156781255275,0.852116015977144,0.251861407139102,-0.531330815998242,-0.119420808017923,-1.54790445016772,0.523804586165222,0.7152083663124,0.847363460347931,-0.956444586063453,0.18861485175156,0.334917813982914,0.102008395605473,0.666657528580217,-0.0438630548357823,-0.446245600825694,-0.208384199711437,0.695703605604942,0.682714295465842,1.10898343410766,-0.0880195382384036,0.510871668198751,-0.558197897336173,-0.334487013577193,-0.295865932607524,-0.0900851772939846,0.752492910095674,-0.338464168102062,0.263332685611229,0.514772745489194,0.190124435260619,0.127039815192405,0.70764143682137,0.572074391198313,-0.0941415099764073,0.374984862501081,0.542172886116576,-0.166697143094135,0.139851160204454,1.8960680090405,0.851831607900447,1.5740737899578,0.96922132557404,0.400972581623872,0.887313390140377,-0.215246788439693,0.0467657208735409,-0.210357697931766,-0.638874315225333,-0.334060473371214,0.456842986394535,0.777939583841517,-0.011313225082583,0.394120629386354,-0.483210351864892,-0.467917832835024,0.529887835947549,0.172256963978986,0.743807713834632,0.819446067269143,-0.510040959405768,0.170843913353877,-0.0119344645999271,-0.14881328153476,0.33384519037221,0.305569424706615,0.148599904179727,-0.453997424719696,0.828636923462831,0.422573806408405,0.554487290682959,-0.319459629598122,-0.829716882236118,-1.66370226911743,-2.12514920263377,-1.74831793241207,-0.859609109527389,-1.05135931503616,-2.11751577929902,-0.146562743373289,-0.595813912284849,-1.4936316033598,-1.6624740155096,-1.35022618130279,-0.667704875902243,-1.07228747619182,-0.937635854885531,-1.06514354372991,-0.644399577324201,-0.321254657860162,-1.52735282619243,-0.974438510384318,-1.32311947941668,-0.56810131313321,-1.04523653881392,-0.283618066336292,-0.833196721461119,-1.04312536779602,-0.674468713896735,-1.43843065429915,-1.95582425299926,-1.10788980863299,-1.86659733827461,-1.11917322210599,-1.56968237667657,-1.57956503865883,0.776832754608302,0.395681080770313,-0.321755322882237,1.56652422120462,0.33701750428718,0.487079808222656,0.452289012778836,-0.268790812279775,0.0875872382646544,-0.930112760689839,0.491820724830075,-0.0801292006154326,0.0762189481348514,0.0853647750768184,0.65819693548221,-0.831590273593627,0.725144326857328,-0.290816098833666,0.932958903104832,0.459001350744806,0.357450429613662,0.486080770372065,1.02645796955652,0.792853149763016,1.64910019474269,1.01390971232543,0.139802893173049,0.499116283014135,0.615988178746634,0.658719953523792,0.0189162802674104,0.349958268982448,-0.676941709459587,-0.0481890922488452,0.0740173139316308,-0.639120560885817,-0.928402862055347,0.871267736437443,0.908150720910988,0.515435081562408,-0.150685636253435,0.365137356800104,0.226263074956211,1.14799131774562,-0.500872910129295,-0.70140412519211,0.953719617681376,0.444505774506486,-0.115714927469485,-1.83147120726492,-0.205900815646814,-0.352115728807179,-0.299781267584462,-0.0761969078254833,-1.0302343161269,-1.31884079439961,-0.641195647737495,-1.34113829254575,-1.26215938162949,-0.664792336578676,0.0395662379694465,-0.573913072571558,-0.422272463382338,-0.254771623293166,-0.450667490306425,-0.40087481381653,-0.298546868774277,-0.692733284344633,0.251081782115486,-0.274185699192564,0.426609409592682,0.589861246025843,-0.265197026653032,0.00634852402955924,0.281756149191074,-0.989118179446283,0.00298703383797641,0.0381924492044738,-0.094208275043664,0.875103117222707,-0.922274326946375,0.0764622804485131,-0.547940538023116,0.626617850433183,0.0961942236832429,-0.0824880545356754,0.175134974583395,0.0312369764367943,0.70586188032031,0.353528504144145,0.767149695856337
-1.25261963983513,1.18942850168865,-0.821210223472192,-0.133936884896906,-0.22238091651707,1.38610608915233,0.568981326705172,-0.528677457540744,0.136393644045879,-0.325753952671601,0.533733773874892,0.422042650408775,-1.58775225010314,-2.06472507327203,1.55426700277652,1.59320425734828,-0.797620167154624,-1.30512724044947,-1.31339930698584,0.334825468788652,-0.231640665308181,-1.39791104495855,-1.3378173095018,-0.268332011433227,-0.22619015111887,1.29670177795805,1.48164743179965,0.735268683040456,0.482059457508974,0.0557801872440057,-1.01713930139502,-1.52867318032486,0.571589522274394,0.295275960538316,-1.60237378680495,0.951554623532498,1.14844803630221,-0.913784074167654,-0.00888421013204968,-0.211955371796018,1.56949203155565,-0.38994445236858,-2.18787561023015,0.524266021619651,-0.465904390254401,0.651838349554337,0.851547887224652,0.936786785414989,0.898191628098957,-0.763987095467266,1.08946790414729,0.312704971537125,-0.808091844339488,0.984015614111625,-0.62461078143073,-0.231120850328588,0.265578892748394,-0.46826067065893,0.435932606531724,0.219917257847863,1.1614827678496,1.40414928790473,0.702183942874636,-1.53906755959425,-1.29662534639622,-0.98592229254755,-1.17640156576886,-1.66544171703789,-1.57423747969322,-0.785650243875779,-1.66435401186132,-0.550459001332529,0.115541147536222,2.14391720952663,0.0198932181565266,-0.412857322420681,-1.35045036368224,-0.0907336679491183,2.00922817666364,2.5168883977333,0.0276255233114872,0.133253586328424,-0.120859145871629,-0.605706840820987,0.388597731453573,2.03368419324721,1.67441314417816,1.83006512442831,0.995626165806089,-0.0101661813190354,-0.520215688638747,1.64774004579738,0.806671172837226,1.41865629782126,0.216328392961024,2.46338707776692,2.27385520087851,1.8884105139691,1.57093067217736,1.38392250414236,1.33325047462103,1.05611282429095,-0.162779412343135,0.110563941850043,-0.626997471113926,-0.320372463048317,-0.655214443113559,-0.624932263771977,-0.665111199103338,-1.15663707368075,-0.600077379513023,-0.210700153953629,-1.22679360336727,-0.0392392025332153,-0.143240686414057,0.206047906440119,0.0370877999785537,0.0684758974293233,1.74532515490915,1.62144086502697,1.77830486378578,0.239853378295297,-0.176254724504215,-0.037721624368544,0.734224795922321,0.0880921428167683,2.2694542837662,-0.117277689667104,-0.214608980724876,2.92136604438313,-1.80260568587936,-0.0339896399495423,1.00978357542884,0.543398555723927,-0.86543620316894,0.947164202568361,0.53765908335124,0.356798250384217,-0.376595317320648,0.064041486205811,0.411961587166614,-0.633527758472489,-0.485135460860987,0.372853000922396,-2.2238236021651,-1.00756203448848,-0.452652617183309,-1.70331222649638,-0.589340158390234,0.01980110848465,-2.02820016361592,-1.90723340397971,1.32247965611417,0.16324336481944,-1.4010300837377,-1.23566138652983,0.669334277285654,-2.11117820846499,-0.147317906072139,-1.75556812382335,1.68822706104922,-0.441476467434946,0.270619746778424,-2.11686020414911,-0.374896956408656,-0.410044652387247,-0.655690012664461,-1.29916411339781,0.358132698017972,-0.772638445969172,-0.303705254424733,-1.68930621639732,1.2566285515643,-0.0940113446214907,0.882502885638584,-0.286830688476042,1.85191528510656,0.428120888280705,1.12445457399431,-1.13097447945909,-0.969283906361782,-0.264419611906238,0.422105721588642,1.44248456683925,1.1223188040696,0.205477301974068,-0.624117849609495,0.486067431198265,0.334646708372163,1.66114083592001,0.333938623219414,1.32345582958847,1.76160701963685,1.75251264055156,1.60401025921175,-0.465350220569146,0.11025848038056,0.444135772139399,0.410148275724704,0.23472848216111,-0.512610044755275,0.49148681998478,0.608391241394904,2.14617838020281,0.504653306693139,-0.0136000156113922,-1.05506728021317,0.330349889496086,-0.894507958403389,0.176432174716944,0.512932384298538,-1.15613901797737,0.682306612208059,0.377772267531462,-0.270343809047359,0.332800872507789,-0.226473011628781,0.669557628435216,-0.288784965010771,1.32150314641818,-0.90534001956609,1.20255174372303,-0.298096000337051,-0.762182153214739,0.1844480117582,0.796823417943788,0.0969686129113285,0.62410710840797,-0.260331565675786,-0.356574507269686,-0.748952596941443,0.687253899127646,-0.856774023939618,-1.12796585574344,0.995108806041479,-1.17575375721137,-1.07986305323992,0.993388059674147,0.160616201777147,0.204677028717238,0.459725840482593,0.464405064701785,0.342274738155369,1.78675032970289,1.94174397278546,1.32470865700669,-0.699356590783236,-0.93610293860691,-0.897288745145066,-0.792572235854316,-2.16638728473488,-0.32256634630146,0.935550946162747,0.575249596496688,1.01535782545771,0.881330290632281,-0.0544472683478717,-1.17392262654938,0.732293578942469,0.711922873830719,-0.396197183325224,-0.193317450110263,-1.23871223675372,1.29483806235066
0.186962284903729,-0.606989169894779,-0.470720282174434,0.373423350343719,0.132290070695437,-0.908576479113857,0.31620337123924,0.905586787347872,0.205280089947767,-0.573470710401883,-0.252993701029633,0.0226261453356565,-1.33718935139075,0.196341815290092,0.522957787837479,-0.530757529511408,-0.932434316704265,-0.161610239036452,-0.503513465959088,-0.0718718499854053,-0.118294325259947,-0.502504349418458,-0.590262467007706,-0.142295854430885,-0.453400560009679,-0.0919844916042327,0.69248195726512,-0.702334748928063,-0.0330074233296953,-0.595525011748088,-0.545075687146766,-0.640581827928664,-0.182517910827034,-0.550830682638397,-0.634268123537672,0.297861308365466,0.411317834035739,-0.49592742390498,-0.0903059042312814,-0.0265729427335414,-0.108122752338384,-0.588725242079794,-0.0516817212837845,0.0134067294458008,-0.784805524475483,1.4242383119795,-0.303541927347258,-0.0304836046204251,-1.21719984473624,-0.715661661247781,-0.159431672080676,-0.452045656504227,-0.96716143233999,0.206459121891892,-0.843701574640984,-1.39091987457255,-2.06472349904207,-1.3729718427567,-0.888895447317981,-1.43855216129549,-0.0679712379795863,0.435082681931162,-0.206869040275045,-0.129626240861171,-1.45222555488021,-0.970788474650669,1.46689136150413,-1.08389177413222,-0.94936591561353,-1.48213462615828,0.0335830445328084,1.14311906728467,-0.603146962956079,2.3410963219267,-0.311244346773085,-0.283387079576602,0.569127424737465,-0.0953729069703243,1.8402903864348,1.56229666655301,2.01855766796343,0.715094641226874,1.50826279968371,0.899729919857341,0.392346491008358,2.21443512111945,2.66688154735442,1.03910609837782,1.41977727311726,0.854035161076608,1.68716429259828,1.27714104026286,-0.493512771885992,0.904374387974516,-0.617236230742196,2.13203765376735,0.740976393341969,1.31978303068195,0.980066139524635,0.336330325893349,-0.0974347182703464,0.217494799837641,0.449665849812652,-0.0877045094383432,0.543902442968169,0.932368832165332,0.0632745709402402,0.223003089486712,0.514365646951283,-0.376383312549993,0.85388385961163,-0.35889039616493,-0.0924906236870216,0.0279913397103646,1.12291101195034,-0.298258310336334,-0.117247555150408,1.45062617207681,0.875793722235541,0.431436789635429,0.828537123609149,0.128920242189745,-0.182383123799039,-0.557973544207832,-0.0606188088433597,-0.490305264732495,0.379788025364904,0.664414273341454,1.54117098012547,1.41287908635354,-1.07402384132227,1.37232681428184,0.917637703087323,0.363130492999063,-0.723373996103276,1.23815148782736,1.24447000317878,0.117810994859888,-1.51639871960114,-0.479266090593769,-0.524236493952365,-0.418123772558944,-0.908453031466432,0.942533342759737,-1.35840858186537,-1.54763464353423,-0.985626215740599,-1.24772251356354,-1.2589663705129,-2.25883856857521,-1.08680391200324,-1.96679028377265,-0.757786705780731,-1.30527730644939,-0.951784847089415,-0.192497948668822,0.0745008695823235,0.724491544156368,-0.659647834935498,-0.311517030847707,-0.701343331530102,-0.991747029895978,-0.735262618696989,-0.577748743919533,-0.290951219680128,-1.14903199691298,-0.858965856603502,-1.24765116684903,0.426106496781206,-2.17504444572751,-1.20805328217654,-0.98839484673391,0.219718334539012,0.784790501144834,-0.857530149731535,-0.979721488441404,1.37664539953152,-0.362298235979628,-0.00436937483237481,-0.593634437495131,-0.637359875192979,-0.156422403802281,-1.05203661466857,0.214147231015927,0.5259069097957,-0.351123770594842,-0.675783349691802,-0.824224636468977,-0.353320574361861,0.270120662453376,-0.329576766146284,0.833225918388755,-0.0202738491959152,1.10899071760735,0.628285354163398,-0.786600492463028,-0.727931872326342,-1.32700534913531,0.015599333522834,-1.1200661940242,-1.27358540312841,-0.623023880767151,-0.200810742278286,0.665585443329961,-0.953680782627601,-1.2804393216026,0.301291366200496,-1.91128644221841,-1.30034117978643,-0.685030848592583,-0.253688524197427,-0.947410899642508,-0.240400357072088,-0.375558526567229,-1.47512593973004,-0.913016894826139,-1.06642250931899,-0.193014807109144,-0.330359687549304,0.200141285316522,0.803346576687229,-1.41593588231085,-0.723972489625755,-1.87976914258666,-1.14217800517916,-1.0583275779576,-1.72117265608259,-0.918704276560862,-1.31517081260379,-0.895914460128953,-0.389942977513904,-0.934577382077404,-1.41127223886338,-1.15155231923499,1.14476533821837,-1.6789269027746,-1.88690992003497,1.13785645798526,-0.70686573312371,1.42012057588945,-1.8633129990286,-0.992124853427351,-2.41312688334758,-0.273887410103925,0.598311072384982,-0.601310289348082,0.336250971002459,0.226220775963287,0.230783538177681,0.70666901556162,-1.49141819066482,0.1075114873106,-1.30831923501875,-0.128526719418474,0.184850737965998,-0.217997468243788,1.79281496365393,-0.652684039496232,-0.592501739839315,-0.526139781947991,-0.800519165191495,-1.03732451771631,-0.76990108042107,-0.455449151180864
-0.924760001394659,-0.656651827993221,-0.392772250382323,-0.188444623929637,0.46295365210827,-0.437439515971269,0.57592056612681,-0.195054179092677,-0.0463097909980405,-0.712361116444792,-0.46712798833622,-0.741097863840301,0.126059599746762,0.330376638777724,-0.384183328932121,-0.191297848438275,-0.128819641023826,0.256586356287838,0.284534924774311,-0.29493374742571,-0.439382721724622,0.692090315963738,0.746513506062023,0.518701182066831,0.316569577831081,-0.534988705036015,0.00877988660592855,0.104606445851999,-0.12578632364604,-0.292054135065457,0.164891362851783,0.758104101517993,0.60528231634396,0.606583548953617,0.398636335782716,0.0957581810378535,-0.392927415457609,0.650647196499724,-0.141066203120694,-0.196958782580236,-0.360669755471731,-0.607220448336717,-0.433012784950784,-0.771166451242006,-0.36071774364506,-1.16149115950031,-0.24283332936522,-0.500820229730022,0.642770326956336,0.374777103476848,0.142776894226931,0.547073861335182,0.63970503606412,-0.252217424216357,-0.0573179705587252,0.323582622122783,0.591158410894507,0.348968287983977,-1.0181918121489,0.23540923412853,-1.13452716386085,-1.34160141337147,-1.04864275369901,-0.765604495542151,-0.503897931054219,-0.127003913053005,0.428080389801044,0.00500977246466994,0.774491997476614,-0.000121591906125544,-0.695815754985342,-1.20533722029734,-0.219175532019876,-0.140958829499884,0.289820392191187,0.792915177306176,0.0800968718902054,-0.0166136774102346,-0.117132875675041,0.566658273584431,0.679486332145328,0.213922108563847,0.100915598798615,-0.0290708766149827,1.2232252470995,0.143117130829592,1.68044060129075,-0.00925414478572506,-0.116200192299341,-1.00123426948339,-0.517279495958498,-0.0578554261895987,-1.982819525772,0.478946395981515,-0.549933624533458,0.0755703799104415,-0.318998827828844,-0.90393534497551,-0.560674951712003,-0.507104143053056,-0.927389706024319,-0.316491860509474,-0.0548330938293492,-0.363378051020902,0.447071824427091,0.92761587077493,0.810494628387044,0.779280938092373,1.66802340964432,0.906311360347259,0.405750857726306,-0.686952365389613,-0.0852179790732404,-0.266752894286028,-0.0658774915255732,-0.624253783433228,0.391598994795793,0.636132305458985,0.973683628864728,0.304344545651588,-0.640555900687999,-0.310503762013653,-0.160839898516934,0.410640383113147,0.248054817730226,0.38164841738179,0.468899659184255,-0.040109497549013,0.832477797851833,-0.380772064217622,1.46993101876473,1.21795897366088,0.0775533230129515,-0.633845894245759,-0.45585509037176,0.393064775573994,1.124252223205,0.0213922852110752,-0.157793277213802,-0.450080497784991,-0.965022894991553,-1.19676792899574,-0.550061679607188,-2.07041381372502,-1.36004142783021,-1.31059618289182,-1.69651319900748,0.794301312716863,-1.48263026533808,0.481642475541907,0.11016067221683,-0.830890664477775,-0.574282123585998,-0.900739497006018,-0.687940167381075,-0.568187793805238,-1.57568109927659,-0.464748972897983,-1.43640593496336,-0.565304504043049,0.767646161799996,-1.85463194710651,-1.21088223013265,-0.0308441098364365,-0.560655206722661,-1.5161617878619,-2.39556720290238,-0.449389660191771,-0.936208544656113,-1.04421155682559,-0.0969585847060331,-0.793128165494962,-0.151581802884979,-0.574583020852765,-0.934731020416165,-1.0043179496742,1.04341036885713,0.0705324855381739,0.532454051540882,0.0754071865049215,0.202335173741323,-0.172585809761283,0.391212145070589,0.0870539865260615,-0.308807829831598,-1.30052638090583,-1.17828276861456,-0.157719859399657,-0.525047182444748,-0.0137121034987863,-0.317811677478622,0.338886157921438,-0.249529997183856,0.319962456063923,0.064389934165889,-2.15466828025176,1.00272279784034,1.32155164051016,0.159109294260833,0.893441207736912,-0.877882854642168,-0.911452716905488,0.286656564199262,-0.898528676795121,-0.397717149571032,-0.608886135640475,-0.326487884595891,1.29327816685299,-0.0722834063996763,-0.125133109690297,1.21653911342195,-0.0324355047542359,-1.13864742314524,-0.406820173611083,-0.500012146714621,-0.805872922039974,-0.336948224505805,-0.128123890435176,-0.180514511925655,0.19953083304182,-0.293858277555262,0.388902030220695,-1.16120193555457,-0.659651933085433,-0.430709926814545,0.411340641165962,0.659386081844855,-0.757540596649514,-0.231557131708567,0.777973514583137,-0.254345381221552,-0.234563626571734,-0.744339232994845,-0.392725759151984,-0.831363993424358,-0.590255013183776,-0.0474866735483274,-1.01785381819728,0.146073192890623,-0.323013520635313,-0.266853236415918,1.04276288686611,1.10831514685516,0.944584731493029,1.3345027867791,0.559359345795122,-0.157106376073602,0.467686290995916,-0.495345847775492,0.0358068877840779,0.380225378510707,-0.522664093844664,0.702437387887361,-0.352189750562372,-0.148096717889955,-0.399216394154247,0.65784622816986,0.262615687841934,-0.162627531474424,-1.31070801546863,-0.1153915677189,0.281741782208378,1.32355035409263,0.123490546642396
-0.814161754072899,-0.928413878629755,0.467696324369392,1.29606745155307,-0.492574285720463,-1.05984030890457,0.757200183973411,0.546139937587791,0.558269358879284,1.04938250506896,0.674218348403357,-0.571684339907272,1.24393901124557,2.26774849777133,-0.465094319559219,-0.794361000634537,1.21801542445117,0.203314503104547,0.799976391565923,1.3109691356112,0.715205100112721,1.05434327362655,1.39302935967338,0.810201216177449,0.510038400659396,0.671897151489489,0.604110732770522,-0.124413288359772,0.449411200667403,0.681561289061174,0.139307580257526,0.652733797749739,0.275155293727631,1.34428512742598,0.593788781353103,0.529102171099707,0.780652972418972,2.03720776929513,0.680701434958513,0.663815248073107,-0.0491660751144702,0.14074602062532,-2.10884424538557,-1.26678543298435,0.63747847131004,-1.96472815458412,0.947111292004687,1.03173033887028,0.239558047039114,1.4910923889301,0.364851952670402,0.194437116370179,0.718442859171746,0.314582799336146,0.71358021928274,0.438807599099232,0.531744512811541,0.532979067578918,-2.30986184712477,0.406862226121919,-2.45352928734255,-1.96168062340359,-3.05222747013975,-1.06714157050381,-0.650059276938826,-1.18796122958935,-0.385634231147758,2.58076193571718,1.32132533443448,0.0379680791194978,-1.88896452294682,0.179287223893326,-1.8939970248047,-0.999803535161434,-0.355453159552018,-0.563794269441209,-0.775698937977147,-0.552320015700621,-2.59359698386893,-1.37522471943229,-0.224615442202026,0.161974949465343,-0.450026953811211,0.517467267583487,0.472155937296644,-0.977371772926515,-0.312005276256614,-1.29992104508246,0.0673876990899318,-1.76807952031386,-0.501693284230994,-0.300731276284599,-1.08557887222287,-1.1114531663974,-1.98747761350363,-0.814848073340894,-2.05113419153128,-1.96055921086922,-1.4894253904689,-1.00435980721315,-2.88320259706091,-2.04575276483824,-2.06729859029499,-1.86535138318087,0.053519021785502,0.166707277562572,-0.484957115616917,0.616881564120425,-0.549694973624202,0.584119761550465,0.558449801732424,-2.17952079282484,-0.0443253665253129,0.539587186559761,-0.488799968985076,0.625193385295842,0.858644824356201,-1.13426526325016,-0.694977342288369,-0.920119141632065,-0.789230221873334,-0.459521435376367,0.865467673741711,-0.130635724371102,0.496819225642932,0.0424114247887928,-1.54081286741657,0.43087454721779,0.30870875609216,-0.723530634932997,-0.35454346197474,-1.90933540566361,-0.450268860951695,-0.158326895069194,0.23148171439317,-0.0844212784202172,-1.13289840575888,1.01178309706028,-0.0353941727497422,-1.36908397036905,0.0611846044898935,-0.32314912830419,-0.413331705473042,-2.02607744964457,-2.05979338776347,-2.65388958131447,-2.62304727529714,-1.43494064079936,-0.982105128687622,0.160978991877825,-0.873674136134961,-2.13725358367151,-1.31239915650414,0.332251284147393,-1.24560661393287,-0.748030361551361,-1.62044801878982,-0.946356715918329,-2.0598014341718,-1.5468090955646,-0.422879553224053,-0.891845474914755,-1.6888322744179,0.0536261019056067,-1.37954451420708,-0.848368793854276,-1.55374533625993,-0.8384345065881,-0.796178559901064,-2.42672667045787,-1.98868361102489,-0.883309638280563,-1.99967819312512,-0.307864801857196,-2.15945796443483,-2.12153475459856,-0.537589084029487,0.390594299728606,0.419982521108574,-0.0572926637628098,0.729093379254438,-0.158884213225094,-0.167458722659529,-1.10945407135902,-1.24178721432331,-1.5747106778847,-1.0129877391984,0.345450709524762,-0.289562579012316,0.309164301192488,-0.3740226855852,-0.609532263617087,-0.475036501224906,-0.626134249101745,-0.615970280058125,-0.842555226068071,0.850418428772585,-0.611455793865964,-0.582733731320656,0.530298523191548,-1.52936295705149,-0.731991136332813,-0.49408055706462,0.299823149401738,0.166948507165656,-0.199863338392271,-0.646809316451678,0.574931112036218,0.0551383638738255,-0.950856045635859,0.15444484823248,0.303454147021094,-0.239092290617388,0.388648553926801,-1.09897516656345,-2.00264840102543,-0.36971458601027,0.495756030225805,0.449661852469966,0.0372681038479332,1.67552648884692,-1.08195461641813,-1.84816599846368,-1.60192010506094,-1.33217467148917,-0.369632263304716,0.596848129599098,-0.583438092785078,-0.392779562817295,-0.215164487053013,-0.958716213372043,-1.45277224465188,-0.422273608526544,-0.867589258026915,-1.24347090889654,-2.40972827111059,-1.51792465879813,-2.87333488514897,0.513300050512076,-2.71552521628101,-0.0165509827362365,0.0513751376779004,-0.266859820025409,-0.493638097351836,-0.0736036421295649,0.0532508217380436,1.20816297104153,0.79314897805238,1.02254644071759,0.79224012529927,0.551164614465544,-1.84257063987388,-0.176535872621176,0.213231516103165,0.353469729158845,-0.540387552051937,-1.55564247260713,0.297045201350599,-0.165989587609326,-1.14842030855972,-0.100553082289284,-0.601643879519332,1.31186645163529,0.233144758173159
-1.03617374128528,-0.540732719730573,-1.42586490555732,-0.725851211121364,-0.976143659749505,-2.21735397591702,0.104654046294662,-1.60095500167158,-0.62332522398782,-0.587611436567411,-0.664248610583623,-2.20742399972761,0.966194270105258,-0.692406030862968,0.306624648349602,0.451084321502138,0.282577777330111,0.0764410261095422,0.437878106038435,0.431532503497809,0.861646407599313,0.168114485580634,0.347025062649145,0.0966869688430095,0.931840561142719,0.781885515107468,-0.0907866432455019,0.782001647702776,1.13910296058717,0.144443415930794,0.580895245350312,0.55682994758911,0.54800834123994,0.242583023996601,0.327528797222772,1.38032015799442,0.226580736843414,0.0581324209152695,0.919498801348652,0.901877135903433,0.597841892705552,0.491733161933263,0.206539946329761,0.437199851191461,-0.0276620249064022,-0.220110495825319,1.03623885165743,0.860407226529158,0.902384679951213,0.847932828371163,0.575077601139505,0.698243792279098,0.526999648045078,0.432118709922816,0.600137097797821,0.738097115288368,0.248459362838563,0.868917081688777,-0.107486738570163,-0.356066876870775,-0.0186036294465602,-0.16437228023763,1.05179869768769,-0.150348373410544,0.229913010130838,-0.0145300239903936,-0.069697120153597,-0.602821261661045,-0.432220069214829,0.0282380817270117,-0.482860255149349,-0.00476892068894196,0.271403941883585,-1.31531407453618,-0.93501221654884,-1.96249120544576,-0.81034974757906,-0.679577689499957,-0.93681325176766,-0.237536365120795,-0.699695878653587,-1.36416344347362,-1.37132669017853,-0.658966961623987,0.456026571334446,-0.543241541664082,-1.22952884202896,-1.02946245896374,0.396463015757527,-1.68788747571747,-1.67017456146812,-0.47266035913564,0.564340479659704,0.539677581818827,-1.02781973927056,0.291923328366725,0.11654494529348,-0.356409525103773,-0.0920327105786441,0.0609584050197665,-0.451619606577075,-0.295720115450457,-0.26828704684622,-0.336650476162603,0.180384380329627,0.263543841085024,-0.371910847417687,-0.209486494535563,-1.92552927434023,-1.16314856230922,0.498518913847314,-0.422611236351476,1.11906652695969,-0.0656441648111274,0.156526674398973,-0.949386293576867,-0.10718542784888,-1.11143646547894,-0.319732622313339,-2.41533949108371,0.48457585178143,0.811758755484224,-0.60450312668488,-0.175831002077671,-1.24169401651489,-1.34335051963831,-2.0841541832487,-1.66985930657783,-0.272567002121888,0.982487319025813,-0.545709776960789,0.281014362446267,-0.726348188835672,0.818810742127894,1.17490801364609,1.16334145318377,-0.94685228320493,0.558512393607304,-1.2389114455411,-0.263846673696312,-0.397138379543907,-2.14751405844521,-2.60075095878217,-0.673168236989449,-0.905726259100717,-1.36964202840165,-1.14033670471051,-0.617774472332679,-0.89963813926439,-2.05242643628859,-1.25020834287111,-1.60198934529338,-0.901897924717234,-1.61167452223189,-0.292433216860942,-0.10633035481957,0.748075833163617,-1.04642761380989,0.17944420879238,-1.0219041388796,-1.31580117434979,-0.313000437135737,0.31309881291926,-1.92356306371146,-1.1157532628926,0.567644639980788,-1.31436568885916,-1.0138794036463,0.0282006836123819,-1.1070104684473,0.212552632597812,-1.9253632083166,-0.28918740279095,-0.0638871171323241,0.503756341360153,-1.16717474125235,0.273572300029698,0.702043892313403,-0.636619804658386,-1.06855805087772,-0.526599612117045,-1.11792546316857,-1.1931423924647,-1.44713686190645,-2.3315184884924,0.490632127732588,-0.744921633456433,-0.455695283716672,0.565595480071188,1.47307420237672,0.736442502316783,1.48015787964748,0.633773245153342,1.01293938446378,0.397429742099735,-0.573215053518306,0.34470686274951,0.537190687493098,1.5211623272653,0.486145039294575,-0.90396619823942,-0.452448605578661,1.14353606295639,1.12557820041229,1.19748001949488,-0.950052816922399,0.00995584753313962,0.129436645150564,-0.286981962174904,-0.500491681237473,0.133656265188877,-0.482695595351696,0.512942906623865,0.00413168933853276,-0.357995321785683,-0.222817239729767,-0.133259916870232,0.400666407809479,0.750237169340491,-0.523072803776176,-0.872979439332257,0.299834576744445,-0.183653579970009,-1.18602030472201,0.0422848461714209,0.157283017788038,-0.273358678953955,0.377455307989871,-0.519692186257599,-0.0468398774274606,-0.38354659370771,-0.473062833562914,0.0914267061786696,0.030340151445573,0.56676091654522,-1.0235664541847,-0.342415520593202,0.404355614499518,0.639548563668906,0.0829922109476548,-0.420747079418184,0.145268544871226,-0.927320604455977,-1.61242353249489,-2.08187636791339,-1.20858592404064,-0.821843296251987,-0.771201747161873,-1.5605819881657,-0.564417173581402,0.369497727504647,-1.98517690920219,-1.49820004026959,-1.62876072047895,1.0038548967043,0.623062134576539,-0.204128108028529,-0.0310382763646967,0.619933769034116,0.301350318139944,0.616313425472076,-1.88510456144711,0.363734176997351,1.57955559418502
-0.825504842138517,-0.393846322104418,-0.343572833979921,-0.53544795106623,-0.778862717611256,-1.82897512769048,0.204192674909396,-0.515907509025105,0.00503756975167136,-0.162205607685573,-1.04191714315092,-0.11205413003123,-1.46513549117252,-1.46906391114387,0.0844965186689318,0.722488185364988,-0.934639032011803,0.075480942962002,-1.9752078459447,0.00126699192561322,-1.09816431277346,-1.44382988670743,-1.47900300242141,-0.357937553097134,-1.78305553348991,0.660914169248782,0.35223249245674,-2.61688072655447,0.128483191105177,-1.50789346247629,-1.28787601423434,-2.35796829592,-0.0140643170610983,-1.44157605402574,-1.06936162309772,0.12937893315407,0.388681854118985,0.124269712839425,-1.77022561849176,-1.29674308511506,0.649894939239858,0.303230375171274,1.13931416869733,0.98573130668914,-0.721930145674135,0.358400202358607,0.757480815092488,0.546352960023021,-1.40211991512654,-1.39386187170898,0.507626524171479,0.0639164990603918,-1.32418039467596,0.320827388944307,0.072950491287791,-0.506765563504954,0.272285607190047,-0.0393352557039808,0.597387538479481,-0.381167811575672,1.68504383182867,-0.0806530609858282,0.712307415628146,0.519869751635365,1.0496510509618,0.106149169061503,-0.595954678548925,-0.936769087694921,-1.14036908216509,0.575318701635319,0.285223090411933,0.183241430072946,2.09879903073111,-0.867379287011469,-1.69945156892986,-0.84011633990395,-1.09147803391127,-0.401601301418933,-0.773100601979851,-0.773067339134775,1.20517278378669,1.23187707585934,-2.03317779682308,-0.838072748371363,0.237852077679436,-0.290582941681196,-0.218330169495427,-2.05492657317497,-0.827152466359659,-3.15070926283684,-2.55171385504126,-1.04374118359147,-0.460506250364002,-0.618813922975076,-1.47911771518682,-0.586823946392853,0.625443236067152,-0.0801416325564636,-0.163402178137578,0.29634942781681,0.337873889038892,-0.720850173221573,0.793996850297199,0.11418392986637,-0.85620190848707,-0.267842965713284,-1.39513760538431,-1.0796082368438,-2.37178443776363,-1.50926821267715,-0.997719569310923,0.505051182447944,-0.591663285438077,-0.713805965468981,-0.244945649443309,0.158393917399889,-0.350730121076719,-1.81490714408822,-1.72656513591616,-3.05174775660401,0.222243784649196,-1.04717386804285,0.891055121450474,0.113373956860922,-0.820738251339366,-0.628021097339742,-0.894963666648931,1.16983604802706,1.15156508373995,0.77188534998256,0.504883683464168,0.0186053165122709,-1.228888056655,0.200993489829554,-0.973364546038891,-0.666434979745483,-1.69763013684265,0.166042426178794,-0.21897919882413,-0.873392824927622,-0.174568699160298,-1.42668394187106,-1.64163619135594,-1.74225202134425,-0.906839140657478,-1.48375671135418,-2.20255783048176,-0.692775237398563,-1.28386271953116,-2.82077148200843,-1.63994773504875,-1.97239394927134,-0.736696958608132,-1.43930516378885,-0.468683597269871,-0.151438679432607,-1.02712827576869,-0.227667484349815,-0.319438434994128,-1.6930506379592,-1.48525006411126,-0.766509954066581,-0.223175691873091,-1.45080369078726,-1.98537260728017,0.43611490646358,-0.836111308228059,-0.843135607997878,0.194754700056638,-0.622842408989074,0.161357531493468,-1.5733795034834,0.0671615973486165,-0.160579137562881,1.11280758201812,-0.431125844824987,-0.0998813921216565,-0.452181956612332,-0.898546007049121,-0.717713783412776,0.509347286401412,0.179205201135317,-1.05904387645517,-0.357672656061165,0.138414667714852,0.801112038441821,-0.288802350353003,0.6113633574162,-0.324248296221294,0.408329469291166,-0.638123726998584,-0.50227339408673,0.340176705217522,-0.0535606183359156,0.133131790915477,0.58564035105861,-0.194803368758099,-0.793841559139388,-0.470445709862105,0.210952987820184,-0.945448848238046,0.34910463274387,-0.383048492783831,0.629491639862985,0.777079577591517,-0.323310843784896,1.13454014241672,-0.224287272077121,-0.955929583296122,0.267906038437991,0.565437442458772,0.594788850176341,0.797126669980168,0.354128648670027,-0.0124910864334221,0.306537922524503,1.61224428667772,-0.164987218980458,0.410904354427211,0.723506126993869,-0.371694633828852,0.490751705977174,1.2355148316876,-0.468236906817242,0.523888422837731,-0.00170215342767233,0.072962837505024,-1.94707885041233,-0.00959544360213696,-1.26473889334176,1.19652089892529,0.363764908409079,-1.2716595999493,-0.739329047426483,0.897169676040322,-0.249342137741234,0.0189243435061936,0.984238582151801,0.65076490811358,0.536655735335314,-0.478552174837645,-0.94492630377043,-1.45374080778654,-0.728392425447438,0.242107473643494,0.200006690122508,1.17889739430788,1.15338461976905,1.00923886068837,1.21945923095851,-1.98911654167564,-1.494740452475,-1.95590219594716,-1.56562249517684,0.16875078348248,-0.976559579661997,0.435671945433746,-1.92969102238314,-0.50779571123683,-0.00468548002899675,-0.529736101948588,-2.37699734239187,-1.59346675049005,0.292160883993739
-1.61260821715104,-1.55592844028411,-1.3457654494043,-1.08681604680465,-1.73611124227126,-2.46917018671637,-0.289181950121681,0.792290178166067,-1.36735223691843,-1.43199993520085,-1.76855394485119,-2.39751260315527,1.42907119741885,0.157631968913887,0.542522034997427,1.29173547923518,1.20000727166418,2.04618932658644,1.45146105608863,0.78633341950081,2.52149977518248,1.65887871145922,2.76130171824141,0.92442834766064,1.89316200928711,0.766606486314843,-0.34046636508905,1.00044471929781,1.91905608934761,1.47086919166752,2.36388973408807,2.2010404906096,0.736877227612417,1.54187672828891,2.30307224945333,2.03005996821745,-0.434955990274937,2.30222549544994,0.596893690854277,0.621582589693473,1.22130816991943,0.276522017985366,0.0203353429257972,0.970745188441904,-0.424159347880033,0.419626392141465,1.80302102699724,0.441328639549965,1.81028502618894,1.59771232187256,1.29623123995929,0.0313042066958071,1.70216323888981,1.62787259845363,-1.36463338647564,-0.455746920767056,-0.811315147783753,-1.40307728574368,0.292532097437538,0.363204290043701,0.0190846862094716,0.716827061087341,0.138978858983013,-0.0863013973539632,-0.362986763373783,-0.854396675084464,0.346855678624902,-0.187664853821031,-0.857783318796998,0.227933117581151,-0.810354029576239,0.614634301209023,0.264173998217049,-1.26005489104345,-1.96211821568078,-1.75974216790379,-1.45351407726073,-3.53436126702684,-0.959990224713049,0.775950710889157,-1.75787219429962,-1.07739221851198,-1.61644356710951,-1.17506354374988,-0.343466236345231,-0.362886534693812,-0.496396105549343,-0.11422102045211,0.719685270617326,-1.53644152440888,-1.23894171330298,0.168250207490718,0.863621483329701,1.03050775559447,-1.549027143242,1.49631030865705,0.506696298117319,0.301279208659363,0.846069854555785,0.728369983478976,0.666738181621775,-0.432190686429556,-0.000847234350182736,-0.168835680859649,-0.48975866504101,-0.215138789730821,0.911136549608082,-0.473991382196031,-1.08472586407494,-1.07662458277052,0.474904821019312,0.0723142297068429,-0.0969129796941637,-0.142071872853425,-0.13655850230605,-1.40810003618473,-0.613051371036609,-2.27232268107685,-1.04901314838883,-1.75187536590324,1.2777896606189,0.0344312312332447,-0.673601288951764,-0.464165790607583,-1.61604687429401,1.02677631206378,-2.24091281306301,-1.40953654247903,-1.37632332233093,1.10205085583777,0.0970364017733795,-2.77108138258522,-0.146893482152281,0.820151607575631,1.34315199988073,0.994174630197701,-2.21158414394828,1.19685178985741,-2.16865792371706,-1.02585546363883,-1.98230969553424,-2.43826962874943,-0.647413907978438,-0.420835537904391,-0.909886928887497,-0.416301439006888,0.689724357405042,-0.975172508400172,0.155607873158747,-1.44044596793888,-0.27046340229275,-1.1706352389703,-1.64551131045846,-1.87484422933605,0.411030438285476,0.929145509309497,0.434530332830137,-0.972148091325516,0.175801588636287,-1.28023568377292,0.314768428593295,0.516703628994081,0.509795099428338,-0.228285884395373,-2.10794868725193,0.0412402361931639,-0.211624322223848,-0.664965151403502,0.212356358687537,-0.150592303220893,1.22780565023896,-2.09716071120238,-0.417474698877545,-0.419333766267286,1.30029867820811,-0.827157599746764,0.522670291811465,1.28904075254593,-1.59514672503455,-1.45372661678442,-1.51578884204605,-2.20987293107661,-1.40714183982394,-1.93880444145601,-2.29087970652058,1.08533880299443,-0.576164618703107,-0.0745581952288232,-0.5542530163341,1.80966279318786,0.862386499156191,1.50276381715477,1.47318951591458,1.39852032096757,0.411903208121468,1.70093845637567,3.583453336706,0.44284068459863,2.07896640220128,-0.695252235863522,-0.837869303147372,0.858609927798617,1.16806523426315,1.63265438993699,1.32339219320466,0.0809710461668003,-0.117475736374162,-0.896513599487759,-0.734258558854866,-1.29890094401264,-0.450174886333113,0.836997246579959,0.979928233573605,-0.580576837761066,-0.0910347500252357,0.55405230030265,1.91339117676275,-0.584392352717636,-0.0640866647656689,-0.176533081510217,0.488503751391294,1.78652023177042,-0.777124418308154,0.449586124288526,0.954616742036303,0.774992639075648,-0.748570828591573,-1.3930640796619,0.201503501707193,-0.117039824132423,-0.143324442383312,-0.28283363815423,-1.53111012712817,-0.402545717781534,0.504264695477046,0.599117385519655,0.747226948866784,0.404148833382499,0.397014879754617,1.00810596701276,-1.35246224602299,-1.06528594460574,-0.463893631251628,-0.313200736165037,-1.39423483086019,0.319507404027528,-1.13535521178894,-0.644033201930466,-1.2578732227205,-0.752544357190926,1.87688696542001,-1.28220915462208,-0.0561953604737788,-2.4196597134513,1.67524048634133,1.27561882797225,-0.108404458723536,2.58334414096876,1.09911216090328,0.0568417644209214,0.611648275166077,-0.532865676972963,2.50822453626882,2.09230130555815
-0.0128022031409926,0.462084758307783,1.97099227166129,2.10650006387628,-0.118517311260971,0.467001310374706,0.24187877269157,0.99061338209342,1.44651376810504,2.45496986968465,1.87157292741597,2.72103251294047,-1.25161304003817,-0.464899360808014,-2.7801294767312,-2.07168549255549,-1.39584669052769,-1.21616973369061,-1.51634416099421,-1.33511961294638,-1.59562278696943,-1.63407935757178,-1.76643348684232,-1.78822419373374,-1.70049887368487,-1.40224501441766,1.18459694556095,-1.83800741796259,-1.62605565284787,-2.63655100391515,-1.61946882751499,-1.737330971115,-2.2836861092406,-2.02669261831405,-1.84956022617429,-1.35444665600918,0.826359531063391,-1.5444866879454,-1.94186600988064,-1.77723343515063,-2.03223518387386,-1.68750820218208,1.31516490738414,-2.46979323694031,-1.63386248966025,-2.12451867774274,-2.44781586528878,-1.48204335613517,-1.86074346973658,-2.06376815935539,-3.11012631767907,2.68374408433473,-1.60907111819424,-2.31463522175946,1.83700479075731,2.33315062971711,3.29891805812153,0.90569142158618,-0.493289864630665,2.4478968320719,0.481112707545192,-1.98259767640606,1.46613727121308,-0.779350416699598,0.0727066311925356,2.42080669503959,-1.29851204625738,-1.99762603333868,-1.92687234483312,2.70964375695002,-0.468481474962536,-1.71380376084882,0.972393331161281,-1.39990386825266,1.40246484094956,0.951146598971188,-0.647853068225566,0.842302332798059,-2.08265058801696,-2.56294170698057,1.08499449409779,1.37495939582623,0.19405018922901,1.21892514975005,0.798394516192329,-2.14377188015373,-1.34979169469186,-2.84749980042916,-1.61799972789416,-2.48300908627972,-2.13700769735688,-2.25803412174494,-1.63010167774808,-2.69720285110077,-2.42605666153244,-1.97764298101383,-1.8595967895404,-1.53805563606984,-1.86500804358518,-2.29858511592413,0.0291566706658023,0.712010500140412,0.356677658012732,0.14300756266855,2.05629464181029,1.44742046538189,2.29643074425042,2.51333007313625,1.51981154290408,1.84857107707951,1.80195236441853,-0.00424565699162625,2.7932069363576,2.91893772422264,2.75659445461334,2.17004151011728,1.99286683181041,0.0208296885367556,0.563659840015866,0.130970626593918,-1.62980803629332,1.53224603131533,2.84662766212494,1.29127055572141,0.999204509413821,0.800536612030501,0.572897501558378,1.61668708959139,1.68385869793945,-1.46360178368418,1.57357132489229,0.712283227273498,-3.41823462708951,-2.0910938570083,-1.21488280808061,-1.67913603533457,1.22801618040139,-0.575094929447513,2.67624089271206,0.0310126808594787,0.855840267861216,0.655202854485232,-0.20754826325731,-2.28292599507342,-1.28806004965432,-0.565140937572347,-2.14272762929261,-0.358145558643772,-2.55697959264283,0.453560507223556,-1.64741039521304,-0.506600128719104,0.936944514914379,0.991179801381466,-2.17394544841915,-1.77094021792992,-2.68333448224188,-0.647172493068025,-2.34079536795206,0.211519049514317,-0.0892219863652243,-1.90735031031828,-2.39555400523885,0.0333649114877026,-1.92677417114105,-2.13291307299102,-1.75878408159184,-0.847820312630073,-1.84408878122183,0.141134300344525,-1.37575450428788,-1.13812125919838,-1.73096509408805,-1.57918012321974,1.25380974977827,1.50563617985026,-1.76669887639906,-2.17269793637052,1.46807854872499,1.29873586161181,1.97708352157133,1.08691036693379,0.601325870398641,1.5746164644638,0.869500095950869,-2.97019291397176,-1.79836278286158,2.72731845495363,2.37101814940428,-1.28973563467467,-2.26882270165733,-1.57843955482778,-2.06090319605424,-2.19431699135827,-2.43886797769458,-2.30935724067297,1.02308544630147,0.68974814277286,-1.6667098658319,1.75091719091557,0.0215424677543238,-1.88083600552821,-2.09014944721041,-1.07990080475149,-2.09503333437734,1.64115981944545,0.403769230322784,1.56444067334821,2.19761161940999,3.30221476934865,1.09855752184627,1.42582433869159,-2.53253246130852,2.66617122600463,1.6447657969445,-1.10500493405131,1.78846454080265,2.03756306981527,1.77200461488945,1.98503354209754,-2.30305829070263,2.57382433800011,0.485322187654385,2.24510559407559,2.37681923783512,2.16998023621385,0.727815215975459,1.49212459788638,1.64503720798427,1.36094134439505,1.22868809833023,2.35815744724454,1.00381598886295,0.0129112777512361,-2.25666279200968,1.01012530303284,0.713908767142513,0.524962144469199,2.258404943184,0.666909655406709,2.18480113737128,1.92394781547265,0.483349670177043,-0.527458605750706,0.207299121591359,0.905446680172903,1.35968394800006,1.10725071641785,0.759756361627784,1.08517574078132,-1.56282958394069,-0.157043053268047,0.769127995853392,1.50774913606364,-1.9619139348747,-2.21797952325962,-1.35150533011113,-1.59799928012594,-2.32525908606312,-2.72760168326512,-2.53867407910964,0.817920758875785,-2.29183909011024,-1.58967844993838
-0.0361662476956755,0.976720688189752,-0.305455973762031,-0.324679814411034,-0.727510488824753,1.02144765686496,-0.633140166309463,-0.494355240022096,0.0541531005290237,0.496601731298978,0.327477849186399,-0.0347124569735571,-0.297763312851452,-2.12016651461013,0.0147956717693925,-0.0151003755470884,-0.821897643180653,-0.639996292191592,-1.25666279416155,0.669282856049328,-0.807370184413452,-0.870528222945098,-0.737341242854946,-0.135763646833518,-0.894464236280792,-0.0999202653966015,0.845076654875415,-0.755555322136635,0.280431288620336,-0.407500846279098,-0.919918724792288,-1.14087514271677,0.421838985358047,-0.711150971615771,-0.742076043109141,0.226115046883175,0.825925266924026,-0.684408451233751,-0.749935120938748,-1.05510786628327,0.0868435486327383,0.926581878039725,-2.670572572609,0.080203646661118,0.293220416475737,-0.632694362220171,0.225067048285439,-0.259847055331417,-0.75142738754043,-0.741168985779333,-0.831963100725982,-1.86190258621133,-0.526392668918202,-0.377188978543853,-0.886227206633793,-1.80913696211138,0.319914542124758,-0.474956214079698,1.53074843785742,-1.86384855993493,-0.0171984203955818,0.0324300214723964,0.35330573752672,1.0498437108199,1.57640978907012,0.927334829409174,-2.67761803415564,-1.36210420849083,-1.15942808347915,0.378398337972488,-1.14809511243603,-0.283834858533742,1.85620721875573,0.77485392097995,-0.104406423992608,-0.572139683680193,-0.343110068891452,0.146494477260925,0.448227536227519,-0.608444438293008,-1.1334931781318,-0.982973373421654,-1.22006813972153,-0.801002529424953,0.184038054307086,0.440193893330257,-0.173233459041448,-0.912551536977967,-0.912690584310412,-0.257480771297037,-0.707855827754622,-0.602383564783763,0.986921856025212,-0.239707839898064,0.574068751123923,-0.661385821266751,0.883514970391129,1.38354966413271,1.21739515832245,1.0608261799022,1.83382401551335,1.1876994785933,0.827444690631869,1.05625694107952,-0.678624928986681,-0.695563627282245,-0.888163870584205,0.0721093294749643,-0.884760690126058,-0.510490923325731,-1.36943012785872,1.17439160344985,-1.33622420712068,0.126200162832947,-0.487357343821475,-0.578875397751195,-0.556726480729253,-0.839535064799124,-0.455168426140356,-1.44918479989194,0.352636171983018,-0.151189234035586,-0.817327758208964,0.993093299669931,-0.0339371929296983,0.796368422218584,0.458974642032893,-0.96830910636208,-0.952060885144545,-0.276231457360941,1.32176519469704,0.956128715458952,-1.16807222004978,0.0894985857220105,-0.518286912195872,-0.205896248451316,0.123838940427487,-0.586906161295861,0.0536242477181458,1.00561257904953,0.791647879697288,0.407968882756371,-0.750606783849988,0.496824440472406,1.13998492273879,0.80521374018171,1.79090307751874,-0.0315850964603442,1.48816364863986,-0.172601584999078,0.573623412555577,0.712353261200485,1.07011182209415,1.82042744980395,1.08280853944192,-0.0941826595873724,0.749446854239465,0.461356834804281,0.754666637261194,0.0289620939600031,-1.2518158979358,0.502580418906127,0.753593420738562,2.19199660024794,-0.189746666581602,1.21203810388754,0.822714540335464,0.577482277694856,1.10426013839992,0.864795581534076,1.19851531172034,1.25450124260882,0.417202221643065,0.66252571887283,0.946507212954338,1.5001447677686,1.01729446983725,0.0852784424626818,0.415621447492975,-0.360197932636057,-0.386329297839848,-0.776691909228385,0.86797617273419,0.416947829840565,0.78254094693957,-0.0934281511655649,1.03126247951219,1.39373050619716,0.284203578216048,0.221005734995895,0.323078277483718,-0.262979154181817,0.169253838168695,-0.32503038459896,0.393515040367814,-0.29480511450787,-0.0346080295754552,0.706495201922317,-0.157360675917749,0.0670936901303511,0.775612988037775,1.40956097468242,-0.215980910029021,0.545654790362002,0.101761470351176,0.98763845956751,-1.47850332807342,0.576596690801761,-1.70272888319041,-0.184048433742431,-0.517502814154589,-1.27878840450026,0.706046195527342,0.275788403348844,0.0919656607901388,1.61764591415862,0.478230676226737,-0.0654729541379472,0.0823455644404227,0.476380459172649,-1.90780188074436,0.193075672745006,0.341793077516415,0.402568595523178,-0.365605641889344,0.0673427522718272,0.570228174229429,1.05269587002146,0.476985609177582,-1.15596666517976,-1.78608359195576,0.357074408355466,1.28930714123004,-0.0244669797836906,0.0365104015371853,1.331957851787,1.43862162123953,-0.773995685779856,-0.205633863279546,-0.78567582239545,-0.782450085154456,0.297447640797325,1.65857331236465,0.590693433582186,-0.174768744136185,0.92773773118736,-0.481910149463261,-0.414214339692364,-0.719621272296231,-0.758281443245443,-0.0967208506298795,1.92087232752968,1.27724143129252,-0.755209940747402,-0.444814713813415,-0.176213974031357,-0.0607044812065788,-0.969983221228242,0.39971169170873,1.17687904615668,0.689140764902476,2.06566985831096,-1.01555510309958,-0.595007986187144
-2.52529219129331,-1.44802449221452,-1.10169708791364,-1.37432293813442,-1.22954437135985,0.428749213847264,-0.897612408705296,-1.4251314980372,-1.13678394492208,-1.14375116601394,-1.41004924225737,-0.422373615371905,0.930907256664738,0.170091135208866,0.756354101281174,0.575766030741404,0.131587155186011,0.570468834018986,-0.507285542644926,0.510056214933087,1.42772390393218,0.853728024199531,0.664025740153978,-0.177397831531347,0.765940334420029,1.57815336695278,-1.24701241823961,-0.499190010263862,1.89682233004307,0.772249242740529,1.30410114229786,0.39295022567895,0.736936261049989,0.199003639711648,0.330110321726021,1.86760490708106,-0.786192680495712,0.5916270704896,-0.528801742077064,-0.240934023774733,0.959851332038204,0.0175216807970307,-0.907210113368701,1.86739686013668,-0.0794189106787311,0.677245323587002,0.159141877769544,1.85749607264975,0.401090404894854,0.350252841800044,0.0789389580181655,-1.14262062227113,0.5732054081518,0.131567093156971,-1.47103589807378,-1.56203091871453,-1.52687332161688,-2.32651978512905,1.34282514424873,-1.34301022326344,1.01761330761986,1.77246285085258,-0.22395081330078,0.900820455931915,-0.856873919508756,-1.90401448111106,-0.201864575220708,0.994890199774608,-0.683606946392829,-1.57369657041644,-0.731557018707863,1.46180970403895,0.31494941163328,0.312514474773564,-0.426976099074544,-1.03140661540451,-1.28958052697746,-0.795337584343737,-0.414810494894224,1.46428309973678,-0.169449849171414,-0.19626712379586,-1.98441497312625,-1.63940757842876,-0.0134150152482917,-0.115865086823556,-0.0965142278439483,0.922901322621066,-0.928102653394344,1.75188559287373,0.017952395725497,-0.379014511355636,-0.193071072953531,1.03181856082132,2.1594076436845,2.01002985115662,0.409321622368376,-0.400764549957025,-0.0869701239273554,0.659001924975717,1.35518419743368,0.212309233980909,0.237232680931761,0.556302023894845,-0.855051137707441,-0.864769142787471,-0.998557200801201,-0.788591526244832,-1.04498512549922,-1.08290342502914,-1.2380952058372,0.935662343492078,-1.39265790624216,0.187571320228794,0.65092568717644,-1.30326835530505,-1.56907114884106,-1.92210940124473,-1.42640726161865,-1.658978271783,0.381118390707566,0.0909536552484552,-1.23551942854252,-0.586399214284872,-0.764605677803238,-0.727021080971478,-1.76008534846074,-0.688793320989763,-0.653244347028477,0.634099167395559,-0.23759954771015,0.175471855717899,0.649255640760183,0.689860914921833,-0.451799440034817,0.0975352296378648,-0.872011118070085,0.0421082207177778,-0.979930322996695,-1.16491719834582,-1.5130126236479,-1.33335470119344,0.186309959546627,1.72314095540841,1.83421606471894,1.85075868030855,0.916862010678369,1.17482641009205,0.919847352531387,-0.554141647870751,0.103457158250312,1.66851433592311,-1.41765017255652,-0.309920653712238,1.23997425037912,1.99655487811475,1.21899661454194,-1.09900096109891,1.39838755656189,0.284716649999957,0.63204203361164,1.50316756260691,0.581983989006791,0.541289189036038,-1.28149239585606,1.07456593320973,0.508891804033165,-1.42895419666004,2.18767798346887,2.12728227366623,1.28407031614327,-0.900127460667055,0.201821855868298,-0.360618477664339,1.7312623013777,0.618034586659615,0.428698316358337,1.04186536716656,-1.44952986317934,-1.88249147183066,-0.966829483170608,-1.09268118138025,-1.30817358916865,-1.44203218711067,-0.80230146827034,2.00359877513332,1.27962183012657,0.717174018880024,0.331616202172427,1.4832678355365,0.503826708940741,1.21994599215499,0.94240615075619,1.70753129150109,0.747447809449728,1.24396391844853,-0.951628352135698,-1.18328033463537,0.846127036393664,-0.0656387288352024,1.24028690456885,0.947394531876361,0.0126515605420215,1.84927802800868,0.975190205715714,0.895694115468559,1.27618431362594,-0.482593713260453,0.602047129545941,0.85041285831823,0.581007733028407,1.48221914623966,0.226710632419286,0.122657426389874,0.285373071081449,1.23655995078042,1.78309446811633,-0.137121118545982,0.153267172124042,-0.0575569331953979,0.975390644805387,-0.323712025283927,-0.447418704566645,-1.04795243437428,0.210056146937137,-1.53817246626874,-0.330814043685012,-1.49999283036154,-0.130822318093949,0.168779755201747,-0.110976754338581,-1.37696775787236,0.184500823558771,0.136804085818297,2.01382017750472,0.497527011805455,0.605336438496845,-0.0574354757207148,-0.742508906784224,0.56556589947245,-0.439668981876494,-1.42509788949343,-0.904059146936958,0.0505176230208765,-1.36621025485754,-0.32636578888273,-0.638174209802716,-0.320145163649636,-1.41273550885714,-0.895681391102854,1.03316215796198,1.78702980340802,-0.472341721453759,-1.1536959941396,1.91375890371664,0.952628713393372,1.97468702847121,1.18151711115516,0.676944142284789,1.14710333462743,1.28141115735145,0.924834960932948,0.946007546695967,0.114772472502468
-1.32573085974776,-0.584608501989263,-0.00159669529784507,0.461697052917889,-1.18753079045253,-1.63693421655271,0.0946472222069033,2.96523092299194,1.80521038323584,1.54331014158668,1.39293109974614,1.33406453410028,1.51180845551015,0.751211025176645,-0.106037866474771,-0.335722374369768,0.855027456844446,1.52364661011468,0.723396454668717,1.4983063389338,0.246125739433262,1.60955943976472,0.592974281194098,0.153805053658784,0.809959689290858,-0.85806823081605,-1.08025905683642,0.410908536470076,-0.0973110548589943,0.970465780680281,0.736400677837401,0.538054518948597,0.703609441035396,0.295913459018142,0.0595104945970554,0.0948664404625394,-1.01749019484454,1.35083035812822,1.35169916038692,0.447320290668241,-0.713283752522671,0.492321867489767,-0.767658345534278,-1.15462068344131,-1.32849399436581,-1.98446562862156,-0.07442020182308,-0.314304959629282,0.688868602660864,0.0429219310349445,-0.191668550132562,0.634092989369244,0.814453504262444,-0.241300168927518,-1.37870950111249,0.855742750032523,0.724324864939257,-1.33153876640811,-0.361774631222782,1.19047464799648,-0.844978478539002,-0.911984367934428,0.243722926975409,-1.46273316369053,-1.24984038370004,-1.01057735028203,-1.89700638801707,-0.245871413908167,-1.22514346256537,-1.87014043323531,-1.11927629565829,0.136274857256239,-1.51674451629434,0.40723681783646,-0.391322095122907,0.889105251930275,-1.2397037561642,-0.928773803267768,-0.936699181990592,-0.540987011103789,-0.700324794811844,-0.205458182134642,-0.288985345023828,0.112339078070821,0.221496370308628,-0.0753637076816113,0.779353617755575,-1.18349974689741,-1.50954105099783,-0.09975224255303,-1.55320846920654,-0.55959610630727,-0.897164271093943,0.305233920700496,-0.513980646744875,-0.405958649989174,-0.577245277125768,0.0329067925461834,-0.37518859184092,0.0174115588474511,0.0544029934808459,0.355377622228471,0.078913278756749,-0.497643975757326,0.775278760757543,0.421096965859208,1.7240413459448,2.5235694325314,1.79626695407577,2.2429391053172,1.0047496295744,0.403089032137992,0.399104691610802,1.87936041626255,1.46041988221116,1.61889427406327,0.0102568010742433,-0.751407872202554,0.126118098987081,-1.31297191144876,0.274972846147917,0.0576886200328265,0.975368587670192,0.509247883420449,1.05824796521201,2.67489398947931,0.574820018340494,0.204198203910646,-0.666105908938648,-0.89122921873917,-0.0905709710565106,-0.3903228508891,-1.87477407939229,0.130631383151296,-0.948491377635866,1.08605619272611,0.239774469353411,0.565844539234187,1.72232804946157,-1.34766513858381,-0.251829346082723,0.443250423097698,0.608684488728441,0.700044837340989,0.544365431884291,0.153903060511094,0.183170691102471,-0.589548373721547,0.566052420501643,0.917419170611313,0.453501313363798,0.238860871878284,-0.501522731968147,0.536138245239775,1.21922519114258,0.886852190538986,1.30326306614802,-2.14378078641328,0.290960641423781,0.109348793647343,0.075425054646821,1.21702845909039,-0.137969091114788,0.136360763959799,-0.881056509275638,-0.0368849508362766,0.523047591915377,-2.29056704023117,1.06230700073252,0.152993129750076,-1.74430262240734,0.347036505938058,-1.82962565386104,1.32306977329786,0.091591254119901,-0.457537237089878,1.99967168204319,0.489040976707605,0.299969471634353,0.455279763882348,0.850770095725697,-0.79185036831115,0.503675140403318,0.726260549547986,1.25423882607955,-1.41909375723838,-0.361301196476832,1.14197571686222,1.21394654313309,0.707842076980182,0.520618099912698,0.532868690438619,-0.0203325913438862,0.00298317643602402,0.964526216904513,-0.592128111772666,2.35816296555096,0.206268385447805,-0.0906584069808675,2.4171397456482,-0.199242238972893,0.240081733892664,0.863246968584315,0.260277699933717,-0.529291243393682,0.67952824771551,1.58996375656693,1.15914498241481,1.47285626385797,2.38269583683976,0.576411261236183,0.916889510822555,-0.464618470894701,1.51891201622216,0.181153657961935,-0.310707597647334,1.40942598889317,1.60925296854517,0.697347392622668,1.43970979889481,-1.45986711203586,0.956265533985451,-1.15625856187615,0.25901707765215,0.758693492595615,-0.629557746448069,1.05907847799481,0.164263883066059,1.72445367915996,0.397922544823597,0.4186269133874,2.0062336171416,0.525205135627354,0.362408026420403,-1.49699072359614,-0.821400109516949,-0.745236503115432,-1.53434504914118,0.197613130145698,-1.31055967902866,1.82744887861668,-1.14314217214791,0.623460381634244,0.282821663448144,-0.339129583698875,1.43838626094968,-0.318395688118749,-1.03511553130876,-0.41637462596116,-0.814999476339836,1.51974191569298,1.42361457078203,1.2903223106298,0.271413183607271,-0.235005940901693,0.401930177721562,0.65491082530869,0.673438788268339,0.663473824880621,0.0425216003191571,0.57265268703046,1.95008833727845,0.91445233610395,0.24035794788747
-1.36600812113332,0.0351916483283609,-0.381791898380344,0.131508794090033,-0.432734746432006,1.59678802969575,-0.448404473271268,0.0535025819706546,-0.946504484826868,-0.259222684198672,-0.248238670504858,0.405481347174149,0.150326765177213,-1.38885350812887,0.462743661779562,0.989327400095678,0.0828293230998124,1.74707511555239,1.11119545986591,0.449375880601162,0.564391046009559,1.19342610087762,0.389263291522249,-0.523712044279949,0.38693017839848,0.532963894353595,-0.71076934576542,0.641670014848881,0.358288976664131,0.0389913693008668,0.696249026470275,0.508802710666759,0.156170057765944,0.174428703613484,0.449378825681844,0.105204398469428,-0.845551046745379,0.405501167982458,0.189660422473132,-0.265687131677178,0.279411492653047,-0.0996495159766814,-1.87371918998125,0.0185011425561972,-0.793176032520447,-0.640808584670187,0.467529629619437,0.213081950164875,0.83946924427175,0.105963266847745,-0.212027026839675,-1.21298484788085,0.595711377555931,0.296561452116744,-2.15329406943888,-1.83215793599203,-1.70030896190076,-0.606203532173435,1.24464271990367,-0.749713408055282,-0.0892897732555049,0.224543028184718,0.571914468116953,-2.10379831180855,-0.0861435605579689,-1.85679174553561,-3.03825965121989,-1.98793202281967,-1.36003263366763,-1.62468728784858,-1.74042486483768,-0.577731446653263,-0.150212228636822,1.00279834241314,-0.458122748043945,-0.147081773793742,-2.14610995644323,0.3082920340445,1.37984810663589,0.959953172106384,-0.23130064519336,-0.3972552804675,-0.160810751785321,0.293097528261184,0.0868626330701146,0.229531843600489,-0.0182114904336543,-1.04740483307148,-1.64214713435382,-0.416431115793341,-2.63313031251582,-0.663961271305241,-0.780067648521999,0.453695543622951,0.0709542950988065,-0.285838320979491,0.654046457661157,1.34279563378552,1.26345442613088,0.924208452037175,1.94101996359711,1.1156484958261,1.08237968126651,0.858431356628503,0.627517555061578,0.330405974915561,-0.29442927990623,-0.0994389669048993,-0.693968749103009,-1.02435706080173,1.09272172983597,1.84719117568376,0.520299060209414,0.595570245541372,2.16108202838596,-0.327668731657755,0.213815450434781,-0.124944882026224,-0.969558591554909,-0.326351376501063,1.06291869481507,1.16635603826258,-0.795181987711282,-1.15151422228369,-0.259644039453063,-0.150914309564895,-0.254017618519142,-0.195586667885429,-0.00732389667852075,0.0376007461831999,-0.550873868947912,0.300327174631168,-1.20041232951006,0.122855778175399,-0.627921086566266,0.321985324769969,0.386578412656422,0.749893475891304,-0.663612838652008,-1.27514134143878,-0.704183614536598,-0.767555174212594,-0.791348360283682,2.0249954297597,1.11595683540743,0.386600068756204,0.616346727792984,-0.833933892554903,0.880138234288911,-2.34657695340057,-1.10297384651102,0.46024200036176,-0.77381833896291,0.449206700044299,0.715544298220598,0.596345970854011,1.27924523915315,-2.11324957089059,0.386916895729127,-1.48631401140853,-0.303524862177526,1.07115633100717,0.309017639845242,-0.176546501002146,-1.91027242918425,0.130671513841221,-0.027576229948288,-1.86377278537809,1.90463677145166,0.888952665333738,-0.609470033080785,-1.20473590095678,-0.367595257564877,1.16059774720466,1.16117367808331,0.0537284111421252,0.979815373414208,1.03746148701121,-0.336759437568914,-0.78166181295017,-0.176233429196309,-0.366589341794674,-0.10018704109086,0.648606546226692,1.18472207463196,0.214943618867876,0.454135508074595,0.11522174170744,2.27882893684541,1.10136128190263,0.515043453503012,0.636818959371968,0.903330007699602,0.568911034851502,0.90136196507005,0.893349916452795,-0.604303841003365,-0.524867018034016,0.541393900095364,0.526792692241363,1.12277003350318,1.34585881314376,0.942465978428231,0.871303490282761,0.268106113364694,2.77424129870341,1.47870377885567,-0.299228742401133,1.00306194686933,0.798321166402043,0.842043147061982,2.12318618204843,0.554302016782747,0.463541339765685,1.11847466182065,1.60503238033619,2.59195860842984,1.67541734733035,2.2023565332736,0.302039121360505,-2.79564796345742,-0.82132123432173,-0.517525427187703,-1.0903755593732,-0.408359776324024,-2.51933200284202,-0.174790294971481,-0.0461732324996384,-0.655915514790208,0.111632609969871,-0.439955271207479,-0.795671364048578,0.608122977974565,0.287828991868954,-0.626142707508988,0.647413103529981,-0.0108746163396587,-0.779256453731662,-0.107423550792349,-2.09449375823963,-1.72075221797985,-1.15997866523463,-0.450671555899979,-0.286050150041354,1.02759689835173,-1.23347450768277,0.0232273937013009,0.404447681787984,0.114090650024837,0.00394742908298231,0.718623257382367,2.34567541040544,0.16099734669089,0.820032290636894,0.845477904140015,0.884546727686248,0.014843217575543,0.460110881851373,0.616915346928126,0.628058107951592,0.826027946929179,0.736934412452831,0.434429389392886,0.32320730984332
-1.36730677523807,-1.30399563428571,-0.373295610777289,-1.01991750724264,0.177035705667674,0.742660491721099,-1.38900708768443,0.161410415016028,-1.63240345949377,-1.28270873178084,-1.51748840646256,-0.691488384422655,1.0861330533594,0.155859619321148,0.331956580541535,0.319280674984032,-0.538784388814892,0.814320749244539,1.10000979004088,0.339965855695921,0.273868094027513,1.4669230479616,0.422538919196467,-0.0109311155661593,1.4777796483201,1.35893554345211,-2.48318081475624,1.4562216855854,0.989192022545319,-0.248132631303951,0.468606506995551,1.17780434910571,0.130898790985489,0.703433385459758,-0.226172739100218,1.03342066184716,-2.6757179521573,-0.234280701871905,-0.186413712528321,-0.340194464893674,1.24636973664411,-0.501507817475274,0.366901222731778,0.541091169852042,-0.853108099151483,-0.599899851019717,0.664965743020455,1.73133362213459,1.03763564900783,0.169596321987929,0.551055364872992,-1.27484838959119,1.04233826830303,0.881706794960519,-1.34981142076502,-1.54924046250539,-1.21251524472346,-0.885956507741469,-0.276350942477845,-0.850792030190709,-0.0415223385548741,0.988712886081248,-0.280019050928192,-0.546076599611259,-0.994739737707614,-2.00732736459296,-0.418987584732647,-0.128623946686661,-0.390658092021337,-1.85819455443138,-0.671772300860899,0.603847709147276,-1.73442664474723,0.220689910178001,-0.518185732009977,-0.000539130818160551,-0.725698180115334,-0.577292483825791,0.157373145300031,1.67178027854347,-0.560396079822562,-1.4794622310725,-1.05169148627335,-1.15779111218412,0.0693466209850266,-0.0238402261286779,-0.277507408614672,0.909893334775643,-0.249188699877388,1.32853184999915,0.39412825378275,-0.358038523683298,1.57171939538196,1.18124636788516,1.54094668862702,0.815290110954242,0.150336700706461,0.476246131529911,0.651887275904335,0.894084350924854,-0.280939649340344,-0.174891796113511,0.673440307127215,0.419722881878236,0.288613766415299,0.02895208535407,1.8046081537376,0.628035796721645,0.403273305024287,-0.323578540031096,0.736419790816967,0.686425032737811,-0.894521188243614,0.49449570084317,0.522205672883988,-1.27396617001509,-1.72266572010974,-1.41283119788194,-1.85709126146948,-0.93960398221849,0.69538547484034,-1.00725060047085,-1.6059818314608,-0.938959141861706,0.00766803913509444,0.276650831251252,-0.345245573675429,-1.54666345696587,-0.697787895658465,1.10919328942339,-0.953462569722272,0.59934592818165,0.249026740157853,0.481944417666714,1.53539120587057,1.02502314024733,0.833472008581584,0.508627440937128,-0.97572599409138,-0.830756053192176,-1.69817918648861,-0.655179909088096,-0.0722664484975456,1.83033120737098,2.37512865909477,2.41883518649935,1.00516648007611,1.38697557179232,1.6370177761711,0.36476211079844,1.86800859688854,2.11549441882147,-1.03535707163498,-0.144645413982044,1.54513259268853,2.03841789906001,1.38759075274408,-0.166706210039361,1.54401104735067,0.494433635816566,1.48799088901562,2.02138362934726,1.73081743212332,0.0937351951445378,0.184943062068604,0.568006420993791,1.99792903197325,-0.662399865179087,2.02137246315832,2.59502426615714,0.216329331773656,-0.00152549721129867,0.708226697590713,1.45555154134242,0.035466071821095,1.15913625319062,0.250936961456818,1.16032557798544,-0.930098262747039,0.458364575432684,-0.463771772243702,-0.60420282010152,-0.169261092951675,-0.202843971628108,-0.345921419470526,0.807088199224227,1.39724790309059,0.179655776363176,0.031957944852714,1.20089274419576,0.829889285703983,1.09397353780472,1.39156913308951,0.905534044890405,0.448725850149756,1.28380978365838,0.183891645582419,0.453166602836094,1.61650606754804,0.331055528114566,1.18217292387222,1.01165729345989,1.79424887153449,1.09016364469796,1.36202985064003,0.444263097622877,0.448239257689053,-0.974580915532287,-0.447295017978459,-0.446794466879554,0.232172640326126,-0.618707890650137,0.364528904156177,0.190801842311607,-1.10768397410085,-0.0457559472332412,-0.51768129058429,-0.0283311646657617,-0.285667994528582,0.539650133003696,0.960320102213785,-1.38856298850114,-0.499464247140798,-1.09635821681314,-1.01256975147509,-2.35903218120522,-0.784472394817352,-1.48862028710663,-0.610143158316435,-1.09209544295112,-1.03236666231395,-0.593390047217687,-1.35733660317282,-0.776298669592243,0.876036054923088,-0.864391205261161,-0.543501838884461,-0.25243685813625,-1.84079737627293,-0.0282085717886013,-0.603151380214322,-0.775220708395666,0.497024301969137,0.460924311585065,-0.556271000929464,-0.399480101548698,-0.633062465470266,-0.571805262487929,-1.05646002524658,-0.927737473854191,1.38276791588953,0.580525662449427,0.717581412714302,-0.693264255533298,1.6075231583806,1.49485256503387,1.70381953098329,1.76643386400304,0.981266416563627,0.676839597453602,1.45718172233794,0.510880104066857,1.32479833763652,1.29340380244794
0.977844633018422,2.00120416435722,0.0405895103904361,-0.0697070465864245,0.369051387702284,1.58640880987041,-0.896022905471328,0.154112853635672,-0.420261062119675,-0.149549087965246,-0.0323303058236585,-0.0622677146565169,-2.00947426815439,-2.00300487178646,-0.0969315787631295,0.0229831758568957,-1.725154774798,-0.391819201094954,-0.640890775492412,-0.134549810558359,-1.90495709067119,-0.815128468154307,-2.41432299506959,-1.04572162237657,-1.68073156825539,0.00857628556773326,-0.489488785380792,-1.10180669864175,-1.75701726172516,-0.191484505538176,-2.34270708094128,-1.81018484997612,0.21510002888434,-1.49535074510927,-1.65999801899966,-1.67651503045102,-1.40057678926724,-1.24957203039204,-1.64923605704985,-1.58695056454305,-0.0647378804291674,0.37881050895609,0.147962184096467,1.00001766383329,-0.847106135837877,-0.151003261166293,-1.0757978240519,0.353437628850244,-1.13853701817965,-2.15198214668831,0.0385829372145364,-1.41688372408025,-1.55299895132242,-0.737070606932629,-1.63447973049413,-1.43199381364895,-0.310714290187762,-0.564554990582562,1.50838313323068,-0.523809842475483,1.03235493239063,1.12055318964302,1.49963993318709,-0.115369509945562,-0.172411902655719,-0.312919956331235,-0.352710650120492,-1.13519253787549,-2.14670210481565,-0.326429514749907,-0.549203081814357,-0.599443028231953,0.664097945129463,2.24455344124437,-0.533118379735892,0.0453987340263406,-0.770220511859955,0.013564071605267,2.8587678407362,0.662680419004756,-1.21085783958291,-0.350730618808654,-0.91285554946117,-0.446153594465827,0.198451543557721,1.96614216871261,1.3403772591837,1.0697509907422,-0.654754479162028,2.03567228822251,-0.170392410796983,-0.459121912423445,2.07512086588247,0.932257065095579,2.49369283987741,-0.636231116890226,0.491731050483987,0.362707815891279,0.0334388592080153,0.673725446285916,1.4401172474341,0.965305694018627,1.74236653113069,0.848915891080479,-0.138192822968528,-0.17550631316208,-0.948982711940782,-0.725173112869553,-0.413142514326492,-0.922440389504111,0.276883447238346,1.58464605616835,0.309916394779954,0.215725093188396,1.62174552420488,0.0663088130330116,-0.299747234423829,-0.152928002124536,-0.90575278881239,1.83325745473072,-0.502555080147589,0.73050249878526,-0.458798500536209,-0.306431084056608,0.642226795702138,0.0955618740460437,1.8001063490556,-0.140271752098652,-0.825500596330772,0.267174745864771,-0.776474241980753,0.968853818178731,0.696094866291257,0.0567020737872086,-0.0805356700150825,-0.888088435680843,2.04436017404155,-0.570476947303205,-0.677466435701933,1.91854751773347,1.26485891601202,2.55437904092667,1.9299606258284,1.88653279546541,3.21155796472145,3.93838191710815,2.53198276320579,1.39471072928112,2.75200178198628,2.25922651938403,1.91298922046897,3.1435976887125,2.3304382596369,2.30595179372562,1.75033112899947,1.14153883654318,1.17642865601555,-0.341677674661708,2.4203382230087,1.791580203582,1.83109765730625,2.18050967840585,2.07776739672346,1.60228329291507,1.20683257749829,2.07637671369531,3.27895992369446,0.718282278192472,2.53034316214424,3.40705041952508,1.40888403284784,1.53207678209395,2.34914445855465,0.413678466174037,1.51748109970407,1.52610674507361,1.10778116340903,-0.832230345726379,0.315086688224219,0.0831820032266743,-0.0723405148963118,0.465048351383966,2.68524393529868,1.87273848167914,0.711577496524529,1.42838356387047,0.454940971964018,0.544904777972053,0.534095678782162,-0.712385711486355,1.24275662470616,-1.20771770672207,-0.250657684003731,-0.0259563876382209,0.839713342303864,0.51617487596393,0.326026751619131,0.747830213189842,-0.600656662334335,-1.21933837039581,0.988390093774351,0.652102754656529,0.213208003021819,-0.384058690766682,0.27046424372367,2.34263445547596,-0.55897655180651,-0.896080317102104,-0.721786702154785,-0.310507256808066,-0.0183225174997103,0.377716087388129,0.285296002481444,0.405892073971074,1.11737442779502,1.46298338102219,0.91729276584454,0.00171622359030455,1.20849998735846,0.541458412164573,-1.22155072063121,1.29009575727699,0.649722626394899,0.580154602993341,0.848821381630472,-0.0254600434406392,-0.347393125466737,-0.454081897369097,0.307400445489848,0.412634664737558,0.479972915952204,-0.481439223733572,0.201560852158205,-1.14147735049585,1.0889578960661,3.0740908115001,1.96204263783434,0.524670055830881,-0.127181396788507,-0.306288633302254,-0.346998126365542,1.31215816422734,2.1624887381927,1.30074772474364,1.61991214302177,0.869472585808403,-0.266629963843872,-0.600150454364094,-0.00324462094405243,-0.498022760321382,-1.08121797624341,2.35710484332922,1.2774876380877,0.566440173220892,-0.635983790332913,0.372006611437116,0.181962602811139,-1.17962510098463,0.905853649042036,1.73310184657228,0.312943450600142,1.44784951074913,-1.28635985953242,-0.107053332908408
0.570198525749812,0.500960391776566,-0.241708515259587,0.554563035031787,-0.0380983712052849,-0.0970068148122482,-0.812866417934599,1.77772457995698,-1.25236990332515,-0.812675493036834,-0.967349413840152,-0.35525821809133,-0.151997734102219,-0.502650449689236,-0.380054102669082,0.492134995331971,-0.635972253149018,0.390214109446487,-0.0845146863640047,-1.03618354589358,-0.512049336265198,0.228576202268636,-0.657358447726576,-1.69374085166001,-0.239003162240282,0.191479766469904,-0.561447327193268,-0.4280913940875,-0.219074037949556,0.141152383794177,-0.498553350290205,-0.492886001425152,-1.11657209946099,-0.609655822303787,-0.421265593822706,-0.230652719677324,-0.903217313973509,-0.52160598192936,-0.424445207652499,-0.721536105474732,0.100506026458006,0.0417551752960551,-0.301021563905119,0.898113472348286,-0.649335103858767,0.335020657305589,-0.51249210481074,0.416050639892209,-0.194782907565737,-0.974827054842556,-0.0660849325086965,-1.00707295682186,-0.238639034074966,0.299583086632192,-1.06984080770229,-1.38385975335017,-0.84591985372932,-0.638512380148883,0.051939997310443,-0.694856355041342,-0.47989222130474,1.14471101146105,-0.0120224432859795,-0.260230878334174,-0.511340528412583,-1.30224116523389,-0.57104656931597,-1.3115866960636,-1.05510776084802,-1.48849672895843,-0.0956537470384078,0.32182511142728,-0.0692732431668997,1.93030898677346,-0.754250989133916,0.0534338334581749,-0.376934287887552,-0.210549247650228,2.31240948997522,0.719317749842148,0.520277142702697,0.693054341626241,-0.686334727772171,0.0866669531305047,0.245940075854816,1.43306741429053,0.954199399501736,0.323403066249229,-0.335720074660459,1.33215146346883,0.0968825474817828,0.0542298817324657,0.945922846257894,0.155242089944302,1.38901108822645,0.0602125709365516,0.0706622297556663,0.753680442059504,0.493106981504313,0.369696920788883,0.687781088875382,0.551204108016161,1.13665868158469,0.500060352202853,0.35338165888022,-0.0107393983686038,0.629445455094425,-0.41127784651016,-0.221818705479756,-1.51239417739688,1.5634728987711,0.192520967581653,-0.364235787532652,0.544154727915913,0.549926952597069,-0.679903308807539,0.163087842805246,0.216927543012086,-1.70034132852119,0.801940923434424,0.316459271383935,0.22249605350696,-1.03285736475521,-0.931265793245057,-0.635017721685762,0.068269184557842,-0.109608406833227,0.380147971673743,-0.0809638570008962,-0.249800633475646,-0.980089645044702,0.403054494765154,-0.0223988304099396,0.100977854300902,-0.223842621864485,-0.328575140147607,1.38493364472003,-0.182511587494185,-1.83970377154897,0.538432822818018,0.245357386523938,1.58147576083057,1.17811475500206,1.97072647684072,2.02740001236389,1.64684007415613,2.11121736545131,0.434159697758962,1.76214320880354,0.363640556545169,0.84864115227637,1.25735460057517,0.755923593971309,1.31281588849528,1.63997550090345,1.02749847964396,1.18326158825838,1.25476671673866,1.78106646665362,0.590913884845048,-0.635819893858221,1.90053205029605,1.53767793827987,1.19298669045433,2.21931917492703,1.48906165884292,2.47208073539586,0.386065715494666,2.18646935533477,0.499872609812836,0.646810921395521,1.40903599900671,1.26032232549078,1.34119210296602,-0.267057571814941,1.23745396492054,-0.79400645914205,-0.998193392496874,-0.947834102363002,-0.727913818154399,-0.63256331276481,0.265042312455328,-0.00428706116160592,0.410344426212557,-0.749504105349902,0.434790937155774,1.59588905911714,-0.0439150148076752,0.170404219318059,-0.267845585383513,0.296577455361708,-0.490729408859887,0.037678519142062,0.150377665663655,0.149217173587815,0.31939080175956,0.321868046049659,-0.515642934379012,-0.514563699831651,-0.696942912427678,0.352674674917907,0.195492483696401,-0.0553610170345937,0.163299350839139,0.0808615953068362,1.51078255109846,-0.534022328108734,-1.21444294504711,-0.203442843359796,-0.983798962213413,0.0350339431443463,0.0588030163480938,0.0589709863518979,0.339877686453088,-0.206802232449501,0.485661445207559,0.0566488180200891,-0.213371460458598,0.474501345381315,0.55650891900165,-0.616823832952397,-1.55179129679537,-0.312479477899088,-1.30804749206137,-1.37006260720709,-2.08819264191677,0.0143428016053667,-0.492552182512049,0.00814140374714631,0.576452657912681,1.38441615552557,-0.0803465295536538,-0.253024015097251,-0.504857663911479,0.520939739037253,1.22957826466259,-0.72600758248103,-0.100437223787542,-1.07563257639962,0.234496808833271,-1.02204157645086,0.0225294000145003,-0.248871937047117,0.0784737138852649,-0.00613291468174708,-0.196773745770734,-0.440178435006879,-0.54075645537668,-0.0784787337068231,0.454155427931695,0.47313807215145,1.83647410118482,1.15836477705908,-0.733194170137356,0.159287361954087,0.478366115645067,0.156437461402323,-0.124363476744268,-0.389267958306436,0.888009844485078,-0.577480589531126,0.430151969169805,0.0749882729790478,-0.325566212273642
-1.13066744395647,-0.113275190852645,-0.369732276744567,-0.824273540630655,0.0877575825869993,0.0579015086750348,-2.29161178635343,-0.571518650155915,-0.530688735322956,-0.354654056299525,-0.720404272573419,-0.697642783399664,-0.0941648955115971,-0.103003076926586,0.723820499190146,0.575146155982167,0.689790547341817,0.79481546343224,-0.0193886906487733,-0.376935883540756,-0.0883770890301867,0.663451722571832,0.580992697409974,-0.740427243690222,0.254135703540536,0.424029579803393,-0.928298831697249,0.487583927483358,0.19576617136731,0.455007807881063,0.159517644246514,0.428374863051885,0.0270248844961473,0.429814187205377,0.584679786971595,-0.0513471504672923,-0.786568070343246,0.330662783059034,0.0292834309734159,0.474506630544923,0.721734273029927,0.82936351311525,1.21763277748126,0.672677364406521,0.734574349594347,0.0154680673253171,0.878066141981588,0.35033118568296,0.356212476637443,0.424929702536142,1.44714240210781,-0.608092073417078,0.267555142033848,0.58989605166764,-0.775034886669907,-0.25331069113963,-0.726446057284585,0.118059053894651,0.0703743090220041,-0.517651513137446,0.761321366170167,0.132337612696517,-0.284218800130923,0.351154818774699,0.701413325327135,-0.186020386252344,1.59857184673737,0.307641494951505,1.2692327194422,0.225887397241406,0.720047167325483,-0.0457672734700514,0.0109343618444904,0.994413384868515,0.709728833976269,0.485217547669218,0.827462514443115,0.184692204705774,0.9627702377754,0.575144264978652,-0.426518107029467,-0.629715155560626,-1.25663251996359,-1.16288690613757,-0.878088972923754,0.795356909651476,1.26186750637869,0.771936397863238,0.220785629459866,1.97559442207335,0.067655891391717,0.231487697039847,0.855090240946168,0.295290794371583,1.32890779471218,-0.162635772820367,-0.233868041663964,0.0604468022942438,0.537983883780242,0.977195425058211,-0.582245936655315,-0.0824486741657011,0.218487896971973,0.30872214577928,-0.263676038479965,-0.5074949224167,1.04175392048392,-0.744642165432805,0.737344370170132,-1.12855504206814,-0.900968419723773,0.0557770160954088,-1.00144714854345,-0.0988919516271284,-0.392093366793959,-0.195785766328631,-0.998324808974898,-0.051308893557001,-1.00469064149802,-0.245997594595413,0.135981029852149,-0.626191646150557,-0.747214497500738,-0.378934001993602,-2.03368723663823,0.275422765676847,0.103935179401827,-0.552548935223809,-0.526929920318346,-0.332270860676957,0.198312794538842,0.736367272295313,0.818907959979616,0.163547494863733,-0.359939425258169,-0.961190063561779,0.0335922251251896,-0.146575744695521,-1.22103010233223,-1.2801533744741,-1.05417701252696,-0.742928162768786,0.370396224330865,1.49756860394157,1.35421605419388,1.04684104382549,1.2136619988717,1.29824274513918,0.463314692679589,-0.248213438292418,-0.236999824621742,1.96814054978608,0.040657593370607,0.281947267516361,0.0911016996617449,-0.459000013947576,0.732869953312083,-0.263200543854777,0.343815549342533,0.947406688500107,-0.504998039429122,-0.00602642452557119,1.21638652979865,-0.215388434088835,-0.0801186458742093,0.176841516732182,0.92637903770872,-0.852989407128553,0.0296622253019217,0.505266125630738,0.195218084634976,0.139773763843558,-0.285456847548075,0.74390147684645,0.20139805418436,0.420293162345424,-0.399596964016241,0.272684978804706,-0.697192263206803,-0.0897739483763853,-0.365791648599636,0.521778721616175,-0.336293135642485,-0.248563322232506,0.562205594865152,0.0603506211401049,0.571278694753653,0.0733629557584378,-0.828617767034297,-0.660433228205503,0.406644977521195,-0.46656472119739,0.0962087080922949,-0.0531720040932591,0.438888465772567,0.221085770204721,0.0421148328022657,-0.177720909168903,0.014742277020792,-2.08028655017183,0.459690495260467,0.241148179051171,-0.121037129213557,-0.462887461495332,0.589325741545111,-0.836523897465683,-1.67328656997308,-0.558398734279055,-0.119411226150221,-0.885922533961262,-0.0308315708372188,0.299067398867559,0.240323611949477,-0.297420652748252,0.519157703230026,0.345048718597771,-0.00112595691749006,-0.709526717868676,-0.657001702801731,0.203282900518123,0.409170009525107,-0.232860650577035,0.110832567332146,0.535018233721277,-0.475898828855593,-0.937370749827289,-1.6375243741395,-1.0171012764211,-0.406582054778335,-1.58838899324286,-0.88243297291472,-1.26087716385987,-0.215532221240815,0.28920953349983,-0.27068790691111,0.790698458393121,0.252912001303305,-0.00266376423921061,-0.838886029073523,0.06083411857816,-1.24768410568982,-0.549008569475441,0.374783201641689,-0.0210768412079474,-0.95129383153043,-0.461901299131917,-0.211882359714527,-0.295822762666293,-0.607815724300467,-0.63237742548172,-0.319604469764234,0.591733673043791,0.461282054633379,-2.34193446920451,0.0569002287517145,0.00493291190357162,-0.192604174408192,-0.19234206022348,0.131262628687645,0.299447453436358,0.0623519853103161,0.966513438292688,1.36159602921535,0.52859994286845
0.960803827135991,1.05455623015147,-1.22998587967277,-0.401856065988962,-0.79107753813866,0.499426531970548,-2.75401151898808,0.394135456697266,-0.724261568977771,-0.725308135199421,-1.26629824640169,-1.02501983491626,-1.91148972707178,-2.3647762418324,0.491881217627417,0.308443772328078,-0.646981081445744,-0.590353332122191,-0.976882866958456,0.140291815148546,-0.57729139867977,-1.16204702618191,-1.38347077956198,-1.17986283780842,-0.660261782856958,0.78711444046205,-0.629076836325709,-0.441402100310735,-0.354303792633052,0.682584191049985,-0.252407776487342,-1.3409395756265,-0.217245669147291,-0.334710785461768,-1.18833424472023,0.07666150997676,0.081461045874922,0.354966548854357,-0.630355164085365,-0.390890851973679,1.2836716641414,1.42465541564937,0.461712016534801,1.16683313188193,1.12528141956849,0.425993185764104,0.799409315081838,-0.194185006853939,-0.616982222262048,-0.794360533685799,0.776490602759045,-2.0567723139117,-1.35747414477794,0.531456800244631,-0.163108366872326,-1.65427630257057,0.552564034238023,-0.665505478618991,0.8238855181535,-0.366349153907342,2.18469818879549,0.838580716845678,1.3624960304588,0.313146150459351,0.291468958148123,2.4178993690657,-0.493587925312571,-1.59141906000436,-0.399039318051345,1.67359376268505,0.589971942809225,-1.51409377229026,2.93539032874387,2.81160772271759,0.281175316673627,0.624319444511987,0.97848987512833,0.265102575145972,2.75620731083205,2.82135946938253,-0.296155005313684,-0.389869441534302,-1.36391591506714,-0.784265972435951,-1.03894928868828,2.80388002094098,2.38123896484347,2.03352250606072,0.9611485831649,1.43757971687687,-0.219241046183144,1.64379586156025,1.44934924670395,0.91726290716165,1.83286375763903,1.87863899867072,0.776884978994732,0.691448946880236,1.23509139734148,1.46375159216842,0.40108296122532,0.302913576494704,-0.222458671860996,0.431224677292026,-0.477609787989987,-0.63347915366428,-0.958710245342096,-1.37405589645057,0.113825269472913,-1.56788550169764,-1.35172117549518,-0.434315735134304,-0.786774714731617,-0.0324606015359176,-0.798605542087464,-0.0774315774722321,-0.228319346151087,0.856451887606694,-1.46854562425607,1.28235841643701,-0.00461584199776406,-0.568425486286822,-0.895685852794528,0.915702272580553,-0.525076471709293,1.16913978840658,1.07813574379453,-0.301589779916271,-0.975745957141334,1.46036614061612,1.29691793376063,1.07455297078663,1.03182759182915,1.72163919420367,-0.087186942986372,-0.877516794620968,0.205379762702642,0.0776330040408581,-0.631554865711269,1.12674448364662,0.134032637023525,1.04477182160767,1.19997480520882,1.82557852017982,1.1706107104706,1.18622183673136,1.45603612926607,1.77392647344887,1.91664486049818,0.667890991295125,0.372976106539509,1.67398988238396,0.913710746813466,0.908089005026958,0.747583676847292,0.55064601836233,1.74532288626023,0.50245119050016,1.83949559262273,1.97391790375328,0.973225056025498,1.04632408684655,1.48855762314326,0.605333503978915,0.424875885962946,1.84412622329596,1.32322274682024,0.0897135129877043,0.96838164658805,1.43668832771762,1.76442743169753,0.383911878908861,1.48019594715865,-0.275673387124542,0.391013848350005,1.97751937313762,0.905696975346915,-0.0195471948702039,-0.277954482320411,-1.20449532184547,-1.28535203784649,-0.627325105133978,0.817357632693523,0.956277696422756,0.443631028491432,0.760963246830216,1.81451646173246,0.528141221742101,-1.22764946348697,0.380890277501162,1.65647201973196,0.624581659863506,0.640204274151416,1.89732858787807,2.41560543910673,1.75438527915921,0.782959264217632,1.17847603515668,0.332454165997263,-0.500647607460877,1.5175147524569,0.323282142583054,-0.529458277491414,0.786698340255345,0.352600254390309,-0.372670095569857,-1.29578453225663,0.740256266694794,-0.572377706641805,-0.105045638669058,-0.688472909687901,0.0903957573034188,0.604980292742329,-0.0237879053962498,0.404458921227829,0.6439820492995,-0.0142798518069574,-0.988298263819372,-1.10434954984236,1.07002995932707,-1.97850567215848,0.706206305692094,1.89624192648565,2.81456589090041,2.55044457020366,-0.0341381602273125,-0.787837939687779,0.0858103682490974,1.60741736297063,-1.51018620863084,0.192801986076761,1.42639822394713,0.122466962925554,-0.00955046894772969,-0.320452416251025,1.05999069931524,1.06277665550239,1.43401022649273,-0.473355898177456,-0.116148685287654,-0.524840227405781,-0.432579643621088,1.15068160280419,0.435962217191753,0.680026123204485,1.0551897551799,-1.0694969442432,-1.06798687891224,-1.19391808505617,-1.0202466224884,-1.46814372376033,0.28820430522513,0.362354707329369,-1.93676481252999,0.501864374869766,1.17689739346388,0.455289859715047,-0.763949439882707,1.16116150697351,2.79077483785441,-0.0669650724692876,1.81824311253307,-0.503769068156404,0.197840336436114
-0.0351298092923093,1.53346116967543,-0.091375818648913,-0.244830539887249,0.358023678931934,0.423468511954805,-2.15476277041465,-0.425851801964447,0.129340066465256,0.0638560873288283,0.595452479493458,0.315851841150808,-1.51498009815722,-0.850048968473614,-0.602078678189975,0.150357917051005,-0.262318922504098,-1.14960299827811,-0.632170488576218,-1.39078785379481,-1.19087023667239,-1.47040508789888,-0.844858251062118,-1.99532295546375,-1.74956058415108,-1.07947719094756,0.624707185209386,-1.99970400984899,-1.80144026003439,-0.662931797700949,-1.08576351943149,-0.618804759677644,-1.43527846334964,-1.72414681903106,-0.668253247917908,-1.6877366307293,-0.256448830640641,-1.43234773344663,-1.0646453324009,-1.20302525476979,-0.341013411410666,0.962803629367248,1.15926019744884,1.54030148586211,0.27979361080357,1.51908484193697,0.0745535561940246,-0.630422072547562,-1.16930465606484,-1.6619484602705,1.14960473035829,-1.16316312703793,-1.36770496834458,0.275352555552834,-1.37113836416857,-0.781369438856552,-0.5888793895445,-2.00695520318027,2.75745309270339,0.438280021339575,2.28005479430908,1.5313235525917,2.97371690177664,0.395670580657097,-0.369523586325435,0.173314808639807,0.40496125584275,-0.458590242012394,-0.384761062508712,0.168055943043277,0.770323958214373,-0.556465971699914,1.68566609194397,1.2039004034806,1.13503401263327,0.210158266061129,-0.0366958586330752,0.201830097932636,1.01701976995158,0.425549568628571,0.13833460209914,0.183755134970152,0.00285252032624294,-0.00451134336806131,-0.144886865454408,1.58427669174722,2.17071511601054,1.08850706342043,0.677479749767177,0.234641206319356,-0.235143463502591,1.39628442763695,0.1592905499742,-0.628777179693504,0.717311888055161,0.167163177969461,1.89393821923118,1.76533087106497,1.42360818297271,1.68565189787456,2.77941513814756,2.62460697185025,2.39247407618446,2.29913354055998,0.890444442046294,1.20983898738001,-0.308144345684827,-0.316426917588933,-0.298908748190286,-1.13594223033587,0.0382218326763382,2.27679135622075,0.841681386255096,0.859964461655963,0.714064015307374,0.519083101481838,-0.849860343948096,-1.28257883353826,1.52878469916298,1.48137531124759,0.077163205959539,1.95361669549439,0.0751103705181157,-0.341160019448179,-1.82334634131807,-0.448880770486167,1.16830275142331,0.192261762535467,-0.649534627520226,0.71645579386974,-1.61252068550921,0.910529967059589,1.89733267363829,0.192619028619503,-0.935774569402435,-2.0282478555338,-0.0726565463207276,-1.07711383209648,-0.285744724995224,-0.9781404830398,0.262256215219571,0.525554958256729,0.270578522442421,0.373491691558762,-0.456311105502005,0.334576766455426,0.190128108940425,-0.211557914586832,-1.08785083129649,-0.0117870969844615,-1.62606326361032,0.292837249344082,1.22367385977057,0.162813468953419,-1.07070275191512,-1.35562140386663,-0.657456747428912,-1.26106746751798,-0.0817768918517577,-0.0491106700569462,-0.629773844099991,-1.29181239373571,-0.674869221623557,-0.919689981291657,-1.02836647578443,0.371099573498897,-0.106968409460444,-1.46611655896982,-0.420527609673016,0.630782923906357,-0.350371414619714,-1.22609200061914,0.452285194322656,-0.896795281587891,2.84944333853415,0.55580671133625,-0.515621868883312,-1.50293511660353,1.42320970157205,-0.106182686264579,-0.416145564869783,0.438823199849013,-0.101054362353995,0.626694748924636,1.38482487498156,2.07572019850151,0.517817572787799,0.541888191978505,0.224487634777377,-1.70431260741194,-0.552050334709641,-1.62414605975859,-0.657023339047019,-0.546354754133662,0.0819333963888341,1.957921647344,-0.260166432179514,0.0642330285693016,-2.05284376982158,-0.919968466595516,2.03466706006515,2.15245031273141,-2.16470211771202,-0.847773017974324,-0.331607224657664,1.53634474049778,-0.905469350423238,-0.77789110179013,-0.572642224987146,0.0120756306032802,-0.214411391250691,1.48970882142869,1.31207412528211,0.41159069175092,2.57398162637395,2.54610715363426,0.966068511473024,0.318518533403577,1.43195403611644,0.120801047887924,0.422059057685628,1.83457277617853,0.603923964627405,1.29940825829364,1.34125904366225,1.27164474829739,-1.11126536901493,0.613616700821419,1.70513671826488,0.748739598218378,1.34967405262168,-1.40893723718705,1.02855805671662,-0.259175612320813,0.957232407627487,0.501130341608541,0.850874741430921,1.09852978585257,0.762227292979146,0.57742817852186,-0.810729515931286,-1.7341729160225,-0.585322558682326,0.00628817986025342,0.374603772520945,-0.0626150349159602,-0.493881902553251,-0.84920613486729,-0.471066450322728,-0.684717389429959,-1.48278145337475,-0.00368173685798819,-0.308453257620856,-0.409272738803396,-1.62555253200721,-1.38933907885977,-0.511270667691609,-1.12917662936294,-0.717711094892844,0.550562622319377,-1.22191555202489,-0.544450237552793,-1.26456534573539,-1.67402532768211
-0.871129852870012,-0.697361716491621,0.872329543953519,1.56045475545646,0.154862164316697,0.606580363339675,-0.873699648230804,1.14728189544143,0.630971808095952,0.662307600009667,0.160245646548542,0.489331962490866,-0.773531410665813,-0.878153354854067,-0.834375528124212,-0.297855518846074,-0.522933514828465,0.605606811216598,-0.483937560517667,-0.149607844366504,-0.276451109424138,0.255644835283461,-0.310845572926658,-1.82721668287119,-0.0426804022388365,-0.692342704611361,-1.02687597234675,-0.678079527467725,-0.254688522140478,-0.961150042206334,-0.401109877847762,-0.377777489430374,-0.616565567808763,-0.0460119456041742,-0.458321754092473,-0.384959581485734,-0.925848022814386,-0.20585468390114,-0.773345981146806,-0.66869547972147,-0.884569270539517,-0.579001814653502,-0.0950645953472564,-0.529481629506697,-0.510458175362754,-0.303564826046875,-0.886106084421619,-0.401282142579558,0.514451655399274,-0.965337337706426,-0.517989478053795,1.045897537272,0.396164346012504,-0.200495143353682,-0.614905666032328,0.126706252754672,0.677114873565078,0.359558143222922,-0.279009571859722,2.29240591433951,-0.892398384237813,-0.533312552528389,-0.230751379045502,-1.34131006418136,-0.463995377110486,-0.345389290562233,-0.134392764949971,-0.927324020775496,-0.012447942069624,-0.11716517387928,-0.0590939508141273,1.1227701021835,-1.42407066475576,0.920112938823405,0.243628937858277,1.51521076556363,-0.106965021003598,0.143578407391389,0.848251508009467,-0.396595479007538,0.732269560473127,0.28491400627044,0.425518028751099,0.883611966491733,0.249733962387116,0.479842965249977,1.09301748320919,-0.970257457829171,0.0932213609865424,-0.8752310667981,-0.621026334356305,-0.616525985742073,-0.567206562632311,-0.545923776818515,-0.481814620566855,-0.39787360801052,-0.3154483276683,0.523977619334793,0.142999513376569,0.0891626572561098,-0.229934407569092,-0.708948887458747,-1.12330928952914,-0.910494251971299,0.447936620425969,0.232492577160963,0.394589394519177,-0.0160793547367843,0.77813400990321,0.380047193896243,0.954249300223038,-0.60516787924427,0.753624237006165,1.29509050486034,0.517201515200398,0.809155216839411,1.75041383220572,0.671858472666885,-0.312498613597828,0.790474685756803,-0.13125797214124,0.923371299468197,0.857940269555846,1.0799926661106,0.194581224251345,1.02552099304706,0.55258953501659,1.05737014932211,0.713137937171381,-0.810139601310878,0.617640401904089,0.340072877709258,-0.482487693847223,0.774296000210655,-0.172879686237777,-0.472054525537149,-0.569615314587979,-0.532732869786017,-0.121881194706938,-2.05978384952356,-0.844603278782159,0.436985193973122,0.841926015825425,0.824976495870261,-0.225336729206122,-0.43430172968438,0.382601515070728,-1.07969706691289,-0.822683156792306,0.410711661045749,0.160424862064918,0.01209405344302,-1.03817788123624,0.451251033470197,-0.719691683056131,-0.848795185128019,-0.000854801963773372,-2.11919114245186,-1.00121689264496,-0.30445979121626,-0.211254243352697,-0.407862098816223,-0.43852097016179,-0.646135921632474,-0.454534052712151,-0.236215192786583,-0.271888828897374,-2.67219278065254,-0.0938963574303003,-0.520930414219539,-2.23023117464953,0.0174066470299286,-2.05724957838335,-0.52857060755522,-1.10083809436963,-0.990243151910438,-0.414998714464995,-0.249678241886728,1.45661464747006,0.856491216786278,0.000458486930020246,0.805149397310657,2.09747305926972,1.38402656257564,1.38114088293104,-0.920229540614493,0.347776049936653,-0.120926888386991,1.23404540073603,-0.709855411873727,-0.316035408818053,-0.249254394858361,-0.138896641904543,-0.20308097029161,0.0872462515854289,1.08930551163591,0.90115844216795,0.376759566022443,-0.463564507052342,-0.0271683754981708,0.254556494102007,-0.0133787134103056,-0.420115672222852,-0.65920924027142,-0.48486430923961,1.00644366768392,1.15197730606086,2.01591364994987,1.7356597530451,0.794543090408124,1.03997519185644,0.364841311794274,-0.644700979860869,0.687331824222654,-0.541980556766897,-0.519738094272099,0.0728992763795056,0.644773861394096,0.479696718071589,0.53126820546965,0.698107035904119,0.627261128050696,-0.464349445388417,1.15383649854734,0.431490358990269,0.596681251715805,1.87956201122413,1.36848608199582,2.20778914733769,0.442624064233826,2.11114604040798,2.26134486588138,1.26479256537619,1.96457006297495,-1.09077447039758,0.423876027902118,-0.744673770539726,-1.03759481614989,0.563448272124192,-0.463694330453784,-0.521145748311491,0.6898718010293,1.39642305410978,1.25290725873249,1.2549235691825,1.64055728434241,0.693091150695934,0.613702566568338,0.949258932260266,0.734608223882623,-0.601646277434589,0.879672271839139,1.74577951902204,0.949419642730645,-0.611886027454833,-0.056401008928835,-0.492868346802812,-0.0885499892125314,-0.553667340027137,0.362124415409415,-1.10858217233973,1.82737304583849,-0.126218878668471,-0.0960939143350493
-0.532986284915104,0.029495527038966,-0.951414667556814,-0.444771575028176,-1.16528138820281,-0.775222726678903,-1.24480450724524,-0.575009968215796,-0.279167960435261,-0.277389803912454,0.428501918627151,-0.940654463524368,0.667110934081875,0.15310077585471,0.61057774595586,1.0301598295115,0.51128410961791,0.789530744458931,0.67495205969602,0.965607977787723,0.863673752077382,0.74143406514718,0.481312213160265,0.34924886443211,0.951498807166017,0.693980898758104,-0.543567925710457,0.94931774680073,0.965475158806519,0.27804688385224,0.813319755033005,0.82441950138556,0.842648352382662,0.75100259660253,0.575040455233786,0.98697100425523,-0.325010579023619,-0.429365747820247,1.1931813310515,0.898173773839734,0.63721419440696,0.55843153232907,-1.18072070627335,0.0396386916250786,1.33788645401934,-0.853318411723104,0.440468025297271,0.497791984528164,1.11454787478743,0.335414716015935,0.152113707707461,-2.5642047754811,0.894637084865152,0.623262079480801,1.05134232638169,-1.97449274611084,-0.447724188648379,-0.822421320541943,-0.494554066886109,-1.54394947946467,-0.239390248771639,-0.119868324732803,-0.375917059912167,0.150365321685671,0.452811032623923,-0.202356717648209,-0.687099996378843,0.366967727986105,0.122213020517395,1.26703382234422,-0.239085797494603,-0.0604645671773463,-0.441362582874812,0.763875692709725,-0.330344115456325,0.248090896060117,-0.853792209042356,-0.506256497183916,0.393569286545284,0.283270166753318,0.16645305626667,-0.971687686599453,-0.307472101353127,-0.337127150640814,0.128177313423725,0.865562607825938,1.15721311866487,0.384981591171962,1.57445888671867,0.0117432845982313,-0.874440459435285,0.185496426950855,1.04178124723767,0.723283416632376,0.0928424948859217,0.796537436937681,-0.693873580596809,-0.27354167569246,-0.216451918842013,0.179683604829704,-0.125131658399081,-0.310847704758183,-0.507052935020474,0.0638146077274827,-0.387066112962205,-0.606349443243926,0.725683766774297,0.684353214557307,0.614932595777749,0.237016461235408,-0.36161105514097,-0.258553018736537,-1.43763914783195,0.817317672121286,-0.682784569658272,-0.299230298687177,-0.666053249728041,-0.209764969363593,0.857873671465291,-0.96774065235555,-0.266289453105411,-1.12215714207611,-1.3000011267267,-1.30789915597093,-1.64933339211657,-0.718975060297058,0.0929759463857187,-0.713278125570441,-0.716301437853949,0.744809876798376,-1.21324723101649,-0.249105125547053,0.98732165763411,1.56763604759403,1.59257029135974,1.22725185481056,0.322639184901172,-0.354002508378459,-0.61534525951836,-1.57217283246497,-0.85061975782262,-0.761758990119909,-1.01789450562007,0.297826740925074,-0.458119197131038,-0.405038492548441,0.60789594875515,-1.76159149225746,0.392020224960158,-0.791713260866635,-0.523920297847753,-0.47576828767123,0.023074872148696,0.185985928808221,-0.169757390756484,-0.288652362817267,0.0178365806582748,-0.459231308802705,-0.211502269956611,-1.18206947472764,-1.60577431508261,0.0314299097415612,0.335753138926148,-0.473758151592162,-0.0997257326596349,0.238634109266796,-0.209219463282282,-0.560222245876757,-0.196452125379171,0.0514260266396581,-0.454123752300827,-0.590512241752065,-0.910249139103784,1.302251097008,-1.09236200995084,1.7706801661465,0.698867314112122,0.43468635051694,0.965734433754143,0.000132794763923353,-0.282556055546985,-1.65710866175167,-0.508099985830993,-0.143738837521517,-0.745585532550945,-0.391625725470689,1.31307565249284,1.9159973306924,-0.125483195207857,1.11372056504417,1.43415990002632,0.936365671277233,-0.089575218563613,0.774090333277814,0.793331922838758,-0.943756268834691,0.845124915592361,-0.599188736618139,1.3573946042523,-0.756599196502782,1.09634035225854,-0.649291743338867,0.942600550515967,0.733937793483222,0.491815771670482,0.543884592201326,-1.00024227256751,0.0174489103084997,-0.923471593872578,-0.946750684065355,-0.117762779665795,-0.563780567660059,-0.367139130327227,1.16042152539704,-0.870399353759379,-0.284205018993863,-1.19069327049475,0.329243698852085,-0.292814503275556,1.89687864690736,0.191592211980216,-1.54042337256612,1.19243684469881,-0.385800168730031,-0.867973359973161,-2.32241022432055,-1.08000113555562,-0.4773924532861,-1.04108728185597,-0.956091047126226,-1.89343420790755,0.739946166219066,0.628842857592548,0.0791934728413246,-0.669447046536698,0.223462094666299,0.717071129186894,-1.39626437269716,-0.117659158335196,-1.04046097030555,-0.798519455719526,-0.963449673243836,-0.375543826152321,0.8552495288487,0.34794544432023,-0.44651478342651,-1.07477680285931,-1.2912466344323,0.355606855209612,-1.10854126048334,0.716021333448911,0.622739136217578,0.286060955089035,-0.207534076680177,0.66052180059678,1.17158878562727,-1.97737322953168,0.846541903371467,0.748939295702397,1.21432377213252,0.179664189879925,0.662655270433923,0.969805221722755,0.948044098429944
-2.20903915987879,-1.52225383464553,-1.13109573715068,-1.60573066971173,-1.04415595223765,-1.29667360327818,-0.45466756872541,-0.462629014243632,-2.06630162331633,-2.01736022727033,-2.36765420109219,-1.38158423946867,1.50209793467737,1.12393098025707,1.19729053026091,1.14339794034605,1.79986890538824,0.0950446241077088,1.08385989575117,1.62122285797478,0.854556003169307,0.958504216357324,1.61701022988278,1.4584277446748,1.59402085836505,0.201688393003989,-1.88537875719637,1.3041845813049,1.92401994569236,1.37222238670476,1.51551514661253,0.460350119415768,1.49717785033904,1.83908160103722,1.7483702178753,0.933666851389196,-0.88560330278367,2.39458876987519,0.543934470232216,1.51387710032439,0.380384378843257,0.942032397135913,-0.5805262113272,1.08049742899277,1.17943330838575,0.884739126048078,1.89581984660644,1.20062463812269,2.02857938845375,1.97126643521085,1.56775197627848,-1.89369978334216,1.88327126378898,1.89289291950244,-0.442373938634824,-1.20465988762818,-1.67532243320103,-1.22313346992616,-0.286304552065703,-2.44053181179113,-1.32797981419157,0.13023417381206,-1.88364198824242,1.36019531056364,0.0248601953698303,-2.58804757098017,0.122845231974119,2.00681933316166,1.51424839166088,-0.576811374547834,-0.821992971724873,2.16854979513922,-1.12526105318148,-0.0954484381966733,-1.55152256793054,-1.22742510193272,-1.47745690327059,-1.22647349621769,0.0694173902220726,0.548391222919561,-2.94859571272462,-2.26266888575029,-0.680010362369286,-1.29583516860109,0.698599446389461,0.76094638405594,0.477865137676517,0.0616104593332131,1.78574090769164,-0.526215881140382,0.695886839464023,1.08963217261969,1.78202597541662,1.45621242860826,-0.364895739566626,1.06343516064857,1.70606676177339,1.60319560720429,1.466179439964,1.66515844362906,0.243305642833115,-1.28313277376343,-0.251997960971606,0.225575804422172,0.105811772532174,-0.0119869139039436,-0.416828850815237,-0.394642348115082,-1.32253255579017,-1.15306503578,0.0856765021167282,0.147417189648301,-0.656167952951293,0.451118461433892,-0.475041612616707,-2.17253458311306,-1.29410940069965,-0.772093914929603,-1.04759380103437,-1.52682294827918,2.80271583453603,-1.13414443238276,-1.59791066246852,-3.12437324755364,-1.57327325244791,-1.16510202800987,-1.6176741344553,-2.12634170711231,-2.22571824332936,1.22000934228748,-2.11121677511643,-2.56359087859185,0.835315694204035,1.85621804614779,2.49922798185682,1.69984085220637,-1.60235097978394,2.1033341320323,-0.861443262902667,-1.60204907539763,-1.82731654240441,-2.48180401689729,-2.08454240450387,-0.854089106502201,-1.31225617828266,-2.09006867300279,-0.299813791094988,-2.02002448820417,-0.0530289845868364,-2.8725849634991,-1.56197356812211,-1.37611721338057,-1.74006191368879,-2.46189915573989,1.07205581370619,0.880820360510582,1.07825679149952,-1.61626014077475,0.193477116663737,-1.60274583433518,-2.21118778068246,0.640091794789545,0.950768691793802,-0.124310692944568,-0.0848419066853558,1.29507903025709,0.488653808073495,-1.27187746793648,-0.0406458468462136,-1.89446864188036,-1.27692578096849,-0.416942501444417,-1.23727410322225,1.93859234044601,-0.899176472653074,0.683275127061011,1.237179274701,2.65597458951755,-0.868982732906782,-0.544137660882331,-0.36042250303454,-1.48362756124951,-2.11056842851082,-2.43214898357234,-3.10501362951922,1.35044055673155,1.85443057887036,0.513913331247569,0.728860703500366,1.01155942715209,1.49328176668514,1.78170708430559,2.83368059972864,1.41266096789173,1.08308659601141,2.44136010502607,1.21098599763919,-0.723250190871593,2.1517145973723,0.861973199021347,1.02767097406358,1.22865612519169,1.49346162738295,1.16265590025931,1.07455598200175,-0.279855299041351,0.51409429486392,-1.26283816562473,-0.602632795483827,-0.380450380631965,0.384751935360725,-0.868031694083738,0.962470469177202,0.629132897551924,-1.84932522803438,0.403511534591661,-0.555671000279439,0.748886549318629,-0.657037302855103,0.530503517478009,2.86194453778186,-0.998538074723185,0.887751412238329,-1.16882278827301,-1.13890906758013,-1.13009272305455,0.0142608467916695,-1.98628854660952,-2.12334280480891,-0.612744927173709,-1.48698366498686,-0.27580396464274,-0.902180963207843,0.406048517517549,1.31294409233242,-1.19583763674509,-0.76072147415626,-2.52410768787795,-1.21247632004283,-1.03772707743986,0.689735697488046,-1.27224355370848,-1.86764638653832,0.221085780844838,-2.12798897084692,-3.04147034118119,-1.53402534343301,-1.12240916995822,-1.67998873691428,-1.71094704332149,0.803276863707252,-0.443182778764524,0.760437233253483,-0.48442477135175,0.873411734650525,1.96516909193932,-1.00119694855248,1.60346451396256,1.60800381105389,1.08931605735083,2.03771321267784,-0.172315800530574,1.4221718469496,1.40874454982185
0.800254487872092,-0.434662230477633,-1.18210540724811,-1.05947858000471,-0.791078479978268,-0.166669770987212,0.263341986283987,-0.349367331745044,-2.16960651161174,-1.12400270453354,-0.414530975069859,-1.30184358582168,-0.808756401936639,0.464088889182354,1.62253913364454,1.08968223741754,-0.294932970261589,-1.07674346715347,-0.299670516376151,2.59532778984909,-0.480775184996106,-1.45237642958073,-0.870798514374454,2.14283769363182,-0.0311442589906651,1.6289921278292,0.447239331446638,0.54977698539562,-0.531252875312452,0.746140578942029,-1.22679558988627,-1.20340946846081,2.58755281457492,1.62445648212553,0.285915596968262,0.129752798545368,0.211388045948729,-1.42663012845865,-1.19696188553494,0.378186194682829,1.31925935003756,2.8342278719746,1.74484113491134,2.67932216176301,3.12228852341382,2.02229587776058,0.569262556410547,1.87177565597048,0.377945158626526,0.942797697336187,0.863810089492875,0.0256071138017211,0.296471895165457,0.892558676631351,2.91709364213857,0.302483836239608,0.750258126501391,1.28003554184625,1.46377055772789,0.187695930159459,1.15638305658343,1.53422582627765,-0.43457607030186,1.17212739296205,1.86481204995058,1.40097358362741,1.81811195277588,1.16339876180226,1.7164541075606,3.81740720870655,1.43745844014684,2.05950793812617,1.22551852110692,-1.06901659681115,-1.77657938144275,-1.18909411734337,-0.599936292202394,-0.947609426283473,0.784394201893932,0.781104232908933,-1.05200307819201,-1.484038733412,0.740869393361096,0.213423831693072,-1.70401965821219,-0.138648123583792,-0.0585079339317249,1.21344927274424,2.13061793413053,-0.961938232514022,0.593974249560368,1.45688956363356,0.480578971563539,1.71476771115068,-0.139034347201232,1.47322734698142,0.800637624986626,0.255988606720683,0.47411592090418,1.12907951101597,0.802319595953204,0.415076732860729,1.0611214599687,1.30690211519938,1.04673549203035,1.21599060892009,-0.799748307634243,-0.300778835921107,-1.47022392542689,0.214862209107371,1.09495364675254,1.04725217674465,1.49598027625091,1.04140548737038,2.01827649363398,-1.96114518710289,-0.541159503908678,1.07020225712174,0.537805564403188,2.40460766638186,0.449797000334059,1.09068029306789,-1.79851456230299,-1.45361651825521,-0.827656219407372,-2.00907061344365,0.0213055023886039,-1.55541821356108,-1.66892011172422,1.91334558250435,0.594854996092739,-1.66873935024489,2.12802773565835,0.156687511681849,0.667393969314639,0.913692502009049,-1.07071846246937,0.0888788835509318,-0.752788356230561,-0.223564041445189,0.224312033876832,-0.245596546261295,0.351488118087118,-0.825788271165683,-0.737135634802424,-0.257123922526112,-0.0821403931892435,-0.0867851501222675,0.545734178054513,-1.10924490402607,-0.102942261394559,-0.649469109835452,-0.899810191025638,-0.61175951164552,-0.14386450431601,-0.897579732353629,-0.29623236279653,0.667821111399365,-0.769448355358238,-0.0925703190864561,0.24347070422727,-0.260606575643606,-0.0810801964042119,1.40507465258459,-0.840109670728875,-0.405729471726027,-1.15877744651706,1.0780047465515,0.103695110550728,-0.197414477315584,1.4200936543613,-1.24761344109075,1.21155182039919,0.870410736496634,0.383637622492025,1.53171124707157,1.9483500146639,0.926042661563097,0.031411255807343,-0.583427523066819,-1.28734285619795,-0.689392203379276,-0.223575260687231,-0.246828134376975,-0.225645676131849,0.96781852523887,2.20077769901018,1.24605830051704,0.602378312367614,1.28170552543681,0.703062075601432,0.658153046873642,0.618396373542386,1.39738594514543,1.22042299883306,-0.484429959192359,0.343519829746835,0.0243634567225646,1.17346013552133,-0.374567904786884,1.75445324803251,1.0113034861537,0.689577615736828,1.3929919938571,0.82400037529433,-0.197408220815989,1.08376155401858,0.787638792972467,0.934218317961379,-0.751360928433326,-0.736930211561482,2.10214534218131,1.20178123565437,1.21107520754602,1.44190551692889,0.859218713045702,0.597064705935907,0.382730454045664,1.1190506792818,1.11866466849715,-0.654794828553322,3.296416773633e-05,1.17802270895761,0.48085733208394,0.651404739640566,-1.27535868059064,-0.0651655517747494,-0.405939973124155,-0.387423639808723,0.479139708024094,0.356932905105307,0.415298311857226,-1.32953070754146,-2.04561922989644,2.46912942580852,1.19593512150866,1.21161213020582,-0.174680781488554,-0.281447833016555,-0.756141187779207,-0.487021452892839,0.912707857155945,-0.213075047377179,0.779742839645599,-0.712390525738521,-1.70369623160795,-1.15219490682673,-1.09653437947738,-0.114853902449341,-0.414091664171731,-2.09504051652117,0.942320685985703,-1.18063782106653,0.356780281741625,0.903854796882966,1.03275757539103,-0.579125871874705,-1.56701834086579,1.428460779129,-0.0747075145298077,1.71992811808249,-0.918886210760797,-1.11097825364143,0.758477616820112
1.04329894593018,0.194505941957632,-1.28682819418158,-1.01275204375368,-1.96420398746389,0.82193439997172,0.426090788749679,-0.352544264647644,-0.329851664031603,-0.0918295661985227,0.62084709521649,-0.98629884415397,0.97687067247955,-0.795055614842062,0.389500334770574,0.15932514643363,-0.201217216110071,0.615216494738972,1.04299546506432,0.168940844323963,1.31054368102607,1.51186770282649,1.84369110583853,0.443119712190255,0.520144889164228,0.121753370881291,0.603281891853151,0.408215368550747,0.241884914447021,1.55932501299809,1.14744488337071,1.41111949947238,0.797161808259791,1.07621496481565,1.15291659294868,0.446891898103894,1.40270518578179,2.00022520284476,-0.00458108253027363,0.399401517000455,-0.034384590973314,1.29101814367152,-0.631612991582026,0.446145567679297,1.30060222199506,1.78823406004437,-0.00552108424180031,-0.274963500807054,0.067120174024589,1.14712282873346,-0.269837710210351,1.36512063984435,0.0555307031488293,0.142430862744362,2.22727410562492,1.79941451505343,1.61695556576725,1.90062584331133,0.459570088438473,1.25785955648978,-0.639591639237039,0.367746078779872,-0.287894739256873,-0.147155907935991,0.277545339531251,1.15053352306155,-0.740931484104164,1.14745276628431,0.850629790970734,0.629269643265266,0.710600812293827,-0.114291573280378,-0.716918953479582,-1.14921070136076,-1.27511339131655,-2.07289261327969,0.238751016938845,-0.713534863446327,-0.398233595046161,-0.535147874280202,-0.65071695716476,-0.277045315858883,-0.402619792457651,-0.527404788863638,-1.97145873839457,-0.83329643850127,-1.3926729337453,-0.82130553512917,0.31331456486865,-1.34510377537961,-0.795498314029012,-0.158145626690462,-0.160172668363296,0.0322252234937507,-0.0932667261882657,-0.647505476290352,0.0298377927463463,-0.449488398929573,-0.469205365677438,-0.351900266221387,0.921279885184633,1.60800842942105,0.333698802959226,0.436438278901783,0.769605407191211,0.236071087055876,-0.833176502019092,0.547715504295433,-1.79947918004592,0.145433442577015,1.08155127321842,0.242136994313617,0.844705701653315,0.444258542989351,1.07333984295705,-0.752012790353018,-0.173433630895858,1.25763125692123,0.913824346377301,0.530440961075584,-0.406946583832683,1.85870819498644,-0.745886451084841,-0.393764844259359,0.304193665916178,-0.50376121364412,0.578965672190799,-0.166454667704594,-1.43863428254991,-0.664774312555224,0.324570655266398,-0.67468898497434,-0.306616769995695,0.761611803167387,1.02904003591052,0.270749706709849,-0.835430290095069,-0.239944113561702,0.749405281088492,1.14394084550745,0.460069963459319,0.434894475036563,1.20254203454807,0.0674213115185829,-0.776750563767303,-0.253506823078723,-0.206772365131387,0.0400716097826471,-0.0704162349402296,0.613803673784131,1.27384762612907,-0.196154585022642,0.708805774634309,0.543244505239781,-0.407656367307041,-0.696404468413231,-0.185813964457465,1.23291374542525,-0.653863349168817,0.531005220599241,0.925976914521739,-0.211391913478234,-0.871058587671295,2.51759368034419,1.13050400246369,0.367612545062485,-1.04568962239612,1.12985197980802,0.525079498673563,-0.87841473945092,0.502934873207744,1.75771713155948,0.489206180253635,-0.938274716255953,1.07643176461775,0.282479699293585,0.451019477201271,0.398601038017417,0.886505352421967,-1.21120164614772,-0.486062431235524,-1.35866734262878,1.06690056087775,-0.348781666846279,0.745378080716866,0.68522083789957,-0.944537187122677,0.785830797073761,1.993523608359,0.0766613387166804,1.00309365020405,0.470084634455345,-0.161578907204185,0.0798494273779049,0.70822232881092,0.324430220848136,1.17594831259577,0.456272281762199,0.363239137063065,1.77066209184998,-0.0190572932363996,-0.687399027250734,0.175993355173895,0.0318075050945268,-0.557720257719081,2.22678298134045,1.95032376845082,2.30801338681488,2.92818661505334,1.9360610588638,-1.38445505597401,1.18854999978019,-0.2139752027092,0.812987445046304,1.64508938263715,0.483631705070353,0.419641242032448,1.74032410544971,2.62421479595927,0.612747525940029,0.369446247561782,-1.69794838535526,0.0808677860760219,-0.185106915264705,-1.29857717034931,-1.51662187051906,1.16927920676602,1.66698133665424,-0.219710561028607,-0.278793670401257,-0.421301971151253,1.89020344044838,0.639997530199358,0.299439137762227,-0.212313361935982,0.790911639932133,0.335911859713282,-0.375227343134486,0.541084331176239,-0.514257880037309,1.39104149721732,0.890512113693139,1.97121570922702,1.30182325611916,0.754314622782843,1.21543852979404,-0.887726078505058,-1.12242462844735,-0.69676407640447,-1.28860649539993,1.47007696514389,1.44463156671899,1.13061035047157,-1.10949640515437,0.38006094335238,1.11441959537709,0.0287725878155835,0.973701114060202,0.705924690092523,-0.00400187011910169,-0.0798750455495785,1.64511418356578,1.7858201573116,-0.146334833838562
0.564334034228977,0.563162470604646,-1.04250086460763,-0.70301595975134,-1.72052886568941,-0.667760159984666,0.807108683406779,-0.48747694886864,-1.30164904451803,-0.556686127162306,-1.14113235387892,0.22272051070368,2.03030591081599,-1.82096501045954,1.57181862099317,0.409049010849633,1.24871990516048,0.676839702408469,1.35919161061639,0.719605566122454,2.62333269552569,0.639046188825928,2.19985880891173,0.717161756341049,1.59000393772507,0.712941318957644,0.443508195551838,1.36857912774871,0.605663056532494,2.60323396879396,1.90847925998638,1.37188070058876,1.61134948316874,1.59774231511118,1.58886654319348,1.43918006902261,2.08469538851468,2.65193304487103,2.03924556251533,2.31296275863948,0.846274442242002,0.715533727672461,-0.427417047509106,0.213544941945731,-0.23576012217902,0.500227266008451,0.768320670004305,0.677681125100695,1.28995595956316,1.71791916747969,0.0614385859449192,1.58106158641156,0.79890570723114,0.73378384143894,1.02552085822387,1.8267424724852,1.46847377634427,1.22971457011596,1.31022261716327,1.82757201627846,-0.31637102167504,0.454546741163947,-0.168294202122997,-1.58114317332826,0.138933458072619,0.465607501049187,-1.48493114346079,-1.23089021806988,-1.19585038900138,0.317634067147067,-0.263990559932096,-0.971663975422754,-0.245147134827644,-0.757425135988099,-0.835386056215839,-1.78773734975337,-1.76227262827883,0.276670456769514,0.809942318883846,0.899091987730564,-1.17538559638949,0.00184999419217407,-1.5813662361715,-0.672751649075451,0.524160313827951,0.0846325374902926,0.00270294175266881,-0.770091077513157,0.438677763027925,-1.89961689119677,-2.7050462539997,-0.0649260934072979,-0.761488214340443,1.19652716019917,-1.02310215751003,1.19404011917492,0.680793440383149,0.326847307703335,0.377029305300022,0.336327577088399,1.37585934425175,1.64081345863658,0.303914740443578,0.281722807186174,-1.21648061394082,-1.59829313532309,-0.887421236900141,-0.827098304091088,-1.65030763408057,-0.986382203090473,-0.457236729005928,0.155837413202083,-0.980604487264226,-0.665989255223677,-1.53381202776186,-0.519744581849243,0.0683634031501028,-0.47832243473258,-1.88366216645769,-1.09281992327433,0.304124655950475,-0.937570960778717,0.216648129787309,0.236276127996624,0.238850184006685,-0.0771981027433882,-0.578530659225609,-0.338296111499964,-1.50626216799902,0.809132888094282,-1.23243825472116,-0.349718688142142,-0.121606446276048,2.31701674661123,1.93470135289832,1.585843506935,-0.397254734352286,1.341100187145,1.01422090641358,-0.206545681390052,0.725227282110402,0.50574278199371,-0.302147153356069,0.0266228333960721,-1.60960173064917,-1.06642833066261,-1.04662005971169,-1.44449334828286,0.197811299840448,-0.727581492969296,-1.52817319319332,-1.47545436891312,0.711589675143479,0.545607883401322,0.39024762845608,0.724806998495953,1.16929401201457,-0.800230081042623,-0.0361005866709588,-1.83713889581304,1.24805840543599,0.218633246675032,-0.764536637380417,0.0821587158377531,-1.28720982421544,1.08927263351442,-1.67371325375204,-0.564561704942293,1.1084575940775,-0.992844675906691,-0.520089027465104,-0.858427239689272,0.655219616396267,-0.273612835546334,-0.913036811135547,-0.171949266458465,1.81823875095163,1.60563262115483,-0.63963685031334,-0.837668086314304,-0.0485766889807422,-0.987636645018552,0.0246540278662964,-0.999041103634816,-0.259817902604335,0.601584026295571,-0.156962123424649,0.312714822388909,0.381625917439121,1.56873556315254,2.4343936563775,1.69915507157926,0.993970712045219,2.32531483907156,2.49478719516405,0.462582134282858,0.630330337426596,0.103437722997488,1.57859228928317,1.78337644035707,-0.470080222027086,-0.0464981138241471,1.55646363619417,1.17606072860112,0.0234573808549173,-0.454260900187744,0.310837837880676,2.29334731527555,2.58832149413751,2.73492358875509,1.88888165237097,0.202147230492772,0.942186103631333,0.39471608926112,0.331041082584193,1.15817591636429,0.341288168632258,0.377948666233389,0.0603820011052817,0.210989830437683,-1.45677963496933,0.260037975922615,0.545716452567283,0.807186391787726,0.584774249454802,0.0724449605337374,1.61365666141834,-0.754645640985157,-0.0855229482725582,0.404562142875893,1.26680004853036,1.83390210775472,0.241812096823984,0.582009827477437,-0.110358270300656,-1.0048396288896,-1.25189603750381,-1.58826178193237,-1.90826520826585,-3.26157964337161,1.93404859118736,0.159067157598938,0.517106935273059,0.256543117363686,0.277210781511534,-0.349208048542968,-0.833145610704047,-1.27424844667278,-0.448707770905229,-1.45850208125429,1.2915862382066,0.283529633191318,-0.485133277452468,-1.34057299114881,1.39549098712865,2.38506750496158,0.237629434046554,1.1817931059748,2.4058144165473,1.66327299547224,0.216007801911773,0.434565515266187,1.91936355576875,0.699418793277032
-1.67758171439307,0.324918556030992,0.714745269104329,1.35769647850112,-0.555338408212626,-0.686203056283956,1.15409721037104,0.368608537149214,1.4414807933337,2.33694202597777,1.58692472388307,-0.129984047236585,-1.00813263999892,0.777107515707037,-1.08274736366273,-0.461732560815829,-1.08392648910997,-1.18051535578223,-1.35296088279558,-1.42819061105044,-0.596741355441629,-0.724447530665295,-1.07790306957533,-1.03603780940865,-0.917165429855871,-1.16534002764553,1.01858596400083,-1.6515308476279,-1.25525498326769,-0.939933472578983,-1.13543065562155,-0.945416109618283,-0.900677306250826,-1.61794158236934,-1.24129035450417,-0.966880807635756,1.11932835417485,-0.139029775638681,-0.526415719494149,-0.673389116024018,-0.881679578828726,-1.09018599790795,-0.62944303780006,-1.30323863095061,-0.933282265081473,-0.160988997944992,-0.645664920743814,-1.43387705018276,-1.24832922756141,-0.901217566214766,0.0553332487979794,2.45110949473041,-1.37044672126227,-0.215738528578107,-0.458338170848955,1.68654192259199,1.13399595806731,-0.203413872243048,-0.201328345168637,3.15871039516258,-0.785006943528352,-0.828162311943656,0.915355230632626,-1.43489933290526,-1.78383224565,-0.298040442526241,-1.20246479906502,-0.112425720932786,-1.34654390700999,-1.95491146328332,-1.48675017329847,-0.893120182443992,-1.36471898702306,-1.46469576247367,-0.0905667044431251,-0.794561346401621,-1.50486913027699,-0.0935720611099388,-1.22324033011584,-1.14260639413172,1.0512054769086,1.51983830696924,-0.923943011093131,0.828247187209724,0.922034293146292,-1.24307035610427,-0.662383594936822,-1.37391059982304,-0.86426744907901,-2.2822574645373,-1.46845408328336,-0.983986927551659,-1.98637096794646,-1.33621945960738,-2.64146994013544,-0.616237087230924,-0.660382298313962,-0.652079610471421,-0.845706209145006,-0.860809836861953,0.0669396386098606,0.409943870797108,-0.566800934617084,-0.700196615456333,0.862300638949507,0.257768234625358,-0.492943425006449,0.665813311257493,-0.0201184934097364,1.11609830785951,0.761683520133839,0.0348167647092855,1.88427391140475,0.756884459850783,0.755600953822922,1.95904702935688,0.837011146818898,0.786348681958512,-0.712136555134156,-0.530554970959833,-0.683517096553631,1.68385354447878,2.25759168842728,1.4373956492367,1.78631924478922,0.258990877408145,-0.0405962658622413,1.65549388495432,1.33444139395881,-1.41863408200151,0.856988676462801,0.0267715594976014,-0.868432174835398,0.351926170543751,0.0866642839245465,-0.821657929163979,0.116603830819508,-1.11377336340996,1.00658785148939,-1.07560256439952,0.757995896603669,-0.582175994922234,0.393395798179401,-1.18952924162456,-2.66662262400119,-2.17485192117383,-1.6842115632491,-1.9646367199996,-1.21104170383879,1.06906129129972,-1.4682419452657,-2.16584593929582,0.182669978005681,-0.25374211655538,-1.55620633341015,-1.2736372572624,-0.185845706676723,-2.77585433923735,-1.83386635099316,-2.20461697798045,-0.169930432976839,-0.99596465063635,-2.49558994337048,-0.917412127082477,-2.60635839990149,-0.144676180934169,-2.34789080436591,-2.77248962730438,-0.759319312845071,-2.6777389711778,-2.45737035250085,-1.75385171888149,-2.25716994993447,-1.72580383211098,-1.05227715495662,-1.32933320756051,-0.712143775634247,-0.752377935570645,0.660830518025177,-0.513153607337649,0.495369108248152,0.815492822879719,1.10475901225474,1.36216531794192,1.70762193055085,-0.69396907374824,-1.55511558942987,-0.23341115409382,2.21104841157765,-0.354315406550403,-0.887143992439928,-0.63287407873574,-0.467924947601067,-0.192537621675833,-0.558431548413797,-0.878580820030417,0.928873705322577,-0.23420699254002,-1.11458495011406,0.17441458761498,-0.91893637753036,-0.0999351148262191,-1.26735021709024,-0.650558401558923,-1.37184204708519,0.443225816809208,1.24054473670852,1.78055248793059,1.85432565470425,1.3406870326128,0.412792567400563,0.472664967559887,-0.192071997068565,0.846500265491189,0.57732515442099,0.14153189397081,0.802767969417466,1.98268418424313,1.85932607923152,-0.0713134802549226,-0.801722563066407,-0.395621692305403,-2.84066204900965,-0.160737968516085,-1.71575029619789,0.299547673112366,0.32200331540153,0.41498144754297,1.17646454722017,1.86409020458324,2.43880165153739,-0.33300853373981,0.742937383356916,-1.26599808633175,-2.134613435773,-1.5788360474053,-1.50063947970331,-0.525194285474845,1.90060245680774,-2.19264410471838,1.4508987672873,1.08996397042003,1.04117147289868,-1.71264907370757,0.911542828343376,2.48112857000849,1.21673282186354,1.20017489979395,1.68176145414297,1.72062011124467,-0.627897279382149,-0.268719086458002,-0.776645522611324,0.455834129423756,-0.686212645631641,-0.313895719425109,-1.78403020065354,-0.958725962876392,-0.778459552900889,-0.308177614689272,-1.68152494104545,1.37119849434608,-0.908617650230112,-0.81312696308021
-1.32096523273421,-0.16526295554668,0.62660769266854,-0.409674215328371,-0.0818920632066079,-0.849598182184957,0.260570663964137,-0.858892548835918,0.392899837718794,0.476745579709356,0.292790361020365,0.897179444556328,0.886231269261895,0.317949965099658,0.159142482629902,0.170802417210207,0.0841428337439377,-0.186079010787745,0.719018415162607,-0.206119584501016,0.463427563439425,0.717328908839682,0.414955594497922,-0.403769972916296,0.71939537283346,0.54069455364281,-0.892829774712907,0.628031617581929,-0.0665622568871356,0.0529939755177712,0.12650071381865,1.42791995050096,0.164520279314075,-0.321836033948258,-0.363748182519675,0.297935233770799,-0.844155438769122,-0.421889850337978,0.329761418502099,-0.0323286545265472,0.340236164084133,-0.734476064430597,0.571678044299898,-0.0604399947323183,-1.13222298230969,0.440619884677412,0.110080286972764,1.44785437980995,0.123778705388097,0.125126057595143,0.815999836715725,0.0265176542921472,0.0550563505524001,0.245722429563384,-0.401403086981601,0.642541253940681,0.334815154327591,-0.733092173702668,-0.177124704243169,0.476562781242098,0.466500696232459,0.709997421643098,0.941421130934311,-1.24440731353508,-1.3203198042531,-0.154030623510124,0.0300565923986247,-0.0845979233324659,-1.29451463036846,-1.08144028464047,-0.660485797140141,0.586835333962708,-0.0111990587206842,-2.18620862005674,0.951588460392435,-0.534345187988102,-1.4166606660428,0.341506363620037,-0.98448060649982,-0.0142742033190376,0.455803504788369,-0.0164574314626025,-0.365035635904408,-0.146088396666544,1.29522488376373,-1.13363933209899,-1.22543610979334,-0.428606656914938,0.270445710413363,-1.1662979307968,-1.10599542894866,-0.37299231226453,-0.176588688842762,0.155503952761672,-1.53050557747141,0.786729377548933,-0.548724888956039,-0.730096868264711,-0.568804149623997,-0.37457287907445,-0.79562532559004,0.278635094018263,-0.596153390687455,-0.696774773101351,0.573406728153107,0.0657174866433986,0.144303974797408,0.722569776019283,-0.645933667382211,0.382530784963256,0.780652984984608,0.0475954506940494,1.53844940116986,0.169559297565616,0.192147401765836,0.656185773803813,-0.265859537433163,-0.723774981659885,-0.138338952693281,-1.40621386624107,-0.206355940057637,0.812469591395632,1.03371217242783,0.297252173336013,-1.16411741058053,-0.402141910343701,-0.0976419946444358,0.199548506469874,0.702674545406855,0.558646476302627,-0.450123212795917,0.542729733192219,0.350423823819657,0.921793842947069,1.38222886644445,-0.0258968130041019,0.00815014295406938,-0.989421629170989,0.815129080935368,-0.631544258013124,-0.102180592141475,-1.24760021020496,-0.878884874009256,-0.0816684599603412,-0.763800202358276,-0.167963033468416,-0.490722168350075,-0.203791495936666,0.0939116445196931,0.112393213724675,-0.962703082749299,-0.398465153229726,-0.0421404439437905,-0.562364229100121,-0.46659755009787,-0.0838845663732333,0.430910255903849,-0.691160195498422,-0.451516497405844,-0.773179118642228,0.7099839730888,0.13116811336277,-0.639611119488124,-0.617091528269835,-1.27849300957061,0.201810734777695,-0.598868034542647,-1.97420819544907,0.0311229266039024,-0.268762291704202,-0.564044194293706,-1.57235410753908,-0.343714768648066,-1.50172656228658,0.000372054349888877,-0.599170049025826,0.400535689047465,0.00901037952938001,0.241126706773842,0.790643423142107,0.634751754283452,0.315287918453967,-0.192339494070898,-0.151218188333393,0.63886898927975,0.722748764839799,-0.864508419977774,-0.133069785965043,0.50879384366749,1.52563036982911,-0.076150938975082,0.934017566506657,0.102517307986955,0.860633209689911,0.144613029366167,-0.508375373354376,-0.225961248543377,-0.369476773994497,0.811637606577081,-1.28367374584493,-0.255197243512396,0.200118451635933,-0.192809148170259,1.0632426872438,-0.00622725357860365,-0.773629096767324,-0.116929456208876,1.11341023412053,0.707446634078062,0.851996609931951,0.400633472446382,-0.286967686431714,0.216990826422726,0.172263697440616,0.198214404244243,0.0611294443539901,-0.00530882670350059,0.111365718455406,0.355423906352073,0.0145536732785627,-0.292310460549315,1.29165825455372,-1.68549570424002,-0.690234984279184,0.443315889861485,1.03805536492537,-0.646526528631195,0.2663408663826,0.645921290872113,0.238302842300825,0.893657040856199,-0.0712142426305759,-0.546970510829568,-2.1573055757782,0.539092264561738,-1.64284381521085,-0.836259211663193,0.502242553037698,0.380048353718418,0.0393602408766993,0.229454491125648,-0.34283239090303,-0.45710570825507,-0.362262931880474,-0.34460561844034,-0.0199258367510899,0.647114649312705,0.48241197440683,0.367585150572117,0.0927002374881753,1.19133468665336,-0.608392012553116,-0.667472599932441,-0.338297591785742,0.818724504769904,0.603126128092525,0.330600019499238,0.907576272144424,0.507083866781253,0.107377497072269,-0.481841226694479,0.78239662768159,0.748086929431011,0.235456760776125
1.02561176704903,2.15881089691321,-0.189398704866379,0.26896843843922,-1.21567389956058,-0.385787294831571,0.750509795200387,-0.0686423753328375,0.990122352000273,0.807486439180015,0.999564108703614,1.13175242695795,-0.215396046565869,-1.11780290136201,0.617216942796465,1.03209151002923,-0.797461164972388,-0.919843917437257,-1.19859120981008,-0.591044076168913,-0.97254437505693,-1.11931322965276,-1.86234456650325,-1.55259443220089,0.19635034960994,0.896287943557626,-1.14378933361845,0.708134367841045,-0.105267603090001,-0.244759075277008,-1.37806514066645,-1.16103796780004,-0.372954093395273,-1.13799300198358,-1.76501413913209,0.504546694468438,-1.16001052028855,-0.00918863854832707,0.353488592400302,0.556376911417718,1.01866457646906,-1.66674579513085,0.78414585611743,0.339392539432885,-1.50403658229221,0.850780739328717,-0.361354022001581,1.35361157076688,-0.650114359450869,-1.38234956023736,-0.445476720103234,1.23910520649504,-1.27995251184924,-0.00192724396690757,-0.244065812353664,0.950469612370754,0.783560501994561,-0.228070883531008,1.61072093483506,2.32631528991428,1.29678664049754,1.82345370235266,1.93551953257222,-1.16823615134047,-0.762164402755965,-0.387095125780903,0.512144168107292,-1.17162681329405,-1.63902360461766,-1.14375335864897,-0.0417772747233362,0.117508922049069,0.0267672075324592,0.181877633706895,-0.469942903393254,-1.286277493193,-0.967898836272173,0.0873891452586101,1.27192656744594,1.59409869180036,-0.105118142529164,0.719632027683908,-0.144240318253846,0.0662059698280413,0.906884912941622,0.644253807250346,0.00788295048411322,0.564459468309312,0.346207382695666,-0.671866500611078,-1.11861026171716,0.436164103982772,0.537469833724256,0.898339930922276,-0.76292759448175,2.13041192769169,0.53958003654918,-0.51301271118137,-0.468255195219219,-0.735512801167577,1.84931186040132,1.92232670768448,0.0284120465344491,-0.0454525885101925,-0.192114407896312,-0.423997006778144,-0.624215988410067,-0.345042777588652,-1.08705633616744,-0.702518617998264,0.537099361323629,0.622936007459149,0.977406540372836,-0.416309364793241,0.895582265463399,0.83273880024153,-0.195938006372847,-0.66412070995225,-0.438792677858141,0.799672175160656,-0.165510068368103,1.80468979144604,1.30235090528235,-0.0461343831298147,-0.243554532274995,-0.767958131625582,1.46572336285979,0.727163044840857,-0.256396970314858,1.97992837441777,-0.638581936687848,1.09563946535427,0.822902776163805,1.03947869046289,0.953969168302598,0.37627557284438,0.821913416032696,-1.00039253098188,1.49545008042752,0.639444079868851,1.83280060287454,1.14435400338928,0.391217896524702,1.64501039972736,-0.499102978592352,0.927579139524185,0.0320731480818974,-0.628936477841229,0.585974526843677,0.328141486312694,-1.52439776694893,-0.695567681820828,2.05016204607015,1.19538319034956,-0.201111952089793,0.0496677092504648,2.12989319115782,-0.681665196492851,0.707352360574557,-0.791207363098585,0.981104020047304,1.05058007924565,0.348543132104866,-0.784737079245827,-0.719843686214402,0.784634849095006,0.483898552593127,-0.684238629412863,1.93665590338753,0.132837217633026,-0.443262384178009,-0.160157636349613,2.12234556995004,-1.64861597086315,0.706873822437714,-0.960443131805941,0.86412355899399,-0.946082295202401,0.44780611121838,-0.771378793771905,-0.447107774912655,-0.706020951021492,1.92867192674703,1.54178587862438,1.30791772035261,1.3697427755483,-0.840702678915566,-0.466892376128753,0.463268989743688,1.8325180504875,0.81935242915813,1.69549706692511,0.494994261927382,2.29022474186624,1.06878766151594,0.59009668315531,1.28577035059569,1.16510786077865,1.25027050881914,2.10165481453786,-0.87108702095195,0.0291317553243007,0.783758835035247,2.07546198283953,0.550166323234442,1.41005869854866,0.130703843047555,1.0832584040276,1.44220839818521,1.99570753257588,1.92590695452901,0.612658296755082,0.440162029886618,-0.242874079342806,0.925864139969595,1.35216966298859,1.58538295963088,0.214500751578315,1.08451851979732,0.503587221349598,-1.21311399697949,1.590655426235,-0.209703582821545,0.528706651133202,1.47401202527704,0.706518037426801,0.47860864563568,1.43287543275237,1.04233417267245,1.29081944014349,1.30835328642171,-0.3530377065044,0.435885782797417,-0.385988799421568,1.07647266792681,-0.188449796626928,-0.271177954397511,0.754914199180417,0.685912313022839,-0.725993701308165,1.83488940495674,0.662421192096136,0.344156638690594,-0.720579585839546,0.17345623054772,0.910049384507031,0.212406572021054,-0.476815401541594,0.341901711044381,-0.232900948048762,-0.567832700300817,0.314531723413761,-1.37827895657485,0.54920449449108,1.25183489701204,1.54241855986573,0.306180897956492,-0.366403713245585,0.931896792256907,0.816564429654468,-1.62153420108942,-1.2534076831146,-0.893752630337335,0.206216694209119
1.88388428892436,1.47201571281037,-1.23206279716644,0.144467355247367,-2.03110888207391,-1.17207697424749,0.753734206189763,0.530019908037822,0.245634584756448,0.340309419841047,0.866424078863379,-0.474890789142935,0.146311358908018,-0.192217139034245,0.179989243916459,0.47051433437995,0.318119791207647,-0.566310186510365,-0.210288431710329,-1.02632522114106,-0.240350777400051,-0.144567417206352,-0.543793900295081,-0.0117809753937207,0.184588007474552,-0.0711901053698046,-0.532288654848565,0.24765729737759,-0.299360235350188,0.0304319125487054,-0.369652103231645,-0.0434879596778602,-0.181419190463736,-0.0264716576205647,-0.36812614388369,-0.276122539256737,-1.07941853130665,0.0651168566672684,0.73614578155981,0.284286399241439,-0.118488275048809,-0.766821550480388,-0.354590433206086,-0.0951241914203715,-1.2001034067069,1.81217281179885,0.4685814631054,0.374967880721611,-0.370686376982867,-0.0798758089980105,0.02161996696312,-0.104830442545611,-0.270044382418856,0.485340833055125,-0.738362497466337,0.898454463573355,0.56835599177325,-0.241755059055185,0.257763038932373,0.537500157402225,0.0789405856839934,1.1777160681466,0.669113180281542,-0.174365744676728,-0.78909691001102,0.513785113717167,0.570849574900997,-0.615795755699011,-1.18634083439142,-1.045635874743,1.1527369611388,0.71421813872732,-0.154987396138239,-0.890763171234767,-1.10199595488253,-2.09210735247492,-0.23706764320184,-0.719986405669195,-0.121230529901504,-0.0157886629791099,-0.182095451074437,-0.661003593989765,0.239930254103152,0.115145047914455,-0.8696341342374,-0.655991684443092,-1.0571668272003,-0.124450816370784,-0.120564846054548,-0.950379144969027,0.297329682656527,0.81457380485238,-0.792812952437179,0.0315383857858936,-0.476203418587031,0.351707107315742,0.0835185373291251,-0.0581873396497576,0.237722831572629,0.0613500227358064,1.14960413528214,2.24423113073708,0.892456877054602,0.986561256877764,1.90640555283668,1.48294281174845,0.766983025877317,1.18755367586112,-0.396312104680927,-0.210737928261173,1.61099009087722,1.50835576219805,2.21792706539974,0.873243047839379,2.27206199349708,-0.250462823541327,-0.885523555334341,0.103762347929572,1.08094445569727,1.00108155986715,0.0459856083693169,3.03477860971235,-0.117471922220498,-1.01055630919222,0.215381494231012,-0.490786194807338,-0.177260394217574,-0.0929729998688094,-0.4647250755029,0.489545876880568,-1.46117751934892,-0.714226665402226,1.0118035946233,-0.204211842722118,0.273875054760179,0.185391002791503,0.688269510049396,-0.389600621244373,0.585827788744134,1.03867222487798,1.37213895464155,1.6718870981633,1.2057378361311,0.969625752680974,-1.44105692339913,-0.00161627594523909,-1.13286919204585,-0.644633073451942,-0.126300404763088,0.558977610761038,0.3184497406003,-0.707541688541976,1.02047010397313,1.42258745803108,-0.944199916476139,-0.553676853687171,0.510090775610888,0.760263312426414,-0.319489285850301,-0.000975777915202163,0.133451728454779,-0.242804114833413,-1.1260096068222,0.519253762297126,0.573301168859498,-0.431445345137708,-1.09359424169401,1.47928254374471,1.08538977469934,-1.142705532861,-0.423884633006395,0.677866961176192,1.61673509355636,-1.08314682796161,0.820577935163424,-0.256969325859901,-0.267123040607466,0.123687805511655,0.793750593248891,-0.702987571391634,-0.735613429051692,-1.45111314953113,0.726369742160504,0.23322761482172,0.459992367409217,0.481615434951418,-0.66429707002407,0.854261771355073,2.00939019122107,0.273842420642574,0.0952069133623009,-0.0204915916767539,-0.130104503400468,0.128098346808542,0.106598008133113,0.00802341827997156,1.12449475784164,0.213914188780315,-0.503539353127865,1.50873705198182,-0.200444292240537,0.567179116215533,-0.55567103281968,0.392771085449191,-0.547572934456299,2.28106660165502,1.44265669158713,-0.999415134272637,0.86098020017832,0.999696034744816,-0.025656231209982,1.26477863588787,0.349662232656941,1.29347451258899,1.97817647574374,0.566056791265214,0.438079630760674,1.92452014725244,2.79136076272361,0.724932711218209,0.695585611767037,-1.41676981932041,-0.732564472971434,-0.0354923693453515,-0.140516839333167,-1.11673531177114,-0.621096049155811,0.430884489952292,-0.0964316728649442,1.06054454327083,0.272278408897364,0.31306933545903,0.209243866641723,-1.13320400781265,0.938646189187272,0.281071457234012,-0.177812161863978,1.01160855971693,1.19160438094459,1.14959002124745,1.06627094767869,0.498206667991204,0.175344585976912,-0.00735022287486664,-0.0589327406400703,0.229902167531893,-1.20778898772012,-1.39110287979622,-0.868105247307038,-1.09132656279999,0.449830046562805,0.7208589373625,0.0680774451890741,-0.177755161422245,0.0508620799859963,0.678173895054689,0.419777791178739,0.06473025195598,0.225237296618164,-0.166961205299649,-0.36841917782863,-0.407988329994405,-0.563685521597976,-0.626596158317153
-0.269114402086542,-0.166141755016626,-0.584335050794463,-0.394078226271199,-1.16847002898182,-0.100198689906852,1.04699489099538,-0.383001892681348,-0.966447213166932,-0.557787421542052,-0.381843940840709,-0.137879181098529,1.34361184980491,-1.12024154986454,0.420316197027981,0.0822683615737856,1.59656638184402,0.901678829657796,1.06644559203762,-0.267732429889286,1.66547125141503,0.841163617457033,0.688972308582867,0.233969290786264,1.04704845779923,0.859459881786271,-0.802874435683646,0.923658498328996,0.908910759524111,0.895967159506448,1.74224918067432,0.769415323252456,-0.0671762518930538,0.995561909637858,0.97031566101478,1.14244400290926,-0.75765407173193,1.76718953856723,0.97165332103982,1.82071613564581,0.590883205003332,0.459939039521107,0.811962263201139,1.37934726530211,1.70249077681117,1.19067065385989,0.421788037911925,0.74198589990575,1.12085219598767,1.10163005218481,0.181534011097763,2.22693918464407,1.63584223119603,0.863348219897221,1.27938687162176,2.41729151998888,0.27863463394625,0.976119318038078,0.738750454184485,2.60429314065384,0.436158362052251,0.849032857163521,0.732482706518631,0.00644338287385457,0.0700491427752501,0.367993696299294,0.148984924419984,0.601637427409287,0.928698181663091,0.279429842117889,1.17701149028572,0.12503427471617,0.583410701921925,-1.12166368674268,-0.249525147534239,-0.513579072535855,-0.296938658504529,-0.0307929663241045,-1.52014945713336,0.0995712555903925,-0.528804768063388,-0.206740135764556,-0.433214491667762,-0.88064865674604,-1.22312139757205,-0.730592985538435,-1.04241032307769,-1.24782841420088,-1.54263605093165,-1.77631542283837,-0.289241874011251,-0.992011667903913,-2.39151561980272,-0.247034910269605,-0.900832660068081,-0.297351122857817,0.540793966306663,0.721250826961154,0.834792174015448,0.311665473168422,-0.0052610490198085,-0.184601789084912,0.388439113963848,0.616470019471807,-0.220558617576778,-0.00678088928530966,-0.651165476007252,-0.283305280083554,-0.152631361047073,0.157329180482104,-1.11571782417506,0.237052339217073,-0.13101160542323,-0.35429084877251,-0.639820250449375,-0.688198711418343,-1.18359814230675,-0.644438652634361,-1.07615260610808,-0.648153705449086,1.34800605951782,-0.0511515203762135,0.26349663982161,-0.715943147269655,0.874570694773994,-0.792839657222221,-1.72455785947806,-0.437066473220988,-1.20250852232297,-0.337724860713292,0.287378671888802,-0.797499472903322,-0.562324071817924,0.107492327014182,0.181644617286828,0.154765738468238,-0.0184085731814076,1.39263096269661,0.602316328548746,-0.082371819208775,-0.417557528532816,-0.0160904893391338,1.14521784706225,-0.319675804871205,-0.937339249680601,-0.718971110682099,-1.36693735097325,-0.124844298244872,-0.641936287083221,1.37392396884098,0.186399270599668,-0.894655664761054,0.014020085527119,-0.117491554957978,-0.162981053295206,0.392161106614874,0.471053058888517,-0.495679004790598,0.299981170072258,-0.404335290986769,1.62170856137854,0.132258642799499,-0.95335007120088,-0.344376309172848,0.239434091857201,0.14675829939631,-1.67675848961256,-0.205959323288239,0.637462090618894,-0.727996208939201,-0.664184155700664,0.109409655119258,0.76042429744644,-1.05641405351658,0.148781530009491,0.339868993763477,-0.365032341554243,1.21090441558935,0.00383452327100653,-0.160992636350135,-0.143742885692351,-0.389059722425946,0.361893353258174,-1.6691228171217,-0.373514692422127,1.27778693745729,0.798097874869918,0.384698538392382,0.457985792166389,0.745922278651028,0.268106266333426,0.980770359842532,1.3905236852768,0.942723730161883,0.716407614250429,-0.681574362643636,0.647665823841986,1.07383661799898,0.748343269155453,1.4943895687866,0.150693745171267,0.0174697787257473,0.589095458624661,0.433238656634153,0.346676247503215,-0.466997345231319,2.17229228829319,1.15317700423723,2.28149124992019,1.50429743107667,0.757125963857386,1.65440104456844,0.306905638754283,0.0215691380407879,0.845940536301796,0.482718708482976,0.4469734406887,0.341669063267465,0.533079132744276,0.079735692108755,-0.0482562930895222,0.0165355088211139,0.741797347031119,0.779717822144963,0.667541667488165,-0.229826096635858,0.590278488856884,0.111654996508267,0.652791875078905,0.514563562028014,1.27602950864462,-0.10931393828517,-0.153390083798999,1.78483398419955,0.522592552299241,-0.0333423225008844,0.493462721838312,0.783540313340797,0.187666147479744,0.525097497337794,1.55371982302772,0.877064693262708,0.804867115385681,0.229945505324469,0.682290393760387,0.11969014966204,-0.804276848751502,-1.10140147354253,-0.632507182612082,-0.671471908581066,1.04261020650256,-0.485701623872684,-0.129095829954552,0.529445009475305,1.16673419053461,0.975835236802173,1.32775533911702,0.77490145891227,0.405297788733872,0.514728250412202,-0.0603674589274368,-0.7457018201242,1.25869246203052,-0.036386549735272
1.05888114439234,0.786088593030247,1.15719512525443,2.36078455080444,-0.720186863960327,0.141137757039564,1.57997507015535,1.59937384273921,1.71157299094212,2.40183814672128,1.955852898625,0.648775581632505,-0.16863305816606,0.384936523877094,-2.70584514046485,-2.29638086748213,-0.642843025805704,-0.450096006304443,-0.671955209851088,-2.72770202040937,-0.930169301783454,-0.131180309176494,-0.608625395149635,-1.39731517885948,-0.573997232868717,-1.96912648628746,0.792618802663106,-0.999649844116338,-0.947561127193783,-0.854191060954211,-0.660590331220068,-0.447659355184308,-2.20800657255426,-0.940948593663868,-0.900603426167551,-1.04018453568798,0.209166050411405,-0.387407989576066,0.106877002736651,-0.764292562681169,-2.20312186723438,-2.62532629964485,-0.808590929449644,-1.71625687436006,0.700390427415853,-0.522959867897062,-2.60577506279823,-2.03995780813297,-2.05514538741105,-1.05808498650467,-3.24900579573362,1.49121806810882,-1.48690066540572,-2.77938476661317,0.59280239445414,1.82707673632969,1.08213317299837,1.08572710136293,0.350469770744541,2.08271885906824,-0.0555875252625396,-0.209782429687503,0.756031881655693,1.05678381785713,0.957327956284448,2.20146851960844,0.178526780437345,-1.3100853529091,-0.220752412794044,1.12314486943663,-0.0187608232028667,-1.38163436347924,1.65873565138882,-2.28753132821057,0.728325659100542,-0.20957722076915,0.178791148621258,0.303076194427897,-1.03395521203799,-2.56366012174948,1.01956437773989,-0.0306082308843279,0.852556601443475,1.47814456921917,-0.414967553862403,-2.31973261555174,-2.50224854183597,-2.54931395457834,-2.85759975304488,-0.338258583204788,-0.171637969744173,-2.46547297348583,-2.13233100496915,-2.90229332878078,-1.30017314671333,-1.56447615870875,-2.35802524247242,-2.66998003792758,-2.57573925475018,-3.13548555375272,0.530848050637319,0.177573922372414,0.698402548753556,1.0909370653908,1.87723576771475,1.54879191001933,1.31210772739115,1.96521692381813,0.664276385278423,1.8797308749994,1.60890089904917,0.587854798782546,2.03298514411663,1.25184950140825,0.831064460783332,1.79281490363551,1.04246988436493,0.331953149356357,0.229198578631413,-0.208820709016052,-2.90840357479533,1.45985543820042,1.85712638260888,0.914597567537359,1.97548913827246,0.32559819817159,-0.150492543902386,0.839506495302944,0.749508558590558,-2.11094642126135,0.503280382214683,-0.780503735316119,-2.81037437360831,-2.22261162623348,-1.34109084670087,-0.785864758334777,0.453517694458142,-1.28603377547025,2.11117815551112,0.61303750809869,1.48089355885789,1.50444068626824,1.08106933178379,0.681193553328248,-0.264709550524717,-0.09628474854256,-0.167175827257303,-0.953496078121289,-1.78171056491554,0.620687600758481,-0.863613981278845,-0.721595636224458,1.15158231708802,0.763238640084139,-1.53847443507098,-1.26263819612343,-1.73852814621561,-0.0289430449691751,-1.83890990649719,-0.331789685019204,0.38105474204915,-1.24659989292748,-2.41105738610473,-0.494703804922526,-1.31340417059675,-1.74431765987206,-1.21301919897855,-0.146108802157059,-1.37662926224622,-0.224680399661314,-0.0942243813087509,-0.26017690871946,-0.879130391206124,-3.03421069300934,-0.0346490082920348,1.108695669036,-2.44504097087329,-1.51476959711218,1.79055161901212,0.171389577938309,0.517828175107528,0.796991735051459,0.801961716357542,0.874950395143432,1.30237660128895,-0.619707973379492,-1.35531961498883,1.01644690406259,1.3011072101834,-1.12362525499321,-2.34110858862334,-1.62842941794971,-2.26878169582921,-2.319306403131,-2.58793627380679,-1.05625262217189,0.341364238637517,-0.3729519408679,-1.27328786602278,0.55350295024784,0.637258920945653,-1.97792089185929,-1.75592259499848,-1.26141713437517,-2.04181592090137,-0.407526321059579,0.20429487097724,0.101299601199766,1.8156230851981,1.63610947998916,0.381700860963502,1.03380080835924,-2.07733035628747,1.46365924949425,1.42028416100627,0.109743088221233,0.119974690592857,1.41320432562622,1.21264521233225,0.625740514851882,-1.62896742651014,0.677494682000831,-1.06890710980891,1.70708080698609,0.587398484006962,0.423372928149967,-0.750408362671368,1.11414687513444,-0.2249862114701,1.85032608145873,1.33802249207506,0.818025196262895,0.539654159129759,-0.780801154158121,-0.359962304401629,0.299722161581318,1.40578362266023,-0.174319469714709,1.40244891700477,0.782459258631367,1.82839890875685,0.75960857799566,0.161045864027087,-0.524903825016776,-0.0603778164224125,0.962406166924899,1.00448290608093,0.290680771396595,1.01897130605057,1.17418499670568,0.0785834847109913,-1.04066004995723,0.479312972177997,2.60113599802095,-1.46631317489809,-1.40123652345087,-1.48031163970728,-0.0592778229908306,-2.33118628822888,-2.21590765671275,-2.1158767925948,0.627854426932582,-0.433818900159413,-2.78160832033861
0.969369018743216,0.382992188261468,-0.319502469391284,0.277624886471696,-0.696368562428136,-0.96734919873841,0.517639821058747,-0.179609773822705,0.600267026428767,0.533396519120231,1.64700804214033,-0.265248839906251,-0.108158985160693,0.08542198415274,-0.213332518477766,-0.422149172120916,-0.553556880211265,-0.65885303055545,-0.678098409398929,-0.780556187032378,-0.404562699233821,-0.724651475385706,-0.440977905735426,-0.153220206514045,-0.123034586307763,-0.704616189122111,0.482150368761838,0.0212533786316517,-0.863353133069196,0.00451042834504056,-0.0675751867782055,-0.15684192059535,0.358455431931446,-0.202809074401812,-0.290669625456467,-0.522659470898019,0.377839753065745,-0.64106501911541,-0.112156859431586,-0.435415075101998,-0.323410764159638,-0.610673885424136,0.628197337724007,-0.66490525193654,0.322980718880828,1.15990875840164,-1.06947832095975,-0.776539569050894,-0.171135818442459,-0.478181915904759,-0.482133256283481,1.24128937865189,-0.637624688252942,-0.995511452389447,0.707521486911932,1.75685698735895,-0.135333132762826,0.55389653236593,-0.395636145473269,0.783242292814256,0.261614027951939,0.55247456071209,0.421501788637608,0.319484995823453,0.474213174300015,1.02845572919991,0.253930696704776,0.272695836525542,0.663396993525165,-0.534632810782799,1.22737155652893,0.121742789994678,-0.386293554239816,-1.59282661565193,-0.558859877141893,-1.44967045905488,1.32464943783195,-0.71698114826067,-0.531191933975765,-1.30155398106067,-0.920566946335614,-0.919191134775658,0.781704957588145,0.111797855827146,-1.19116141724732,-1.05647332094739,-1.45595691596451,-0.140661381847258,-0.291122537764755,0.267942932121203,1.36968849215609,0.236607287082504,-0.246259024634242,-0.146508684263997,-0.208901345540744,-1.22252648465558,-1.16953086667067,-0.674006948786605,-0.548803890131494,-0.397818878719341,-0.259640673689768,0.576882705219422,-0.113638139630719,0.162100148401894,0.558174675153186,0.694817347481257,0.316911559350656,0.274382070104377,-0.338651827796627,0.301575856059299,0.0767089703237015,-0.0912792227357784,0.957373271025144,0.5327513977745,0.417975899978504,-0.211752631767739,-0.662435994754296,0.759614582299293,1.70583237700084,0.360319982678255,-0.615642010619557,0.930264348730935,-0.0270526002885369,-0.448794511890834,0.250114152265556,-0.921407559156197,0.723728218779867,-0.493037616484016,-1.06053337502137,-0.499709264623843,-0.266379850906404,-0.971452369322655,0.305791918979578,0.0405763943340715,-0.0261113586204244,-0.15748134844706,0.463511308142791,-0.137630963708658,0.313050892074443,0.923387332739528,0.531562597827909,0.952452612339032,0.296625108358205,-0.56356737140966,0.128677739277872,0.854939769963851,-0.0630572404527113,0.162497475145075,0.0564695378381578,-0.0367308865182592,0.899471362513985,0.172737413339171,0.191384462101185,0.322363561352588,-0.186150278731095,-1.09206666590005,-1.1781454367553,0.970096504468333,-0.718651403398063,0.686080799234908,-0.709229826739701,-0.888990777307633,-0.592816514061537,0.934569202567195,0.979886585477396,-0.0220071269038997,-0.255850621823751,0.943084796524473,-0.818692456142499,0.15674729499125,0.0481545426901385,1.18839389748932,-0.510402694605132,-1.01694115665713,0.415093399049291,1.35782239850521,0.388299430988188,-0.244251289752131,1.29711939097174,-0.077067852159638,-0.580023291491261,-0.0431813566346539,0.394970858515978,0.704714470172688,1.64055085110744,-0.454323806315158,0.0101959602375926,0.605306412905397,1.42536835833645,-0.203965951132407,-0.148048345541962,-0.0702546908441804,-0.624377051950218,-0.86248345972099,-0.162226336923859,-1.06692920879211,-0.0267795746876506,0.363292957185414,-0.109367209440414,1.54088028184931,0.238231531044611,-0.629394770455134,-0.451940906518623,-0.698217804851084,-1.24014528645936,1.0144622460168,0.623626084475478,-0.527053081608381,1.10972775759731,1.19832538092627,-0.0657713196324509,0.115200628453363,-0.963326665614867,0.427524272041782,0.757913137888789,-0.210240417334004,-0.804715063425919,1.176497456714,1.20390173689467,0.382435474398565,0.434290275070928,-0.635580516882423,0.463470083665191,-0.34415719014303,-0.981337181631071,0.0586397565877656,0.540079835926126,0.781225022672239,-0.242156500517434,0.974072253353646,-0.189528178930474,-0.218956356587921,0.203763209825647,-0.755234378293697,0.465369422904631,0.990001197330585,0.696249228441426,1.24648497443815,1.74294878806316,1.59298543356123,1.73328825763622,0.972985800550021,0.073027547695164,-0.154391347397161,-0.0426787711285689,0.0722654157831695,-0.231079782823659,-0.442525090007448,0.315652827304911,-0.550893146573372,-0.188078891768981,1.25640568791574,0.674794287243613,1.07768864167661,-0.372314640917654,0.020175725330606,-0.738680817387629,-0.230959993518849,0.153183435757109,0.0404437161596612,-0.0431290075098435,0.480904953334704,-0.708627330384764,-0.889815841108627
-0.70337822677,-1.36677926431889,-0.119174702897215,-0.0223638281275276,-0.14387290051376,-0.939083616915738,0.487867235058624,0.0110911165833117,-0.946926918899198,-0.647576626264642,-0.996735841131732,-0.429226450576778,0.656016995249267,0.849337176274706,0.289971234061824,0.53565271403398,0.56714424707234,0.892338699182324,0.858297861954781,-0.152414284421898,1.18641635662753,0.448724848618516,1.01086546549462,0.168605828005635,0.352141596111302,0.352011963010072,-1.43570617407729,-0.528532526633864,0.112414338276595,0.922430268341961,1.41637000508886,0.533923694925226,0.677957965658473,0.725330424944836,0.644088354211276,-0.446447638117877,-1.11475097118917,1.0818047666154,-0.169355588430316,-0.0755216760811994,-0.0843037595329726,-0.220313112708199,-0.260816011565035,0.0769192101381366,0.0294252911532331,0.314214171653432,-0.568968030346803,0.599803325926238,0.378037839657257,0.942455635151706,0.644332346033041,1.20796802873767,1.06215528959833,0.0800685988507916,0.383734738469925,1.48235806441902,-0.971461840447618,-0.0543904652752383,-0.100640103749733,0.555036972121116,-0.429399662352344,0.113386380437132,-1.15083878554897,-0.0797643123388926,-0.674285588220158,-0.544299039771601,-0.0415252872682282,0.267763779994825,0.126974000399605,-0.973003333987707,0.0763951859127753,0.169611992304257,0.025011471737995,-0.97013601963631,-0.121400059149853,0.0149091104884063,0.235101966590184,-0.346367919599342,-0.195832734601756,-0.275397078198463,-0.0733803837627464,-0.273505896879988,-0.679489480542366,-0.88257349726113,-1.14669065812147,-0.493821568802857,0.473562353894699,0.842554576033258,0.624133338569491,0.756323098996271,0.536139103345551,0.824098132351547,-0.170820922207583,0.339569692419419,0.499682959642535,-0.133062210749071,-0.157119292500062,-0.29140139828371,-0.0915744373663024,0.0824674209069968,-0.241917609990567,-0.16952394107232,0.0503629377538928,-0.0213684936732719,-0.494857394528224,0.0946001648617054,-0.351319918454533,0.000115785449837963,-0.105302840587798,0.305157680439739,-1.2897368617273,0.140418805670599,-0.83649408232158,0.174196344231907,-0.765129351534197,-0.753315708860832,-0.866435514680299,-0.615158612086824,-0.724007485274066,0.00615411678791154,0.537263324815609,-1.02233517761627,0.246200118553824,-0.456972736017616,-0.365207777169657,-0.309977466463669,-1.05082029695532,0.00198578102509308,-0.416624417976354,0.895816372496518,0.290697720966863,-0.501774396515992,0.973731115421262,0.979634838857834,-0.776036280351854,-0.09695957253883,0.0215244052545845,0.866475286808842,0.48480138724016,-0.855520466718825,-1.39157067639935,-0.677862968208944,-0.139499563745911,0.927000394798661,0.639369240454664,0.621496572563051,-0.449250610932571,0.94526141188314,0.0933361383552102,-0.454542238262658,0.532853972469339,0.386303713469948,-1.80656336700133,-0.605517640563962,0.477001455096073,0.789550959647115,-1.25563708472717,0.315689182105731,-0.457442883462357,0.698811174783425,0.489735300738792,0.0179998026564523,0.146556727883548,-0.331927236484308,0.107205699099657,-0.107174552189934,0.040517468975953,-0.115777835502076,-0.197928341528208,0.590270918857602,0.393295627686893,0.336886029179108,-0.60103296910301,0.0239805061025901,0.203840563101082,0.146303426188282,0.661117854869696,0.335543595263695,0.0310945618824601,-0.22458309345774,-0.042980952372985,-0.333468993652495,-0.960040239944624,-0.753083500041997,-1.00101945539283,0.841587386245669,0.680098532414922,-0.143221144461123,-0.455435154457955,0.528801048431208,-0.0618997886836969,0.170443084570217,0.43383459035835,-0.0450398326880983,0.244383088785366,1.81389140155481,-0.357968529531439,0.470962060718926,-0.162269145977143,0.791101931623438,0.261768010681316,0.486166158950611,-0.539446969515869,0.233870148436894,0.312173477910545,-0.00367252246678679,1.52533877037377,0.0619509367061742,0.853818772944687,0.0369080383582002,-0.270166953280737,0.357119875009056,-0.0199411521053585,-0.206150214157304,-0.193651482323864,0.121552624331424,0.253398190962467,-0.423189107507136,-0.487949517445933,-0.323251465909929,0.781784399992868,-0.949972894726266,0.394236183751362,0.16130561362054,0.358555226174271,-0.560153828637531,0.0399744176404793,-1.34071602074586,-1.66065581384241,0.170306365713659,-1.078517786592,-0.927891215542938,-0.874853667939433,0.262527426518516,0.967197436673433,0.294085780637756,0.0180732182189299,0.524713106149383,-0.501716104992454,0.890983660692121,1.50442215632971,0.424873009690445,-0.568631232255467,0.539797217882326,-1.22270061046497,-1.35415477734524,0.275911672152552,-0.0654352716740184,-0.10709243522965,-0.483467207040732,0.844884560016889,1.08028335531662,1.22867164345101,-0.511176336072821,0.687929214817054,0.101170572780761,1.90085685798688,1.28212811727349,0.220027026525003,0.144412275944875,0.857371063055297,1.15843188050383,0.82459524821703,-0.364806226764245
1.78819210931992,1.72328675601121,0.821869718201089,1.06816508553413,0.410895916963426,2.13820519235979,0.723938412214599,0.18907353332336,1.0377245168149,0.527537204573837,0.764151318138293,0.273674251747525,-1.20104292695908,-0.210776806674586,-0.829930801331485,-0.238821953387277,-0.44765449295007,-0.63496523014905,-0.261357636846081,-2.33972449353826,-0.196658827870449,-0.248886850831284,-0.551810860701883,-2.07762399953477,-1.51967600174917,-1.54504191651662,1.44075422918437,-0.95941008662681,-2.51183320166434,-1.12015662154496,-0.360405486270845,-0.14020817716516,-1.43377535562414,-1.86274623267566,-0.424470926905541,-1.73721208335401,0.784001416391793,-0.394527564997251,-0.447820912754312,-0.576748256971658,-0.489978110516196,-0.34967653603605,-0.558414345278102,0.644216004778908,-0.495141790524097,0.766367935056281,-1.29058936639966,-1.00511363958491,-1.44367056038997,-0.811792784135364,0.0234468545217113,0.629826940233167,-1.43806654911785,-0.677483486863516,-0.369867561478909,0.895691689286683,-0.045867801729167,0.0162251950553221,0.68422656550882,1.00945345619581,0.397239107540897,0.889594235185626,0.614889543471004,-1.32619055380691,-0.320201921678956,0.804801517913568,-0.569021616906281,-0.901234280584522,-1.20113179342257,-0.27847249859502,-0.201836292023055,-0.486420470515219,0.642787063396194,-1.30394197403385,0.98314819421559,-0.201912363095737,-0.163749115073029,0.0349323982140227,-0.00390251284627355,-0.432719545391009,0.649963227106187,-0.120271058010777,0.898907967526003,1.40349241712532,-1.47118878816107,-0.932291264451065,0.226627750549993,0.0653916733598962,-1.97521562633388,-0.571780028602063,-0.49014013230332,-0.492235368242054,-1.76460553311036,-0.318459396313748,-1.0756013410293,-1.19121072555456,0.266035201682616,-0.187795376902721,0.168445528225674,-0.222787976261916,0.513952235911531,0.268803256375723,0.891301247328227,0.691046446136889,1.61134879879182,1.42978640642083,-0.80560054962571,1.0957248508141,-0.404595937076303,0.34460102661254,0.133673079819356,0.0299027863520634,1.13045023797618,1.40494006027929,0.154950499782802,1.09409837135775,0.774632247223572,0.331409345118907,1.17395874772941,0.505456452339577,-0.412524789629002,0.475438294455989,0.609548505983998,1.28657230240087,1.14144393656617,0.179951060293368,-0.732980244615762,-0.0508552757031835,0.458292123873001,0.251984796245169,0.262766286451638,-0.961929939405623,0.389415624527823,-0.946612958779797,-1.16176059247987,-0.920290258513533,-0.69547687795475,-1.34837507882579,0.161041098632416,0.846556442712673,2.23002979293932,1.8982895208167,1.06596087433735,-0.176441044071176,-0.964348263259842,-0.374115250204257,-0.744434042546541,-0.028107999382576,-0.406014618279082,0.0788334234830831,-0.609379173019807,-0.595608115271086,1.23537087035805,1.10045977845232,-1.22191665829666,-1.21059502566626,-1.59197503385088,-0.0967757404513493,-0.252742268390166,-0.17476371687176,-0.305184772556396,-1.78397590740524,-1.27187248877904,-0.631125139056403,-1.16639240703841,-1.4189734111326,-0.925891802856692,0.0109030451403551,-0.541897133679115,-0.0118039176489082,0.369752988285905,-0.763414488738262,1.11130562918928,-1.28268095635927,-0.414058315525699,-0.705008777515215,-1.1320333679436,-1.32025062783443,1.40620688428138,0.795411645498435,1.00699587679692,0.26847606430722,-0.139022471832914,-0.418971602720537,-0.408942261302309,1.13406422221246,-0.238835792964603,-0.892485018933238,0.199153052019702,-0.887318047455189,-0.065629153197478,-0.810153177255616,-0.407204245004879,-0.778183237454415,-0.821956895496049,0.280608159320065,-1.67894791967191,-1.89763251937058,-1.21320524786524,-1.14799023237885,-0.483944840775541,-0.0738457953251506,-0.873663832196455,-1.25718457457084,-0.806396256588956,-0.898183459180655,-0.865421699965976,-1.53164802571349,0.5328008304821,0.233571996401259,-2.06622012030961,0.714197465676948,-0.199757734820177,0.254530847050799,0.582627607374913,0.272507827405318,0.765001510251852,0.586546632877775,0.431858944388921,-0.78823438670213,-0.940612678120225,0.800838416688009,-1.54544813005571,-0.181185193678969,0.564289177155451,0.904670359201853,-1.70784525555844,0.195636301371502,-0.415418773613912,1.08217043787455,-0.299256656479332,0.45167044506523,-0.315969873260895,-1.47641971897922,1.10131136499496,0.719193656368515,0.558685934485308,0.283169316976366,1.09289046397614,0.442266490408811,1.25622143751145,-0.340695937115466,-0.468890503888901,-2.28517278764284,-1.44609287536138,-0.0239645558297937,-0.0205475515550497,0.493381055720841,0.659522357084576,0.942682336626649,-0.317925595475305,0.391201393974378,-1.18907646790818,1.13864905622263,-1.11701137642101,-0.598350488222354,0.113565407910029,-0.424595898944073,-0.565335103094107,-0.339867844296336,-1.57774395823334,-0.27549015575446,-0.68825190402066,-1.45898721521762
1.19361822371635,0.621024063085494,0.215412006229259,-0.245852848467208,-0.254767492508159,0.272484947693941,0.0943449775346201,0.173268143979453,-0.92497270197209,-0.505361774792181,-0.410381043596924,-0.335493788112798,-0.053889148680169,0.0523338611623676,0.588378318812701,0.533830320460854,0.12454079774748,0.482482446116052,0.226026326833962,0.0231628025808331,0.556746551566193,0.206658526147787,0.728313444065739,0.888269576696435,-0.101356883285072,0.113649889761351,0.773938141501603,0.464591424841031,0.403268728212438,0.413646851982905,0.973041956603229,0.188137109022802,0.504633730819413,0.812627195729619,0.514411794225306,0.331808830829786,1.35081308932953,0.739913476991418,-0.200671055086832,0.630691917228472,0.307809078496637,0.387764945002295,0.54530735410029,0.860359658958348,0.746263579987891,0.544870808856359,0.499242428543991,-0.793145378911017,0.544220961093713,0.0697748926272141,0.345662120095404,0.306032195857683,-0.309117727007473,0.0946773201616167,0.731083133429995,0.205540719083152,0.796979799222869,-0.0362534789997478,1.00731812789496,0.735226848423822,0.459365965502761,0.641937603776337,0.115575386060144,-0.044239680930993,0.0708005007842863,0.742731818309883,-0.187731552881645,0.0705978886240853,-0.176872447563013,0.68969310990442,-0.618756866411167,-0.621618060912508,0.356660747792176,-0.271051684754865,0.216027615145073,-0.674071330970275,0.237312356918665,0.27948569989622,-0.0957828507648146,-0.193787757558415,-0.229902053409506,1.05605692400314,-0.321825438666056,-0.342101503552306,-1.46845331122162,-0.251598101796447,-0.433673449249718,0.692303082534283,0.123270286122584,-0.00368922886136538,-0.239216654202429,0.37233278990169,0.00664940376541092,0.650605869756543,-0.434408139943105,-0.540097163920573,0.615992362445916,0.196610420023076,0.287793968435627,-0.212395980017512,1.08303158155728,1.25640510840451,0.90275318757974,0.676996358910746,0.0300328381339891,0.0235478612911027,-1.06494241883064,0.0625126253087424,-1.24002629986339,-0.199993161921156,-0.327936604770637,0.265964036354924,0.374691780474043,-0.264027927404598,0.271616430274183,-0.0601215203730691,0.066178136913027,0.0195634647835912,-0.764319495981109,0.503653269010465,0.0881419126588747,0.552842610755758,-0.249209765229288,-0.301375568328976,-0.609022458070755,-0.530327655172865,-3.08447344004705,0.840346439502345,-0.345742674919251,-0.112348540875398,0.0468148756884105,-0.939350529403848,0.308532620569007,-0.712233617541789,-0.593459965375288,0.372859291566137,-2.95328680171121,0.382595434781339,-0.978703753508322,0.246036108044449,0.900160204256696,0.38156039044589,0.575422123863002,1.20955346624797,-0.601691372237242,-0.0324881675682383,-0.100911376371701,-0.415101869763677,0.301043246559888,-0.357597107514271,-0.0699102877301598,-0.130568100755672,0.149909499240334,0.162612465819147,0.514802900734729,0.149593469321185,0.0294773701052363,0.080385410923564,0.558216372723465,0.0239043249026467,-0.651089331376942,0.16753166415651,0.133627278974252,0.932224396043993,-0.0176102772382033,-0.00492269147847407,0.601011131645537,1.18384233415582,1.01771821377615,-0.428254660924921,0.0318199816687924,0.383057053636095,1.48826745791558,-0.298000516715281,0.0409206299436477,-0.763363372835741,0.0941065612953601,0.589094863942613,-0.557690126269978,-0.160868459432582,0.445645217678368,-0.0271400881521395,-1.03012112719308,-2.7564954295184,-2.33902600551984,0.0259958530568274,-0.158297362614001,-0.568358462792571,-0.638886151665851,-0.523711864427287,0.453675521881175,-0.533588906122966,0.389382503077093,-0.609052584416405,-0.199889461503642,0.0503463196491417,-1.43210924219895,-1.65808546199396,-0.138604416754062,-1.20097680380751,-0.2976193052374,-0.407077700473698,0.375315742541091,-0.21784217476377,0.384027109841815,-0.0486038462745517,-0.723380523048019,-0.318720847118624,-0.548899663733569,-0.670687755164932,-1.64281063646987,1.82593204022668,0.0953503714380935,-0.0976242482570474,1.54693672476582,0.629196602261144,1.56920755504849,-0.497959430702238,0.762767176324526,-0.960601839079486,-0.220564826958546,0.226043032647309,0.522933588402767,0.511827404435217,0.951915353893018,0.0389810978953828,-0.41012098269245,0.630842946733218,-0.803468966296233,-0.084990747515253,-0.908623863843083,-0.505339740788233,-0.796925467640089,-0.851549105840435,0.089576510459513,2.77398095123789,1.8291654823888,0.619543376902237,-0.110153032018665,0.316774677521101,-1.01964413508661,-0.938768584591185,-0.733297472605769,-0.974752955826073,-0.883684280981528,-0.732291958864979,-0.00600207391223789,0.169988682598605,0.962223735271429,0.347555423822491,-0.0118440298649993,1.9932418258633,-0.27858563473769,-0.75229789052518,0.189621904999597,0.203190516579167,-0.256240681827681,0.205694532599527,0.649275001473383,-0.0183223898402878,0.613382855430764,-0.465224596909073,0.166627452385101,0.910991593576835
-0.786595742001845,-0.990778439814226,-0.283539102665369,-0.704901035671887,-0.383287037188591,-0.903604758792255,-0.000645483852065828,-0.678096193651861,-0.721784546174274,-0.295131073120232,-0.19745363206593,-0.584268673348778,1.16299158790608,1.84681423036964,0.337292254187568,0.431836113074289,0.93661564422538,0.343857465927112,1.10834200934179,0.357153035060425,0.333144665675787,1.18612593456574,1.34792976011991,0.960080069373323,0.688573041483323,0.216545997809918,-1.21088861228446,0.975642774809425,0.523844022805976,0.381408302860571,0.552964972482249,1.02883862901792,0.535197054271802,1.17502022586905,0.465758915915493,0.480277231767835,-0.457692734197591,1.16681417343608,0.490707116514168,1.07507170058829,0.329258026298793,-0.199431445654147,1.22754632942832,-0.031205514172308,1.63367537518541,0.545246211429133,0.63425823404674,0.43917664372114,0.583931185424755,0.740695536074496,0.105156477907223,1.11405808432736,0.782234274763028,0.48267115231693,1.73268370289364,1.32227240866783,0.524980079579412,0.885048425028767,0.573076310916322,1.46306388900874,-0.333798482104312,0.607130821112102,-0.653390293929296,0.239125919519373,0.342604839665298,0.184684682212093,1.74764004815935,1.92180115759151,1.71746113843749,1.37470859463089,0.807337588216787,0.679472995321098,-0.454278559995251,-1.50673993740299,0.154118690112759,-0.164534417635924,0.843315937415433,-0.0120369135272975,-0.828205132024382,-0.812579868360538,0.704858476217685,0.0738352564121457,0.183126038165324,-0.266590060212048,-1.05922795412674,-0.972536092706474,-1.80487038903217,-0.747609606351073,0.00601916975358305,-0.80441177007846,0.150744543282224,-1.0599179464821,0.942628287123822,0.0148705723534638,-0.191402925271507,-0.304318173954424,-0.422653548185818,-0.582270594988082,-0.180050012526429,-0.431033193300894,-0.308077457923073,-0.84773080406697,-0.467639610233615,0.448975081316871,-0.480836712639957,-0.639307797734021,0.123356554966243,0.617285375622004,0.0162081625539601,0.822720198477851,-0.534764665198427,0.373034015475806,-0.675884584562752,-0.263401170653092,-0.776984936546041,-0.72105372547948,-0.424364340061792,-0.392074322733392,-0.574389919868778,-0.604463588163097,-0.0438616497088504,-0.58832886251676,0.122452927696463,-0.538417631000644,-0.774755173847385,-0.528552970793301,-2.10653080335958,0.118685237678053,-0.490957463070481,-0.09645345621858,-0.102764056988104,-1.20815778856897,-0.886920207426656,-0.377726804742545,1.41878090854312,-0.206257622946794,-1.18981281389301,1.03834731429849,0.309241739319443,-1.35222396982431,-0.78444656247413,-1.41077092382386,0.581855903584671,1.30432563454457,-0.203192822530351,0.0805758828674473,2.54032489239881,0.753018846165739,0.836613726173232,0.127266294283861,0.659518044977435,0.833165166293298,-0.917051093625651,-0.957102605302719,0.423946399391306,0.0837909594167431,1.00078749519166,-0.282498079469269,0.526092061763964,0.335349903621698,-0.174042522494314,0.124142148615511,0.672946126987675,0.999349946853727,-0.224776984277259,0.424139592382257,0.509215777685044,0.332756014213721,0.0752485091820183,-0.373852456181924,0.0887518201689803,-0.781016833331084,-0.32553067645679,-0.987157095764094,-0.612807678982873,0.110883452654966,-0.0208197602324842,0.711244381926589,-0.243249831009948,-0.199170415735133,-0.149571355000454,-0.193289674656888,-1.80551648289582,-2.41847730214597,-1.12527028577012,0.21745160092591,-0.242520344303133,0.0571111749795971,-0.649373392802204,0.123735769326611,-0.367411728673493,0.253201661704731,-0.0620205673047752,-0.453372868426667,-0.314265471491615,-0.442391564892691,-0.558040303988175,-0.756486915974351,0.570036336008396,0.313563540091543,0.578987521110418,0.817543810159155,0.59654439419525,0.0638329948970185,0.431361748741819,-1.05153469111394,-0.324387925186577,1.18672162086409,0.388852201521866,-0.223503149599943,-0.9923058575044,0.894674963764856,0.635571140539901,0.22605863115819,0.598450236567685,0.648973318568877,0.941142763698334,-0.151124623591554,-0.39678857926922,-0.449180529571963,1.08232411937227,-0.394596749209602,0.573545240683238,0.293130331518482,-0.159794238182907,-0.0669565460582028,-0.585982360393374,-0.534577180042088,-0.0922196448017127,0.561278004603611,-0.794666511811359,-0.553989741531983,-0.691307845715513,-0.526126191421703,0.164443698821323,1.22038482687512,1.23094107058235,-0.40231849295531,-0.400222621659041,0.408457700252837,0.0505198416246503,-0.264342689114396,-0.62557907083521,-0.49498029870933,-1.38639457985383,-1.01776539371881,-0.00727831502949669,0.371582236086625,-0.134955743576971,-0.325053452545568,0.746462186305395,0.178844808185588,-0.266142545671526,-0.622398922843238,0.213812406658112,0.182648891736284,-0.146917349460072,0.651130031280807,0.356617542477667,0.160466139336751,0.646780601846534,0.0373154881234883,1.04270309978274,0.42579910273501
0.998862681131734,0.805160886237913,-0.96616726322415,-0.365939595918932,-1.40117652101545,-1.06437914816689,0.690127309254598,-0.360316891931345,-1.31202939421918,-0.58526534960372,-0.974358151352669,0.362368572809845,0.410911852816554,-0.235827838311068,0.403000599452321,0.88047015709174,-0.0768019707039837,-1.17856708365114,-0.224484608228454,-0.506390285700211,-0.343376748473255,-0.385681419349877,-0.503679165939009,-0.223526319179622,-0.00467834105163928,0.559396329942713,-0.761369038751342,0.792161726795939,-0.181163533413614,0.453780276213163,-0.850663418482299,-0.648750466811802,-0.22325264569238,0.220432120394242,-0.703305733617268,-0.33303721118954,-0.129149085381577,0.543997617436452,0.169121312146947,0.658422486584925,0.852603405231764,-0.0520470644421843,-0.104448442610065,0.46062993875667,-0.895717680065123,0.346352911670326,0.515956665685375,0.663508710103876,-0.471259713007453,0.0287859382055587,0.528173544299064,1.4301674895376,-0.880393104793635,1.30993945841249,1.25101581050746,1.70480927747185,1.89786596533786,1.28868059166431,1.51204873222713,1.63853351294154,0.527856123314796,1.41631821522099,0.1536976474525,0.0303618969785109,0.277842755523607,1.41460039705311,-0.174891813142964,-0.384675776463412,-1.08891183241657,0.269811954083904,-0.155273987609059,-0.933488615373371,0.859698413108409,-1.23448834950902,-0.957455881623967,-2.19384435725321,-0.217104417413079,-0.194165121245616,-0.263394350884956,0.296988849446504,-0.75229690564036,0.124263176253703,-0.372231102899665,-0.816862622978105,-0.729896883352293,-0.566249287888763,-1.7456263824343,-0.828684048896796,-0.333912664943855,-1.33096127897555,-1.59685186049464,-0.585602138632477,0.505355996022056,0.310120889630684,-0.273663607545982,0.276420116163608,0.9105379209064,1.08371070484761,0.888324235137582,0.566920682650355,0.765346845801702,0.648105741500692,-0.512594958063061,0.302743443474798,-1.13380636271573,-1.47614892234636,-1.15524410241193,-1.47074369923769,-1.92574097039473,-1.53806144951623,-1.30712866228037,0.104846827492521,-0.491552438848567,-0.53368771082998,-1.19538197708781,-0.860812506607468,0.351715965771976,-0.389177015374704,-2.0607694488565,-0.0764923477062861,0.478689632169398,-0.362943324276361,0.886153520697417,0.858871094107717,1.15477101525593,-0.229664893295592,-1.17939160852485,-0.468812062921469,-0.933837706591878,0.54260053190657,-0.137354769123242,-0.839009565561149,0.352585742751029,-0.0805516026534816,0.590366491922445,0.297810150232389,-0.908242562576692,-0.576259242150022,-0.23210807939891,0.859384212600457,0.82624773902394,0.65129507584678,1.556040344576,0.603200043082692,0.642423369436892,1.15341549702338,-0.0245570943455832,-0.229922850777399,1.02533658708659,0.982146853657227,-0.41094131546779,0.330520554500854,0.476899675577026,0.314959144345878,0.96322862561825,0.450887868553839,0.998035098435246,0.210153549126008,0.948558633105235,0.00283136749441694,1.2327026489187,0.905926695505987,0.474572432031489,0.434851886181343,0.309075400360711,0.9630304838611,0.547263423058303,0.604863609357611,1.37288344614424,1.09821366963148,1.23632748841694,0.911822791631756,1.35565490708345,-0.881769240739967,0.163008401999038,-0.455864048948719,0.00174257147585796,-0.138666089655703,-1.01526479801699,-0.817470553665608,-0.406031193909615,-0.791452563116639,-0.390469387324362,-1.11942581722188,-0.76514493184421,1.27253684744811,0.0398589860893463,0.405262846645811,0.332251866238843,0.443579876000355,0.26445052855547,0.697981298848709,0.253620953300765,0.846400069959436,0.289549332270496,0.465781755257952,-0.222657514833768,-0.166796119126733,0.622154619603733,1.56326847432158,-0.107634428804975,1.4818236739925,0.704189741247802,0.680393703875412,0.670322374148224,-0.487186033733798,1.56625966283518,1.78435997595406,1.91657583571947,2.30999314638679,-0.282606470071104,0.186562271043004,1.97200942226356,0.114475585372435,0.210282913131131,1.58976632220542,0.680692781816554,0.0767134913319272,-0.333776996454499,-0.367850661011173,-1.02300732592572,0.941133355670738,0.631697487843813,1.25787017379183,1.21363039049443,1.06062280657077,0.660730815478242,0.964356883668067,0.624454137783819,0.422239384343011,0.560545919792606,2.03112766904508,0.35906763064682,0.926639321209292,0.591680384211158,0.91193211072949,0.750999298764131,-0.0638682782824145,-1.14286544238249,-0.748136842342746,1.59109236000431,0.517272000167115,0.288998777325376,-0.269683708103114,-0.365585493277994,0.805650320832549,-0.679037396482906,-0.644483449645883,-0.923392208954976,-0.669572623331449,-0.322155651218239,-0.1661149295021,-0.816671570409307,-0.521613111205678,0.454422683965241,0.912923402851758,-0.0903839053015738,-0.408556953985781,0.872707417150987,0.617380635439339,-0.383207176573247,0.299310189161048,-0.182633982288611,0.0915170856075402
0.619734790367224,-0.101605921072796,1.34363898625732,1.45210605982257,0.363621699528689,-0.36271503554955,1.60564419606814,0.973124910693616,1.214308501039,1.72747556799907,1.45546689186131,0.773719832369272,-0.209131929083912,2.33294691123853,-0.737320410851416,-0.880333451998436,1.0013945420662,-0.346960643246013,-0.154118024892781,-1.50133162258768,0.645979534446594,-0.0901836585684692,-0.312291775893381,0.231629140720689,-0.0280568062136983,-1.0855875126869,-0.0144052769442759,-0.375339448778529,-0.314081947150833,-0.455409817505527,-0.00336324607674664,0.0924805197861402,-1.01985979703981,-0.335742042398242,-0.0399680559372361,-0.369843983660351,0.262922434363566,0.348043827575538,0.352233319276697,0.379699949285135,-0.73492776820304,-0.924220920258305,0.0806547934969779,-0.569261241146469,-0.902398448060752,0.806659699042456,-0.299796735421664,-0.957939893938909,-1.0450723625331,-0.209384836143553,-0.664784197310879,1.66576072332564,-0.542640390510228,-0.477478538809822,0.677819143957374,1.75085477644262,0.66533971778786,1.13362466240713,-1.64191792797751,1.74142887028183,-1.60023301245108,0.000949755155095349,-0.232199385378374,-0.792536672603178,-0.716122773214501,1.04297461442239,0.681062970761932,0.367198251135143,0.214127365136151,-0.494074461383193,0.390451225462765,1.2000130833139,-1.5833447202842,-2.1065473600766,0.161332796348594,-0.0467627294007407,0.0627534759346357,-0.0363648714376068,-2.45286247310605,-1.61977301476781,0.979239834174689,1.56953793343216,1.49897323131515,1.28678983417592,-1.11120355224874,-2.19359232269154,-1.55717022983334,-1.29935294362516,-1.13512473200626,-0.920404606795815,-0.0702256254163585,-1.02531468222289,-1.0047023806236,-1.09300539782613,-1.59631812180371,-0.845491840091147,-0.948028473438991,-0.762659693456057,-1.13713757867105,-1.56011499872045,-1.80453360834031,-1.05588751664207,-1.87771733457853,-1.86616717369405,0.0702029141580216,0.0799944382810268,0.0192530062671198,0.931684026339456,0.180415885412336,1.47555423875767,-0.692328895452344,-1.33983246596388,0.68557857497881,0.10006855441586,-0.0790354427080909,1.40148124031406,1.04542626203222,0.37484235767982,-0.874361145012936,-0.220807001689936,-0.714982333691584,0.655672147175436,1.9988096697665,1.03316487380894,0.98239114085753,0.181534712250218,-1.03937861843253,1.49484329853693,0.928472008675133,-1.53771421415869,1.38240812608669,-0.311116206994969,-0.261768090991331,-1.108248295419,-0.577720531043597,-1.098716690862,0.0654671180772042,0.693650751577799,1.39219228461623,-0.331597185228655,0.768677117533458,0.87665449005625,1.56226512091459,0.000104039186364165,-0.961034708877943,-0.814021684482175,-0.902521863358107,-0.083626936567263,-0.944350017985493,0.868829098784692,0.343691537546614,-0.449537402958255,-0.268380195752474,-0.265863977635835,-0.298906983217441,-0.361529631496782,-1.20783926529614,-0.744238851051662,-0.774084277543034,0.168331888064728,0.210550510295934,-0.250497963891407,-1.0615001839344,-0.48267894799766,-1.27461223746244,-1.09294227285482,-0.890083909935024,-0.763233073255252,-0.58521708627541,-1.25566567892146,-1.72912007145674,-0.183092897207515,-1.29799227920661,-1.63768061287867,-1.26620131056252,-1.84622135688769,-1.54494991436486,-0.537911572926086,-0.012792215180806,1.06253089660485,1.1346209513478,0.552647381641903,-0.136709758873093,0.186368354141112,1.50002992166912,-1.38676921495583,-1.37497901064323,-1.12160747745442,0.696070052085672,-0.715727575494873,-1.12184258018004,-0.707508516727195,-0.951274055364067,-0.948957487796949,-1.34682886144908,-0.43738403713642,-0.198220927550166,-0.297794246834746,-0.99498292456223,-0.205091670333323,-1.52185162656557,-0.252181330239024,-1.01055662317868,-0.486059570713435,-0.812525015379764,-0.400618735237165,1.26370390696308,1.42256797830716,0.828678178433549,0.0786409647931724,-0.483397400486825,0.315161700962873,-0.496643827298488,-0.0316995300881518,-0.530482582794442,-1.45120958339739,-1.1099789476321,0.202814358907014,-0.0206125635854305,-1.37570967437361,1.18008484029398,0.542405869646741,-2.51054697412619,-0.103196628757545,-1.10557333180048,0.425991329011085,-0.0430463642737493,0.0125099118393747,0.55557314766743,0.00479557540476234,1.6307038190173,0.472316287682215,0.50091465164959,-0.05121882754898,-0.803139942183325,0.637713793798486,-0.123205595566029,-0.00927155984192033,0.367007025414623,0.989564782953348,0.948782117829507,1.28177778787324,0.112641443822975,-1.27200567851918,-0.351683277109584,1.17775420936335,1.00828671978187,0.669751287006161,1.72418572773665,1.3363333883896,-0.324359680655333,-0.248370480005254,-1.34012548346165,0.767344523906663,-0.581705117488108,-0.546279863291349,-0.0865685118038196,-0.000925806426531317,-1.21472770622472,-1.34511933531008,-0.792910181153807,0.165021942943999,-0.894557021965128,-1.23612926218259
0.959860180770084,0.773988064106611,0.394576101620986,0.161675729170541,0.610400319782261,1.5434900914864,-0.000494067495984679,-0.810935737352701,-0.089241889115728,-0.275986517507227,0.251415874176584,0.395523282871101,0.0592630612159273,-0.351652677799319,0.526323695678036,0.0895085804718874,0.0592379337859719,-0.609993206616076,-0.0016877302586891,-0.651377727070073,0.397678766526601,-0.150218625266207,0.103549396668585,0.354435422596415,0.297149859650593,0.530961768119805,0.649567941502388,0.46831036970181,0.242846138953077,0.127502004952721,-0.273673534173786,0.296310126816781,-0.191850016419416,-0.0919496786383689,-0.262459869000619,0.533075410929238,1.32075624337999,-0.44506511180607,0.0998979737466843,0.288060582669295,0.389548426784773,-0.202357623252531,-0.0107261001619533,0.27730695626026,-0.745205007269773,0.0743198535497346,0.233907513907302,-0.281062623527854,-0.0937170477751319,0.0609592053612991,-0.117251218365365,1.06485367292016,-0.344765553661615,-0.0988088421980731,0.253282397743171,1.57037750899291,-0.00966730788753362,0.704415079159004,0.0959462000292656,1.35957722641539,1.0036840879711,0.834467548781044,1.09100531654871,-0.726809602371803,0.347530362874232,0.957156662314978,-0.519187645797319,-0.680164529751095,-0.467807600496346,0.0503469011279307,0.337934271198985,-0.739161673836834,0.527698181303986,-0.648178043379831,-0.172959257917741,-0.184353144779134,0.28382642438457,0.10860012865957,-0.237847254788038,0.378305571045405,-0.286003003818513,0.660736031769088,1.37363272262919,1.2193285257584,-1.32027074325347,-0.372843070016678,-0.364324545479539,0.0865360798120396,-0.967141550575253,-0.490907409819368,-0.762663570684643,0.49007763676132,-0.874305603040521,0.254502394036029,-0.257406488600563,0.10459117087009,0.263597378459224,-0.157265433431366,-0.0076564957758564,-0.365199419444177,0.877752073812428,1.14249001679648,0.575461440809816,0.320392967171493,0.410917059937607,0.181612129910715,-0.174923585103815,-1.00718704558871,-0.458335632652695,-0.654388303132113,0.91541598480388,0.171917653608285,1.51698223039577,0.0428666652197142,1.53631181305274,0.0282326680243667,0.933209572302058,0.393994493086764,0.497044897409046,0.745556719900372,-0.296903770580098,1.46300638408528,-0.37331402830953,0.420703724437745,-0.262719811739887,-0.754985290111883,-0.800756351214206,0.551995519250528,0.397070015447515,-0.00774532064137065,-0.180752335374117,-0.384186848595494,0.3473580507613,-0.744965090250644,-0.805144180589677,-0.217891501492071,-0.285911245593642,0.40642763326238,0.146784027721293,0.674760017451389,0.649691994417514,0.580973617773625,1.02042954958126,-0.223649055781306,0.138443406753195,0.270839765276936,-0.49568620014704,0.261232742040251,0.197356052710827,0.407312298393989,-0.663256966451789,-0.252431675174029,0.646370682082887,0.361117465438541,0.162367485801581,0.180379950214063,-0.388751934240874,1.15204382204571,0.215582684041677,-0.176701741774018,-0.496724435068676,0.329978227379135,-0.0564908381937982,-0.242023789128468,-0.689715053057611,-0.333603741093719,0.143094132540233,0.655930605067995,0.192437428358336,0.9995624068701,0.477317483482787,-0.76271960294147,0.951191501008612,-0.469524764513335,0.588881889320124,-0.431767658223424,-0.549490201190425,-0.424721821736638,-0.31190317193732,-0.0417263306648264,-0.356023793581023,0.0883441822970811,-1.17077670559233,-0.705927915336108,-0.100989763991299,-0.152413415284245,-0.995381933419418,-1.04431797726359,-0.0455801787452624,0.0475783964166514,-0.00466446517631171,0.312403313350509,-0.293495435997726,0.358784114009884,-0.472598910875499,-0.441494968982327,-0.732832222247479,0.0135290369752464,0.532692867720996,-0.315736379070193,-0.763401605856445,-0.172582729996297,0.161233720313302,0.0199468913618704,0.502932555754267,0.367751128894283,-0.170354322944069,-0.696888819727274,0.631715437787914,0.82890933195613,-1.52082550857614,1.31626347007871,-0.150554361829561,0.0589472858947317,1.18453946719665,0.122200096281917,1.32754776864359,-0.533993586313426,0.600413752297085,-0.780034460198726,-1.00194963431909,0.805909561099654,-0.237748887169184,0.72388753033884,0.0176417406549369,1.0236804892101,-0.69022304936117,1.37153565952662,0.612549807362941,0.0912289334909376,0.0536416147009755,-0.96068320686958,-0.160152587263967,-0.97621509152402,0.461936817352655,1.35173222997954,0.727026702489161,1.58546184963934,0.723195589671117,0.171913639567496,-0.0247331223604961,0.227935157402073,-0.870743283224015,-1.66580068256413,-0.470777296078797,0.329893048864494,0.231668671830207,0.423820492178528,1.11013129835824,0.602008768751271,-0.155650555903204,-0.219043860761714,-0.672231095998519,-0.197617146116164,0.266713214674772,0.222320422767857,-0.984774181292965,0.207091784328635,0.0300880761666195,-0.140872063322891,0.136834859055312,-0.984357779437046,-0.31718158439537,-0.164293886220269
0.26262485142678,-0.136252716471149,-0.102577948826458,-0.878612639293053,0.283422242348687,2.0026730743895,0.147796503660686,-1.00136629103007,0.367370860811855,-0.0685091612416757,-0.294156887806906,-0.630494367025322,-0.187776350491759,0.183244637186359,0.409106252124417,0.504060418360919,0.536185414233483,0.506574782810906,0.522151123041254,-0.976071139770829,0.537113015967281,0.620181259244071,0.889544632336568,0.659512703133675,0.892660292532981,0.207640173532431,-0.559695749567724,0.632427482104042,0.856648141143735,0.0781561682487035,0.686299115816939,0.962469075513656,-0.499637988045171,0.617427092652297,0.854509971577093,0.760579682168835,0.219330274374465,0.934576030112771,-0.419062555036408,0.462273446373597,0.401966259524108,-0.575765615079456,0.721891129142531,0.0371025554162744,-0.353690257847526,0.411323405543846,0.816595675057245,-0.635205301389701,0.815586826907833,0.53598693485886,-0.0242047418198517,0.586549320891686,0.533359179297822,0.696162495186676,0.495039590679936,0.788725775204852,0.302281692804744,0.303925045178876,-0.0648148709133859,-0.0275367776373476,0.677975270637609,0.755910160986972,0.214479012984117,0.237776734171716,0.779203615668676,1.28213169641431,0.77384015041801,-0.0793281075857064,0.417680275659949,0.903140169682134,0.761361501730194,-0.343197500049313,-0.0553808825054195,-0.192925365445173,0.607707074730871,0.346052898464953,0.988745835779844,-0.0583919684254899,-0.00432306070037452,0.96765491881257,0.00587897157056661,-0.810244755304365,1.16301109950284,0.687822140679672,-1.37384900219827,0.160021153804164,-0.0962192476192536,0.920631904962679,-0.514280850477027,0.531533879531616,0.627086745236036,0.328385269443518,-0.595094077221273,0.326190215398282,-0.290957288803235,0.774268469173724,0.238755618354053,0.252652701071372,0.0737210248732107,-0.0503265453156312,-0.043770916241236,-0.299641148640815,-0.214192466224365,-0.480948591026168,0.388127574881557,0.309675297816597,-0.0316624951590221,0.0432509033980546,0.660302151370789,0.805991407579731,-0.372826354667247,-0.226632891334894,-0.064225198214044,-0.0565178817445742,-0.0910419677088696,0.946946262891887,0.718332179372916,0.967403479909884,0.4776400387402,1.16744761483799,0.0892098938697395,-0.72506189478897,0.282474980321918,0.144775788347485,-0.101821130647272,-1.29405494709172,-0.865885108113136,-0.41985052707567,-0.00788926796637398,-0.078268981301066,1.08789358086953,-1.28017659733284,0.126603383382541,-0.904394856478947,-0.615898684491989,-0.442001554592746,0.431696246651497,1.14523678398835,-0.279990383695698,-0.488931580847736,-0.206325440626994,-0.0234694770671699,1.17195902812866,1.3581335534511,0.830057658933222,0.88732824115286,0.676910389045267,1.18211343354418,0.382569340670364,0.69589184715551,1.30914839861546,1.23151707486254,-0.118039094997078,-0.727170320065099,0.429840981889037,0.707503596874792,0.126455670047044,0.23765846151638,0.35067233388559,1.13620974754173,-0.093205557839934,0.504478529888093,0.226788407742114,0.361091324165572,0.164200164446336,-0.485654401191865,0.299292997138142,0.718555917578714,-0.259079378556313,1.13484698553054,0.848055321347688,-0.0451460207276454,0.458956383644987,-0.157379572667636,-0.117025566678028,-0.416054545569524,-1.01218820217459,0.0165627664540022,-0.302269636304689,-0.897900742477846,-0.732475981266746,-0.50699719731684,-0.135757232529194,-1.02132050608071,-0.82242666563624,0.0479486209958031,-0.900740886936918,-0.416433593387333,-1.05745959602156,-0.362447200492939,-0.456242267142369,0.437528163661095,0.36590600062506,0.479787449696359,-0.556845700890271,0.225840040116413,-0.76150830125368,-0.178234949410649,0.725840939813798,-2.07082101394145,-0.565311107366975,0.15315574476712,0.269244524543008,-0.403826704517773,0.728521144180476,-1.03609581711675,-1.66837582410059,-0.786609088057951,-1.61238611288602,-1.03697078407234,-2.22051796882692,-0.0628730135394541,0.312702632828046,-0.301186886237924,-0.468626681413775,-0.0647948104452471,0.055383334907429,-0.660241985269373,-1.0978480160411,-0.181642572338412,-0.704535123983807,0.532503814799302,0.981285183492079,0.636121755075959,0.63256370843234,0.534530274738311,-1.14254305655746,0.851424834556999,-0.337792593641989,-0.760099493809998,-0.0526286346837141,-1.05301815438026,-0.353557213230083,0.284374737357316,-0.172901395098338,1.3289055089911,1.32792336487302,0.874660515896334,0.726834439123842,0.945478035468254,-0.532237826285027,0.169713456849611,0.23074571231418,-1.26293984175506,-0.760304678637043,-0.0017560865705652,0.2399641497599,0.377471293588181,-0.0759272899080229,0.139361334474178,0.457277844490451,-0.627841676374532,-0.947247108139099,-0.319174544328546,0.234897677326897,0.00589472086418898,0.210622536875174,0.774979221030952,-0.195970520183124,-0.405161098201865,0.541617034533827,-0.342846541960789,0.778967669784273,0.947518771762313
1.19370601992779,0.583242124220723,-0.770582017644893,-0.278330177051256,-0.5406697530383,0.908331610120158,-0.331092518763766,0.0721407683671433,-0.635394742871194,-0.445061318123534,-1.01602500306832,0.0479264918762662,-1.08548092826555,-1.61140417795262,0.55211494441667,-0.806057701936051,0.0186603494122374,-0.789011579648224,-0.551242564737239,-0.48997726322608,0.869699165523391,-0.883210224697822,-0.37814443167716,-0.408896002875073,0.278387752981882,1.17687583438092,-0.122230477103236,0.335519287100489,1.02940496027142,-0.216481404081655,0.526285119061066,-0.584286940750416,-0.439621169767454,-0.233275938399728,-0.706623020268597,1.40321593642918,0.586039970746781,-0.0900997069042365,-0.234598173198633,0.508989775676259,1.58504008148939,-0.107226203316355,-0.0115277949456781,0.776139018378914,-0.175190340101326,0.960254251629134,1.08111202837342,0.0830201423805836,0.125577799418362,-0.339493456325558,0.2429441356442,1.38571719547777,-0.307809592840818,1.21257696517868,0.635485659287107,0.65865100731195,1.08728035466155,-0.5221234039056,0.555810348775886,1.85809289294337,1.63146925778633,2.11812837619001,2.08289346312,-0.389615179068981,0.821297885557668,1.99129855516012,-0.0898131668853278,-2.10370268200959,-0.672853427603605,0.458357721121299,0.87042931800377,-0.424113759398733,1.93979426325872,1.75643518351988,-0.343115475178549,-0.378440011339599,0.867878729514435,-0.202922167235076,1.25953851158828,2.58694194038859,-0.214832559188203,-0.21932667259821,0.168352792959562,0.0159578212256295,-1.32255995357262,1.4655758420573,0.665410639806666,1.27715836352938,-0.0531935737986152,0.37490342577875,0.00746030656099046,0.675161888735969,0.114594731461702,0.560674398245225,0.0859807627874764,1.84165452206122,1.69457340872012,1.89327055995345,1.4338171583009,0.923778820784517,0.99776822558538,0.717557395174819,0.568540795064458,0.425857368494616,0.354692278427291,-0.204689109865783,-1.01805876083168,-1.17918020506623,-0.211507636121136,-0.99745742622791,-0.364959370816351,-0.197834527657899,0.164631083203558,0.383259775107248,0.123879284742919,0.0618827595484285,0.0870371428271174,0.558881018098782,-0.393307717071198,1.46870819666388,1.11187993261677,-0.857808839046776,-0.149569537431939,0.759765393486861,1.3942125983632,0.162956924468238,-0.787914310690954,-0.0213369097075437,-0.440062061415331,1.32998715602952,-0.0061254386135937,0.17376704069992,0.769294148269008,-0.183236251777506,-0.812005473152676,-0.679706135550094,-0.253568846032093,0.52220880331275,-0.545483400574055,0.771126521210744,0.625848264906026,0.860664577839209,1.62585716438064,1.33128945391941,-0.0539052433763322,0.22562284718702,0.677005965575393,0.499266760265389,0.73865930242544,0.608191813305019,-0.129214139563388,0.50639575625827,0.564337680675713,-0.378765594571594,1.07971324296146,1.07513671622357,2.18876761690072,0.55935705697386,1.62532852247767,1.06428183928485,1.72666487147691,1.70592995747588,0.669774773844382,-0.474790240878865,-0.277920933598008,0.263972732862972,0.889523242678681,0.395356710802757,1.60248212979663,0.586698940083611,0.83410794545662,-0.014133023273843,2.56493710838483,-0.49899126922545,0.560452635643809,0.285753748320967,-0.596459569468175,-0.171785704803118,-0.322758200111257,-1.27540128381192,-0.845713427794817,-0.961267619320243,-0.188587629500726,-0.319737395425964,-0.296300656141105,0.570704572098223,-0.0193603499798095,0.131286287565149,0.656124423771996,-0.265093103387098,-0.0501596365775516,0.329247478252955,1.23721707406446,1.66131275747407,0.709059539010546,0.556731018931925,-0.0103238791350655,-0.142427965702901,0.56967740127778,0.278444540292656,0.0983280886820863,0.557686420158189,0.132945107626487,1.02317602070484,0.749062100225027,-0.20898013920675,1.68990093145095,0.272356643183669,0.513554411033396,1.17532922071654,-1.2078268473664,-0.471323010711207,1.17470105042773,0.648553448023593,-0.334699939730794,0.420708829202068,-0.391557271224051,0.338032817894935,-0.378430100309922,0.480398184209314,-2.18312528288364,1.25718668657047,1.81880043494202,2.87791782217612,1.97280927857484,0.922320741064824,-0.585966167868443,1.73092134875948,1.30132250586445,-0.265767151266467,1.29184857076039,1.11941444869119,0.552680428529796,1.77325606897694,0.6199252944301,0.38481401673277,0.446100825569526,2.2210351153401,0.563988540409388,-0.544333269887241,0.412597348057489,-0.277709170467524,-0.0658994003727448,-1.1874029196848,0.122299883163003,1.11206532455475,-0.944627215512204,-0.987606283696283,-0.702329922865128,-0.514318721608127,-0.851207913643035,-0.710689776062636,-1.55484845990973,0.374902262671437,1.01348905550708,0.437087536214528,0.178557472083358,-0.324104571090582,0.130762436304599,0.882911547976965,-0.150735718355541,-0.701423889139837,-0.419301265761521,1.11892825717531
1.23793962795906,0.420159574266467,1.56596557232689,2.21589974842523,0.7908945122304,0.566837968685049,-0.0414597971351767,1.95393710803076,1.68990933541894,1.92829906092768,1.67703150865861,1.10761662906472,-1.52703035607049,1.7869725176878,-2.08942586547387,-1.89994990546211,-1.03150621381822,-2.08477923296754,-0.875177142104386,-1.46482026768114,-0.768708013867517,-1.70144492855368,-0.751731873057944,-0.19566584651685,-1.05715870410368,-0.8526800940009,1.17024744871151,-0.788653974244261,-0.62038813375451,-0.712633445879876,-1.25247323365649,-0.885009491795215,-1.86201721536443,-0.707082216140673,-0.997217001302587,-0.410866490968299,1.29596815848739,-1.02209781949472,-0.694464641095461,-0.766125809580677,-1.08596616574741,-2.09188390133464,0.665878427664428,-1.45245482799314,-1.16314114257193,-0.795499329775138,-1.2334905304179,-1.03630356667995,-1.17100313792482,-0.79608370499955,-2.14708988023402,0.475367708985867,-1.13352309724216,-1.3813979082146,1.52379876695496,0.56125730336006,1.18948228539153,0.865942441384313,-0.870802944145161,0.951482681464502,-0.455194114952966,-1.2205388084392,0.322979892751772,-0.0757346174448732,0.570832213409768,3.20963859437196,-0.22150055876634,-1.28522485295139,0.209630470917088,2.10045885638391,1.08857392039965,-0.302655646245175,-0.124471911291053,0.29992413807089,0.903164231426993,0.977361150776459,1.95742700276225,-0.0112139212564738,-0.337621077153443,-1.08802850835029,1.52223281237643,1.32776244042033,1.52710420681543,2.01349096265567,-1.21701342460775,-0.724412487849007,-0.612104285273488,-0.422827556176695,-1.31919251833033,0.417738893250983,0.650066858234097,-1.03925461240792,-1.40162482844246,-1.36902235807993,-0.815787970667466,-0.966761028314039,-1.50453543640315,-1.43238846634286,-1.46087382623726,-2.09029699665114,-0.2283634754784,0.269598925969339,0.347965466423418,-0.296565075620957,1.83920533225368,1.36813626675276,1.22593754859009,1.16249426727588,1.85695494796782,0.66532236994451,0.792434646383481,-0.398376959050296,1.66096194258153,1.72935815649365,1.27458172414347,2.33181846867251,2.1300309146343,2.08873604522912,0.0191117462395814,1.84943945100314,-1.89416949090721,0.515668080541889,1.17480725899878,1.58204405468956,1.28146163791284,1.14154886101166,0.0531449370008451,1.45877099724763,1.79031141129149,-1.91081332279114,2.32605712559219,0.0225034401978528,-1.19792918671651,-2.27995012208302,-2.1257553003748,-2.14992114083683,0.00825760983832228,-0.671751353613683,1.27330104209243,-0.0766338526672873,1.52893722885824,1.76081782305256,2.69261445870558,-0.412486577509032,-0.477587715454015,-0.403591762922455,-1.00253336825258,0.976677969039551,-2.10191559961771,1.23969891565893,0.447697925127725,0.685740166116477,0.813145338258375,0.362033413570512,-1.61711450075515,-1.24584836835681,-2.44021036295612,-1.13956623801849,-1.55635151111693,1.35110661680897,-0.0718961077095219,-1.13248684917685,-1.45816096803268,-0.350803731317075,-0.706525058423441,-2.05995754217913,-0.579958627270579,-0.0979883696375568,-1.71722542832459,-0.182412862044708,-1.89034811372816,0.570285993864992,-1.01855590608466,-1.77102515395078,-0.714066518873925,-1.28749873956565,-3.4791684217973,-1.41440638494199,0.467917251332003,1.15866298545335,1.11487570239997,0.673955472488929,1.13359921988747,1.14140859076707,0.904627112975506,-1.96157004217882,-1.93190912697352,0.53827222048587,0.964603023887773,-2.23149885203046,-1.70471937545458,-2.01579931778012,-1.97888450356796,-2.13231354533372,-2.51037466098296,-0.755576754308632,-0.173649437939425,-1.211050646984,-1.53574878877268,-0.631767241289767,-0.482237761421621,-1.70493787264757,-1.63031887509073,-1.62298476911645,-1.20252333726296,0.554064713781607,0.29968512498219,0.119433633891145,0.290741949136834,0.19637775474745,-0.921804539232192,0.192974926151148,-2.22251052376017,1.32868704824495,0.691359099392589,-1.33674168098677,0.400673342015904,0.972504328936971,0.557385136504859,0.703360649025111,0.382917345056476,0.617082109691282,-1.56541960482918,0.990870311684233,-0.110800764396101,0.417782474963058,-1.58112358728248,1.97411119718597,1.77624673892668,0.314931949560476,1.01996704701117,1.29633329043267,1.37194749130821,0.673491551285001,-1.42509344809722,0.725450626740951,0.987582137434606,0.800882897788106,0.747958825833312,0.291136226251957,0.171830744059413,0.122238858047471,0.583485146370367,-1.21229822588108,-0.647837610618039,0.562851593905795,1.38168817815163,1.21630885511245,1.47375419232947,1.55317121076505,-1.46769204791996,-0.767742429904098,-0.204208140338421,0.781365288093064,-1.31446339762604,-2.06539763960827,-0.373393263050997,-0.827451608980864,-2.02665400761949,-2.47511825505939,-1.68439043434242,0.131798081848041,-1.2405655176069,-0.603634473880588
1.21801340675464,0.521305815789693,0.360274247109692,-0.13920339589772,0.47844328317598,-0.421071429404992,-1.41630365716608,0.103942758643085,-0.171918963368575,-0.286745474017763,0.600567719120957,-0.0934404551415082,-0.504563378342049,-0.0931328061963211,-0.106476753856879,-0.340631621679233,0.21831029859886,-1.224991091952,0.0215690591780321,-0.0446608833218251,0.264417484626288,-0.700255870052892,-0.210531546723363,0.0342848234141693,0.251945355118196,-0.358677672738973,0.965575863123103,0.73134555969458,-0.170846429807724,0.392781412100535,-0.0415518920871849,-0.0997899525354826,-0.184085207022795,0.146884434600604,-0.468988468777285,-0.0651837271450109,1.10663501780963,-0.626114441858817,0.609304595093527,0.502050531345554,0.0366199005652977,0.254327260177493,-0.016249893540893,0.177634491504586,0.682914842681582,-0.293180275406242,-0.275214120433958,-0.944408023356449,0.464233974138299,0.0227250598361316,-0.000620228807497892,-0.865744593151495,-0.088994124708167,-0.218329657774019,1.09749000587325,0.354266155739324,-0.0513016480257661,0.685075766561774,0.27569709140394,0.103484773134573,0.695824895429318,0.00654128356774354,-0.0152713026971405,0.315950541878614,1.03838959503303,0.852069780158934,0.00926308025315266,0.319210531541332,0.751887129467679,1.13947441008877,1.02713911098492,-0.538775752393815,0.455061985030121,1.20219189398375,-0.770399585275567,0.0970082426332434,1.67712854590639,-0.468753249366736,0.765849110464719,0.76310508400839,-0.800085387873491,0.49713559586511,1.07243529866705,0.168763675456625,-0.707766048364707,0.793740275164263,0.268029436761586,0.509399910881096,-0.610746730889102,0.990467224646487,0.910493530662182,0.51324919576845,-0.403071665509559,-0.204733040146476,0.922866501893148,-0.0818300270721271,0.250810305194592,0.516156967457541,0.408146236103393,0.0676795462457898,0.478716348193303,0.265361502782955,0.307728950032355,0.428998839032933,0.278520904911499,0.240710375624886,-0.215379573607743,-0.816681265943255,0.383896331827321,-1.21192508386598,0.0639218997520393,0.0797728374309474,0.42163791151502,0.604967494276602,0.796128895883252,-0.343766275891826,-0.220773319316845,0.593064870801772,0.841311329015504,2.27074277066319,-0.278579984286481,0.871493224057921,-1.14466896059336,-0.372970280070125,-0.931121197797387,-0.327012104188503,0.0987100266937224,0.257443511952742,-0.291577466304444,-0.631383677434925,-0.33001743170768,-0.514156287018696,0.519389191329944,-0.44422935372297,-0.840541885176855,-1.09558328827595,-0.640292107406558,-0.25000543145273,-0.946821430986872,0.381012790948511,0.414867665951816,0.6796395896914,0.0920572930831405,0.141019145728983,0.0658207035354549,0.414262070531348,0.276874203897782,-0.152679128126393,0.152242887769363,-0.74955481986317,0.028589283943307,0.53621671608888,0.010883405197315,0.21913138337157,-0.239253153696991,-0.543807263952915,-0.773563215784211,0.796736786213997,0.356839590002076,1.4182632508929,-1.15277184467242,0.00765366848019576,-0.00388289864311411,0.0438507873987143,0.36555506407118,-0.282541092202724,0.361091158420256,1.0693360400844,-0.640141368727733,0.43775680293502,0.390719931817698,-0.157524143496475,0.193163890705133,-0.158410312680222,-0.63333144414602,-0.068642951398629,-1.5215002767585,-0.492371282225348,-0.214600788674809,0.288875015347071,-0.114874475150018,-0.152093341503131,-0.485313904851982,-0.313723174794038,0.535047413469419,-0.521257939989407,0.313324895086437,0.635612406842437,0.241656161320698,-0.909923016964702,0.485623160961213,-0.509195086793582,-0.451897887939088,-0.172323289555605,-0.460795610845494,-0.0564428229451563,0.0437941060460696,0.644169860172849,-0.579487499843639,0.782313561910908,0.47660415460612,-0.094622562044411,-0.127888289593002,-0.748276770085774,0.285001439127622,1.0093964073811,-0.249351442962992,-0.0980781306532536,1.00833434024532,0.0891429533962381,-1.41476194847656,0.711886124912693,-0.331024442615806,0.483652375942674,0.779669276142099,0.235495241831849,-0.0112947413164787,0.152417303378908,0.229906304566733,0.556735512808928,-0.289022552194817,-0.575233654666016,0.375659847027637,0.114964943523203,-0.53782377835412,-0.408146968216265,-1.18223454674472,1.11113426179417,-1.3880168416126,-0.198953469296849,-1.60302963213909,-0.165079627856455,-0.156730955767406,-0.325200157580047,-0.578629606155443,0.979911376415422,0.822580761999544,0.802186113729496,0.362025857184067,-0.703789379044135,-0.359440190183523,-0.413747080464887,-0.309280554506625,-0.681997964136156,-1.31493263631984,-0.365313305243509,-0.181306078341438,0.00765421537631029,0.408592521265028,0.28945843998935,-0.833992920808959,0.306733085196555,-0.069319895985814,-0.1849714099099,-0.54056453659723,-0.288023118251627,-1.99830942855578,-0.209424819455398,-0.175858163018611,-0.170469335978902,-0.111312136332505,-1.39024118737445,-0.525940752136094,0.389333531744126
-0.756166947872617,-1.19101364583361,0.265725486337227,-0.432420502656224,0.754428126830124,0.0452728340649766,-2.41439751426657,-0.424740239268145,-0.667949630630932,-0.101243139087994,-0.62726942632669,-0.676855280299251,0.16326239017154,0.326665296024518,-0.039001310703808,0.160279537427134,0.574962685942719,0.324984103560025,0.985180202552998,-0.164679095765935,0.307221924732381,0.721877290075219,0.915032739890764,-0.079843344909367,0.205777074811296,0.111785907411752,-1.42043877568496,-0.649784782643766,0.00813114483955983,0.0196466852243489,1.20325613144873,0.864466725954246,-0.162609208260933,0.692943152987375,0.829845599810633,-0.387670261673263,-1.02954737649785,1.03434897943696,-0.108539640311075,-0.069896313813817,-0.0359857828955768,-0.482107129721719,0.874927442515962,0.0594356267563064,0.643712339114287,0.298227662303439,-0.0644726721737458,-0.0383829332848166,0.623574249999099,0.630486827127244,0.76082836318098,-0.545924753588282,0.755049646603269,0.425451097039485,0.59191933108697,-0.323775240151704,-1.59093253728398,-0.556256758168126,0.0176891968799981,0.260885850317277,0.0726902502643122,0.139220739852943,-0.927979143146505,0.112459378855568,0.049287851900454,0.143988141003368,1.00684515014653,0.674169136231336,1.1840085878516,0.314822071078435,1.28981047064239,0.106020834306893,-0.649483888725402,1.05640563151098,-0.371030423642268,1.21443451514835,1.10315728699619,-0.451322407649106,0.257276410889651,1.25781181325718,0.113281388970184,0.0172692737883361,0.198820099855888,-0.720816202521594,-0.798267096794394,0.403169974695864,1.31505854104942,1.32194013981249,0.992733816246523,2.09569628920739,1.21387002293753,0.600353831004259,0.984781861362888,0.306872869916256,1.45328092675643,0.0513689930972074,0.983199637677709,0.487422311690362,0.462945573478356,0.305312149878964,0.43147821281203,-0.316653651119862,0.094396187101632,0.25979300965902,-0.543469333803332,-0.292383164788189,-1.0906973308426,-1.57002889847938,0.413584063837967,-1.27536669960175,-1.62769188688106,-0.206001660034445,-0.617434746011988,0.397494143535803,-0.823930997902774,-0.431406567719351,-0.322386468692714,0.227444033619084,-0.664768414636634,1.71649320166692,0.629076951732613,-0.673869260970832,-0.878571082081172,-0.928765731844672,-1.27226888609079,-0.716563988664912,-0.29775702438249,-0.0500022899940806,-0.163109141363999,-0.424289551935983,-0.187939831988509,-0.430041415431065,1.06371681307979,0.0692962971228249,-0.733956749820987,-1.06121673130132,-0.807743403863954,-0.208720640029732,-0.507759806577432,-1.09167123506607,-0.949000808177299,-0.614010337969344,-0.0553871370922678,2.10394274851532,0.652678752068711,0.574929503080653,1.45620749568787,1.14999144651381,0.46539380190053,0.545463229592428,0.926855848385717,1.5440086626361,-1.11189417330518,-0.523818094263794,0.447058094869192,0.730661625415638,0.152450262493765,-0.00638968872219429,-0.088098077986557,1.60929245021762,0.0621803784913563,0.624075565190526,0.736339299648202,0.497390189052872,0.505305791229485,-0.516623910598285,0.842598502946335,0.00141923203055088,-0.228588933120259,0.924536386572463,0.538148504248663,0.534637838080409,-0.15978783735926,0.079253905143499,0.123872780820061,-0.299571898713326,-1.36881734638766,-0.237505074866609,0.000983221275950735,-0.32177262726204,-0.530296528793319,0.20418693289673,-0.354740428812325,-0.797107944047964,0.549960464666049,0.40051784216237,0.576047691779481,0.43397124283998,0.023099923944406,-0.681971892272614,-0.391729347733836,-0.291823662376279,0.562058123930782,0.480596935507805,-0.261922631316519,2.90406261516743,-0.132397010870508,-0.000350594816225313,0.145128163392682,-0.353036364435351,0.981935313297667,0.40126355027963,-0.228261462556223,-0.95297142438566,0.551706476108626,0.541095772411942,0.507339228387944,-0.422378312331398,0.246661391761036,-1.12697241458167,-1.28166229955436,0.517619179955223,0.186445909539424,0.101269678111134,0.191191627512748,0.216290027238296,0.876803038643472,-0.176021403504007,-0.6033354571438,0.462936542334178,1.10529822910933,-1.35069586785857,0.258006125566367,0.379699891207178,-0.595720035624482,-0.935719354595607,-1.66300370900259,-0.712158580469693,-1.78106370822984,-1.55466580319503,-0.983639182496273,-1.30932001231057,-1.11406030646597,0.434152945421847,-0.545707272936207,-0.0539782611679476,0.0412741452433163,0.266311992419538,-0.723001724730036,-0.210276480592766,-0.36044439978951,-1.33991669001903,-1.38111991595136,-0.61153446203778,-1.65396631003613,-1.44532087705589,0.287580945537722,0.275099584209524,-0.0602210321132594,-0.0401558299955578,0.338641512146176,0.140806741515889,0.0457262392014127,-0.729063474095499,0.211545596440606,-0.236481427474878,0.630888588822346,0.918426330471631,-0.308630398977333,-0.65410009519406,0.216542046424786,0.431079307975912,0.746327855682653,0.163344614273593
0.810781779275074,1.60174965142455,-0.619308592427818,-0.43085678792599,-0.389574878233248,1.16499209960255,-2.34626599522131,-0.501852054529313,-0.0934223600495816,0.115874819643881,0.13504640662974,-0.200607158668329,-1.77403735760554,-1.07549738895281,-0.20481680428146,-0.0205298642963572,-1.06501146623919,-1.63302783847161,-0.951805535703634,-0.92636640204843,-1.2148734702496,-1.08756012056372,-1.35561757432591,-0.700951259263548,-1.12264709154335,0.467033539089243,-0.190111466822659,-0.559536806790669,-0.407358277268068,-1.07077785592708,-1.30960203989662,-1.46802680851915,-0.41142204403119,-1.68133342567293,-1.01738660799253,-0.326876010201761,-0.233416878580039,-0.307348824491438,-0.877711893922635,-0.257060349708161,0.739074476451117,0.476266973639557,0.369987679670547,0.77558803070913,-0.727306746594834,0.919963054502247,0.358613338281864,-0.100530657926724,-1.42493321487917,-1.38908055181145,0.657003167112549,-1.50572679100915,-1.74814412310114,0.303793195265051,-1.16761889556668,-1.47637172800244,-1.01897204188164,-1.24536872160266,2.03242838362565,-0.911192216939308,2.08691904603062,1.61866514937877,0.733799469635687,0.0567522221774363,-0.372664530849863,-0.51661645848499,1.3855107391478,-0.0640647770231083,-0.509104848605834,-1.47757164442706,0.481350838524353,-0.67156398954475,0.281584489893771,1.98505769613842,-0.565300851725554,-0.08813812178256,0.538727062048998,-0.305419306978427,1.39802627711859,1.65735326521303,-0.40902469190927,0.492156958400696,-0.205234616772105,-0.968697737174903,-0.0648156777673413,1.18775943433324,1.35858177294692,1.35117378666926,0.336610597950763,1.4555107995997,0.0899722184061034,0.860488143817822,1.2451233360827,-0.0444801533812608,1.57803418281416,-0.0946401854636221,1.51234663442276,1.41782112486608,1.31639100351598,1.27694870640069,1.85166647415023,2.03908273920111,1.46484022825043,1.4485328431414,-1.04373436931972,-0.428770351976777,-2.13839795964156,-2.05212573037448,-1.0934226017176,-1.82377220546453,-1.98295038154105,1.45398806642648,-0.72856913704749,-0.438391986655106,-0.268267123447001,0.00104654126034854,-0.940722073101585,-1.23839782088158,-0.531841143538493,1.64206765793751,0.141367563942472,0.197840981289963,-0.690164393276344,-0.589558032772125,-0.0985710008330293,-0.651833778725382,0.953153490707465,0.210360982630824,-0.553487038584087,0.312099413515075,-0.183240579054493,0.844048100341181,1.82173630700459,0.416088355257966,0.286537721329364,-1.10830923143451,-0.095242556118166,-0.856406949104927,-0.709677049229961,0.618767809987916,0.988044035105461,1.18210615685561,0.486472573485048,1.39073702639187,0.989366581055025,0.94001926481947,0.442693889218605,0.980275167022953,0.649394468316327,0.34930669711914,-1.05415401107482,0.714602668543358,1.57983473100016,1.34587357216153,-0.119992342847417,-0.318283101248657,1.32593486594051,0.0629151938103267,1.13303773371724,0.632121465649057,0.479434312820148,0.343782690170382,0.924636142882774,-0.692377883722441,0.429593070655547,0.0836722600889394,1.30124566983635,-0.335772486571481,1.11727183727115,1.03097537104258,1.13596366085815,0.284556498971725,1.77391387972289,0.524774386041319,1.98128291134171,-0.147187206913529,-1.04424636354035,-0.387206942185998,0.336771595800641,-1.10842449360966,-0.96724530952596,-0.500420693333294,0.448818846145882,1.27157051216406,1.24272747313661,1.38286594444646,0.406149776337748,-0.892309798837244,-0.245131023308306,-0.4843783390251,0.442504983300582,0.25750545991294,0.744962801046989,0.982216468594263,0.707335082706042,2.37781598347885,-0.62632773061796,-0.749717294119148,0.435913928673366,-0.721228604577473,0.74272474431974,1.33713134551572,-0.426314688158772,-0.28039226560565,0.675365375855993,1.97868377046758,-1.55035422904786,-1.06110860293895,-0.885061173073912,-0.496374520791687,-0.293634051020856,0.284732535735361,1.04813878613489,-0.652770284695212,1.13126821601225,1.84727964366821,1.44194181612856,-0.602318674882656,0.641854853455295,-0.322190109747761,0.200737173398552,0.0425109929798953,1.06487751518272,1.17617808197439,0.885279387251964,0.403297348620184,-2.12357634765792,0.491514796723369,-0.0560346230298181,-1.53888343786042,-0.272305331917375,-1.76322621133837,0.593730096050165,0.341302933504325,0.772295608603626,0.352205861159219,0.0226757761673279,1.21697812119049,-0.276545842719295,-0.200294920483807,-0.605697560347299,-1.41904298245627,-0.217343565371398,-0.836097187153585,0.464968956548236,0.150434503002185,-0.493551278422254,-0.583455759206683,-0.54901947541363,-0.76607446105023,-1.55219010373157,0.308978346456553,-0.894862963209736,-0.148858827982214,-0.059728332589621,0.208267874461582,0.0904042554073115,-1.12735202463282,0.248704774868093,0.543717960999454,-0.0899022825354708,-1.18483223042482,-1.35379114519994,0.261619226649064
0.0519420942931645,-1.35727071061269,0.940210853993647,0.0146440976317359,0.736311277007219,1.35753904572468,-1.21676738382482,0.113626556627181,0.481461701950381,0.926524383899843,-0.0864626012691351,-0.140847634246389,-0.58648962782645,1.81843050260835,-0.424100226634217,-0.372133970605568,0.987153207475301,-1.14329846245068,0.123289349269919,-0.0369806920017796,0.0150056912838087,-0.153200876636989,-0.252813709014975,0.452526629158949,0.62168370445041,-0.764922153632453,-0.23002222103776,0.979251261052172,0.00280016696875837,-0.182832287811574,0.199074124205276,0.543200869952882,-0.203039762945767,0.424355801520525,-0.209870415982517,0.201129508686103,-0.604818473928557,-0.783183735059203,1.3672804135347,0.451943742533456,-0.481676568408524,0.266041246015366,0.140177118959843,-0.0785899027638202,0.760728348808076,0.637900384693025,-0.227058145851367,-0.294316629000663,0.404274729098386,-0.797668359601527,0.250806203887056,-1.78163400994629,0.303011624419015,-0.142349696132705,-1.14453916768782,-1.46212807686013,-2.48279918763301,-1.73818460291843,-1.03891866405543,-1.36641963720356,-0.838516892373148,0.75721915043192,-2.35771268935588,2.70323279344429,0.964498515218105,-1.7281781142568,3.12707410183058,2.24688358764826,2.9852321473565,-1.38800349762395,-0.519497354341268,2.43866373739716,-0.982926384769615,1.18141248036641,-0.298083858568743,0.906713801909743,0.720619208610406,-0.133523885039448,-0.267223780494826,0.117562337185616,0.442272590141992,0.744919150517752,0.705950404858941,-0.16396202530638,-0.105632038973891,0.385832309273981,1.54331329186462,1.54097529265433,1.0286764624019,3.23261170017925,3.11172411001414,1.20750432816602,1.32679351811654,0.364900395323169,1.78402762868664,0.0235218681983706,-0.249513702864179,-0.267729304887916,-0.222255381157087,-0.214535837673468,-1.03549668094391,-1.28040247359448,-0.992948878656763,-0.793788374813988,-0.301309678802176,-0.370894618542317,-1.49145509161674,-0.642329574888267,-0.189521393195468,0.174753083284539,-0.557156754895059,-0.790277674453933,-1.39515999959316,-0.234154358811522,-1.23769556955877,0.783786907490288,-0.165263845063608,-0.333150847807459,-0.67208061309911,-0.694626642426384,-0.66527898297699,-1.34105605732211,0.60171621117193,-1.44057140643798,-0.896640441967658,0.18632161240361,-0.577519237371989,1.11595944219735,0.734330282152082,-0.374726555200246,-1.92357021235613,0.970289260289954,1.48566011843749,-0.0396153994424368,-0.331195400651657,0.113747476503973,-0.990364004206508,-0.677735749467997,0.493739606824413,-1.82513158564905,-1.68418220796521,-0.436805388231141,-1.02036854625018,1.11973194736067,0.631369574740655,1.08260748533041,0.335595705559791,0.189794716352659,0.114817000107524,-1.71325789161911,0.123484814747153,0.663980873950749,-1.49384975992292,-1.06599012410751,0.350941522174434,-0.17391867546329,-0.537669859795718,1.81254548112736,-0.169664343510051,0.534536859421972,-2.35180859466158,0.24346806308921,0.542316287717257,1.41520492502065,-0.390545900182561,-0.654586622491757,1.17652416068474,1.11777926081198,0.435508020032756,-0.808175341581116,0.8501774180761,0.071192350934347,0.148062892057835,0.446822767907647,-1.95888855392401,-0.181825807871379,-0.75429077880883,-0.595822010709013,-0.119722159081409,0.363589155091697,0.516905463289184,0.539164819715006,-0.651102420101253,0.220354690305339,0.212431274078297,-1.00450957886393,0.496380746305835,-1.56397169416404,-0.264960004353365,-0.731301259730448,-0.396134909463696,-0.534471896364211,-0.636700071784473,-0.355069069023135,-0.217145395514115,0.676569816422328,-0.430723535914036,-1.19317480574271,-0.33588145360361,-0.688769355135972,0.622105418428841,-0.354396721319604,0.0941733825264761,-0.641721251070559,-0.905714131827222,-0.685408829375421,-1.50540257739618,-1.8594946409161,-0.508218744534453,-0.321582214020198,-0.167061967679049,-0.285595942445417,-0.812172083358986,-1.28577376867567,-1.84243107483777,-1.12126097795887,-1.69839122476048,-0.261873055364077,-1.00115805565729,-1.38553724924349,3.19594282573123,-1.53638103011692,0.114980374624069,-1.15163333030269,-1.57887814579055,-1.22324835926209,-0.814970301159008,-1.42929763894323,-1.59277168992512,-0.436404651356913,-1.40235012656417,-0.0371290989569855,-0.660781903809555,-0.639824884812204,0.967538451991414,0.842186839053541,1.18339660514069,-1.22279287648616,-0.599767055674753,1.49225486581037,-0.499585675271337,-2.8218409451145,-0.803756429605393,-0.0675180657525284,1.19032966489698,-1.36012248728027,0.845732036969159,0.299428099989259,1.29824778062858,0.547570071360728,-0.913664232169464,0.836538288993369,1.04955416285643,0.309081957203226,-0.416438128382195,-0.23263092615881,-0.563684356037266,-0.101454258183844,-0.569741109138129,-0.3751737384184,-0.47719766516096,-0.827449507205299,-0.627442029563317,0.179568335656546
0.190156746365487,-0.853614530081667,-0.556537110360302,-0.874448490366424,-0.552317329260763,0.280965196182711,-1.22612916733597,0.0450047459190438,-0.89050925557475,-0.822646202356098,-0.981801334816213,-0.167945873493156,0.493001077778732,-0.779887094990978,-0.0448909576829736,-0.650859466703989,0.0594390161489166,0.598831003681498,0.202777873831786,0.584267337504926,0.398296285153748,0.407309572828819,-0.0920393639590726,0.292987182211272,0.496018260920575,0.415116799421572,-0.856802074167057,0.802664750333935,0.552707703025857,-0.142658139251113,-0.091820146704661,0.455691870069072,0.455100419604626,0.303320659101424,0.369101783661321,0.667945151249654,-0.994582099122219,-0.567149449517417,-0.359762307532329,0.114495204082942,0.256482182989959,0.414491372795287,1.37175844859152,0.831544298706812,0.827443599887164,0.100686973868167,0.1690071749059,0.33821041948774,0.74662786289179,0.330000753693096,-1.10989235625813,-1.27499686503083,0.878533221386197,-0.0740185668797275,0.838665150841536,-1.15807435473114,-0.748217898559588,-0.647579417130497,-0.851739875397946,-1.00535916226707,-0.610078385139515,0.413336631059118,0.0163817534220939,1.33320592051745,0.758228466562967,-0.306881363354174,0.264789456358468,0.670970856839305,0.910409947081336,0.960873665918028,0.36474758305636,0.764629740274591,-0.080840507029236,1.43226209375455,-0.311948210215049,-0.0968590330430516,-0.653869501584301,-0.65942243965544,0.606648207110651,0.37457311547342,-0.0114138648812072,-0.283731336434091,0.552596947385585,-0.931064841400721,0.985198810282732,0.760591934664691,1.59649780855874,0.345014478011307,0.589359856639391,1.05226741569008,-0.0694896715068024,0.41753193177379,0.81356128097249,0.692479857266284,1.24627794169608,0.231708460326534,-0.0862666620240637,0.019919406615643,0.320616626007865,0.375237276319439,-0.952735000493789,-0.611716983242078,-0.463496783650485,0.0938243583134823,-0.258581334009331,-0.129035624858565,1.28314493669398,0.665730975418391,0.143853310893669,0.0542147528095651,0.0405606748669419,-0.369247117940721,-1.33454519479346,0.0509620024002074,-1.13117550001045,-0.681530254387838,-0.22363386845611,-0.224887639833147,-0.395033142643946,-0.159878376451321,0.0332696173566356,-1.66489941350875,-0.499760445009108,-0.310181699585461,-0.277542533742167,0.0462970054453253,0.891291958600439,-0.454427082534516,-0.227551950784042,0.577030670670145,0.125010723382256,0.531717288142632,0.174493056857803,0.795741178653236,0.658193865971359,0.855447615353112,1.22888857589077,-0.306478204160221,-0.375397948315989,-1.07108057545368,-1.62691281129358,-0.986564346256873,-0.689852090059524,-0.0422641376030792,0.64959319204593,-0.229440116943131,0.0255575140572479,0.658139917770461,0.0254330984080414,0.292961842021993,1.47320645253935,0.831726361716785,-0.62249212443255,-0.36822323243444,0.261597189500588,0.355407323114063,-0.420967930257974,1.0039470343026,0.375461380146618,0.528980621231645,0.600506236646515,-0.177891678666918,0.53472620252455,0.547071111563427,1.43304689527374,0.315743474977511,0.116597591222251,0.950671813803566,-0.00652307403665734,0.125069002401714,1.20167347129199,1.27516610023087,0.212356983871556,0.619312737121129,-0.624920667201346,0.503435525480364,0.0421166895505152,0.374425156591967,-1.14890304453446,-0.381135902270474,-0.959209835514497,-0.684877265078892,0.157761410168716,0.435884939835451,0.286290946879329,0.134926213286716,0.608759248493916,-0.0049698005829071,-0.891458162098436,0.169794746616617,0.354546869601389,0.429958069217029,0.299915306231408,0.128762272628206,0.182021989097358,-0.247265037329355,0.578306582499886,0.735886927827197,0.72241587758582,-0.309937064090508,1.0224607295578,-0.450354479814727,0.614041262986197,0.0638809253489921,0.384216111599081,-0.744148462641763,-0.441660628392775,0.240190842522379,-0.71084220141975,-0.633058401438673,0.736072371317585,-0.68687735117115,-0.672946668644021,-0.359448356411186,-1.64357561936619,-0.522947884063321,-0.177291236343498,-0.287557677879611,-1.36336331242405,0.309535203170234,0.451726160849072,-0.482813877210359,0.817747106261884,0.316686228631395,0.126233199666645,-0.890376148338591,1.35089166926108,-1.12762702671147,0.834459820275961,0.192001407897882,-1.0252133781727,0.620319067855145,-0.572282376163474,0.866756266706431,1.05295622726237,0.22201476741631,0.799415777268412,-0.51036600459427,-0.803220301217335,0.926970361967201,-0.363563752814023,-0.554933111881459,0.321957876887805,1.28066776708663,1.41624421744973,-0.239806475973205,-0.67328013580459,-0.459464589914602,-0.793347849346606,-0.917064523046847,-0.153298737081746,0.776850849120071,0.419447783186983,-0.479651268961739,0.348724596644104,0.258509289940904,1.35266943606094,0.393066530038072,0.134542829518178,0.290150905768513,0.460598971253289,0.329256817753804,0.349917328626652,0.604254183413356
0.261101689246404,-0.871498928454721,-1.33117936433383,-1.11832519013699,-1.02709199346652,0.629064474155798,-0.101970193521798,0.313106166831588,-1.05951221205226,-1.16312054642593,-1.4437625092645,0.156525558807165,-0.041471964788303,-1.08828956702213,0.475351985488034,0.360483665227841,0.807022445427448,0.962382809780971,-0.787326571494917,1.16771765214189,0.205480090927206,-0.402743259796504,-0.0332541062574891,0.157534704914209,-0.0245547058872792,-0.190534393067415,-0.562825817224838,0.00197573613784544,0.711377201524556,0.591598824316471,0.0433035407429869,-0.566535632783102,0.0935580963126128,0.378928303171376,-0.0573277340088006,0.492980840587799,-0.388698897039867,0.333254790931924,0.462263070674606,1.13215550839155,0.336552729272313,0.868710638965188,1.18641596543082,0.0675996565686333,1.34841108056189,-0.47532804120963,0.603076333871732,-0.679919990125499,0.271988221726863,0.308191851611696,-0.219597522832998,-0.182112135714262,0.380905104994673,0.487925492366568,0.401204328289366,-0.793562975098384,0.815153058805855,-0.819456976522454,-0.535998982933152,-0.335793510294841,-0.0424567068807579,-0.826478511090059,-0.101406488139446,0.320265633099778,0.0856800698299633,0.269370131518463,-1.11409232128641,-0.347310351090354,0.875882052767363,0.968374456861674,0.954373489501226,-0.890791531183407,1.23525643659487,2.26650676064562,-1.18982991959105,-0.392119941390634,-0.432313159419248,-0.872708047208823,1.21438147263448,1.30028631732206,-0.35682336464859,0.479899878301556,-0.379568262373593,-0.915563510252061,1.37819441792039,1.98371767957238,2.04090451390472,0.432769401961231,1.34615351497046,-0.269868163277422,0.358849616621079,0.0959230791159323,1.14947620041081,0.945193617628873,0.416758713757926,0.591602333148767,0.231556973690853,0.319349069014584,0.835323965154481,0.555996270725662,-1.24799090782357,-1.48222335883516,-0.270955440973771,0.395153259269294,-0.0188476121163433,0.196082648308963,-0.875347708107497,-0.640703457928718,-0.835667390901574,-1.05152843329485,-0.698103063463694,-1.21585713778236,0.327059423914086,-0.0542173293096217,0.0826314238104669,-0.834749601465097,0.100413908698133,0.438862860417262,0.3400760936536,-0.194010956913417,1.27629201993346,-0.0319452431076025,-0.277797704307744,-0.0485495974549249,0.710154878080315,0.0978082625552159,0.826500785998414,0.0856641173538957,-0.739970892777236,-0.021158615678925,1.4990705277785,0.501915772100318,-0.213139317910135,1.51987308336153,0.817944799844506,0.796045261559409,0.0534889720747639,1.56548101932568,-0.0865048832719563,0.713714716220035,-0.687441287090599,-0.344522823595424,-0.299726907360623,-1.28512499927916,-0.796718592458984,-1.24579004997758,-0.267210534340884,-0.659516780483646,0.384408931097599,1.72005790344674,0.550047732697576,-0.540990817898646,-0.652120401450051,-0.619070216775771,0.606599279115352,0.95675427354403,1.42822439969791,0.34095871553692,1.41394254649359,-0.0712798821816928,1.18913204434755,0.521891254506953,1.00031156003247,0.27170712612651,1.02393844512513,1.25383263294391,0.215174623549986,1.12481605204969,-0.129754228850751,-0.856286001679769,0.671283969108695,0.79680778945966,0.541129996129894,0.716228677122063,-1.01882781145116,0.244082330971946,0.782253806824471,1.28624471425249,-0.799131568870015,-1.23511660751232,-1.69920081554512,-1.06974627191413,0.266583264413785,0.250580607144325,0.184327784216044,-0.0647205366627634,0.254838219477965,0.462135792882423,0.528271362215733,0.171428186267553,0.952158759537861,1.04137460361241,1.20307301559237,1.41727271617937,1.54318778646152,-1.097337380024,1.04968884996921,0.296980589375872,0.862345403618123,0.981774002823055,0.748030238154595,-1.24583978958334,0.909121209504197,-0.0366970705937246,0.142540442876648,-0.290506457451152,2.0225999330096,-0.126756573692726,0.402103265965826,0.844762719483434,1.5822760608019,1.03192666300647,-0.404532246104178,0.524363529122334,-0.329592121793019,-0.746359696346916,0.525754377002293,0.531387575502659,0.237474278090772,0.678577065541763,-0.95810471005786,0.344592164615416,2.12572408628954,1.05332427141554,0.70909298365002,0.857491227769804,1.30105040281819,-1.03727424482977,1.26539833733958,0.952308957546147,0.433599339062584,1.45151368844509,-0.884791465254021,0.328597889892062,-1.19365723610459,-0.931192933490337,-0.124064586912525,0.569917304702177,-0.366208776857585,0.082617143411073,0.707341476268104,-0.751509781910929,0.496943872593639,1.25659801358552,1.37993605661701,-0.213570426218078,-0.685513172230871,-1.13008118144619,-0.939778176826619,-1.32438253419482,-0.459415785261662,-0.869975834776901,-0.0723106947164804,-0.37010878149889,0.447944932157587,-0.012649377505373,0.682268597481256,-0.316884208212929,0.65498062337814,1.60657177984602,0.340394068711261,0.545287405348865,0.275419860748812,0.356100807539941
0.757862254415587,-0.16709277649374,0.723478254406737,0.621605101991264,-0.723052933238284,0.341009415128361,0.85579023365144,0.523181179454614,1.49553789336059,1.19066962978365,1.46375227403924,0.222632042725119,0.364362109726842,0.0138177939445981,-1.01100939933216,-1.55278791643491,-0.355842986207495,0.328139705666453,0.499815556669109,-1.1018201914772,-0.0570478590289011,0.713285021534779,-0.114330258340731,-0.489837246876823,-0.193050105745655,-1.52416222743003,0.289344356822032,-0.894593386597217,-0.0988789677847264,-0.0647064846446128,0.276986744836547,0.350785608963887,-1.50772004092675,-0.382068791291601,-0.159809842214439,-0.490892076185767,-0.647281508110298,0.126253099936079,0.577731059244314,0.0217733068264819,-1.53191939509016,-1.88817310782561,1.0072201488386,-1.99431985614812,-1.18037917195056,-0.430692150962363,-1.08686406201384,-1.44186959638655,-1.16621587376731,-0.405395795161604,-1.45289924420831,0.842707219621371,-0.658174818432257,-1.40575247849027,-0.0394468288531516,0.303964490524975,0.703259596517683,-0.269309064275654,-0.612729522348955,0.0302531021088417,0.222848712113418,-1.55213574986648,0.080662449335207,0.427242167288931,0.0351513885007711,1.25646225428629,0.323902380955611,-0.65943250372238,-0.195422091177066,0.656521789372085,-0.41608349514953,-0.917061389311901,0.380170436486923,0.475147116440153,-0.359981564012431,-0.106158277526452,-0.382170569874562,-0.499175624921049,0.226533900353164,-0.282047350727797,-0.259326183822128,-0.378654066395986,1.5529072430352,0.74708988591226,1.18202319112869,0.362590201307041,1.03958946159304,-0.868629590517047,0.355581813134106,0.835735943049177,0.488826170223538,-0.336020719524728,-0.716498698986788,-0.999330307593187,0.159693932416623,-0.0429722082605324,-1.15129469514829,-1.23216040262199,-1.21950541217208,-1.42171099998135,-0.0616015731884968,0.23735708193663,-0.265474716866211,-0.00514928965541853,1.3529176434963,1.39023825793143,0.882351105801032,1.83486782740693,1.19234820389504,2.54947462012818,0.756177596712303,-0.103916860119416,1.03467718670083,0.605698945011811,0.328917532359344,1.08217163673662,0.296077928993992,0.362281365391157,1.48077314282581,0.136414012655667,-0.733698654615813,0.762538677407587,0.828838855069938,0.0272225629466878,1.42231575564023,0.10748035608285,1.18287497386065,0.317696103006923,-0.315407482781105,-1.12056808897825,0.392912506580445,-1.55082889221827,-1.79964201629046,0.885490499779239,0.173342424722371,0.775435184591066,-0.170520138966314,0.155057777100263,0.922998557993757,1.10688755210202,0.643390254281641,0.631404532105344,0.0641881820462346,0.1851350936235,0.146969945795278,0.19543098814382,0.119833190479599,0.246505783538485,-0.869560620550491,0.232812091191827,-0.56551802793969,0.0445352839198322,-0.0800417597684965,-0.329552384182636,-0.324458550504049,-0.268858961912073,0.400033574448885,0.64659969618115,-0.659003693480768,0.338766021029719,-0.250307964685057,-0.488493417373878,-0.636974913720521,-1.32541385703512,0.032003223072998,0.797193341425173,-0.507353727655874,0.712753616891234,-1.3285907490468,0.334492081837174,-0.132136139845301,0.158223474725397,-0.990788614425332,-0.884308816355169,-0.260660887694851,-0.332729709968704,-0.56183874844784,-0.273040955023194,0.561987796529946,0.695256595624015,0.344757542948955,-0.12593796879725,0.403768086520735,1.62303410241275,1.69484290344515,-1.38010031713209,-2.20623597473969,0.825306884244139,0.438515102984206,-0.284489307666427,-0.642659578713706,-0.390217761229719,-0.896948901869533,-0.665429859429926,-0.718591855918416,-1.191045886042,0.432787892040067,-0.963826447957349,-1.16031455818159,0.141579754566734,0.102821592996033,-1.65208799310537,-0.414301826412148,-0.249990606023597,-1.44719519348175,0.271971731538625,-0.135334442400872,-0.212675275774028,0.0220956040477245,-0.321153381994259,0.289969794346582,0.979332871839462,-1.59802168311337,0.988625171868116,1.28658360216654,-0.635296524023417,0.802270503210038,1.24321837715826,0.943116535046141,0.112537778006427,-1.61439834067926,0.0371596198614729,0.739753194799997,0.68046282478341,1.55718695601509,-0.0995960512423198,1.59019297840933,-0.437315318026467,-0.153462006962243,1.08541398236145,0.016522908635133,1.00493748588339,0.058403834644915,0.671278682727795,-1.90814577437646,-1.07080539901376,-0.365077696211251,0.299827886746799,0.316381697853904,1.05044998200831,0.734844539926261,-0.229480227620137,0.1774014938295,0.415999144627274,1.0715166501951,-0.297813065109065,0.314601531762793,-0.25127919130157,0.494400722696771,0.112189534667599,0.610271776311761,-0.910395613918989,-0.63897612630049,1.54982760282598,-0.936049186600293,-0.841097267812983,-0.13225858452059,0.0962246256685081,-1.50712507759298,0.304357381083317,-1.21122724707018,-0.299402013118727,0.199273076465983,-1.75359995265073
-0.251027122706847,-0.751228612425393,-0.849060799695658,-0.341649725098774,-0.833072795984644,0.332635298551154,1.13443118002711,-0.910348509877569,0.753323111865807,-0.553109899223851,0.127273510744062,-0.636924515106893,0.820622495428942,0.564254515231612,0.212660978972308,0.294560706130721,-0.967966498420957,-0.67087453292069,-0.0436540757588982,-0.724309284034505,-0.617524430927084,-0.470820309791261,-0.48028370147055,-0.411266949594282,-0.0190308584867565,-0.125870574119936,-0.330318392931279,0.22644224442924,-0.971343024944671,0.160053468359414,-0.0935584955910008,-0.0822633512297173,-0.787508543436744,-0.10082418432342,0.00360740430791591,-1.00311224102291,-0.641307845240907,-0.814006616733313,-0.0015710979442172,-0.525029798305606,-0.271858651792421,-0.149375443942613,0.490494211290767,0.173042151162449,0.239409594595379,1.10997704181104,-1.2299125591644,0.0649569789197939,-0.140281249602704,0.164992423000354,-0.317011313819783,0.666172348808296,-0.157137394546315,-0.853767198854864,-0.262703946036557,1.19967480403468,0.132424577335079,0.58908318053109,-0.704718755928098,-0.136153186944533,0.666634871051847,0.156046291219963,-0.826284845280213,-0.537245359850161,-0.550700598068173,-0.583203013160523,0.982402932681436,0.390127049652268,0.765988778849055,-1.22658743784854,1.25159880240296,0.813884923934979,-0.966398287007402,-0.90492163778211,-1.13499364473122,-0.517804247523567,1.36577589094106,-1.30501792469882,-0.559087654419205,0.384479076444923,-1.12385794251057,-1.37754964759241,0.967295350576108,-0.250408360952138,0.0611172200175608,-0.785701500570561,-0.666144968838831,0.697618711420136,0.845335432241143,2.27468604447749,1.85506643041,0.838926016775764,0.452743960950844,-0.283616618366924,1.349661497051,-0.798525131434271,-0.184701422487277,-0.993348336470389,-0.444256141623212,-0.363045539403542,-0.769914532086697,-0.0693458327077243,-0.428259810815736,0.0653481644714622,0.675690899930148,0.83860897947718,1.26801705185694,1.13348436694278,1.45414764065659,1.89472569198975,0.697152406879734,-0.168241243366448,0.101832965583595,0.157807717479254,0.211426155740862,-0.632504687461084,-0.384654211151327,0.347833274264766,1.96117815122403,-0.127597485791221,-0.049770475399151,0.0200620885092014,-0.883649647125522,-1.40823104868876,0.763202211826912,-1.30673458806488,0.0637319232943105,-1.03375383294312,-0.830700346041444,0.757610285148382,-1.53745496185165,-0.878259287476327,0.997649711480817,0.169257657881823,0.368148369234032,1.33816448746122,0.567763571202432,-0.935348385423003,-0.466774503632563,0.47252143810149,-0.974256894419056,-0.595680278805401,0.463099268490762,0.0383117175311609,0.956344988962212,0.207859223398268,-0.0198279699908338,1.07486364454895,-0.659966648472456,0.909472982970227,0.5855324015629,0.355535643303346,-0.550685938871257,-1.26424192484561,-0.34416207558413,-0.869660684394596,0.647469815311426,1.16805975922774,-0.471093870411299,0.744944531883089,-0.217360237706839,-0.711814482518725,0.488342510235399,-0.426205408902862,1.55237768047277,0.0461146887720708,0.183762989027637,0.552636385970317,-0.808898708938014,0.0436214698831676,-0.811743805623262,0.381870646522591,-0.120727804446345,-0.0476971587419384,-0.196744504962639,-0.8986474002499,-0.160320338043813,0.120504592808529,0.482488572436437,0.0175629234821882,-0.804596095086408,-0.581582735221958,-0.472838983058922,0.432112269067963,0.0624522163127946,0.1323359862366,-1.17802719211936,0.256481022775112,0.364663471180724,0.176882963354646,-0.266971067834943,0.121388523335131,-0.115445513172932,-0.0260001469429227,-0.495557877768156,-1.08137095244488,0.991569750930916,-0.0220463531220709,-0.0227283983833034,1.46264370550477,-0.655029110749027,-0.331224369828784,0.159775637678896,-0.268119942359714,-0.107056438049379,-0.428021808369238,1.20962969052741,-0.0419708807599589,1.08415142321022,0.794752958144986,1.58372533794935,-0.253366637118336,-0.665523619780708,0.550742297234988,0.209620309197432,-0.854168579739072,-1.35726808055992,1.09153325846554,0.962125994103901,0.150563156459816,0.868867752767196,-0.943365593317733,0.634662626285283,-1.9309814709543,-0.464399124065565,-0.612366084719165,1.8122924285667,-0.661796450790232,-0.201986013157623,-0.0195917973284504,0.0923567909450384,0.529293498193324,-0.132275420821857,1.30598678745959,0.912689566786415,-0.439856059253502,-1.23953091643432,1.15624192608701,-0.00370980279064713,1.32727489577231,1.48806509534856,0.527882824859999,-0.191821895549538,0.0235357202024537,0.0684497098510329,0.286624014384067,-0.396754791994833,-0.71915375940552,0.143606492179036,-0.846375951737056,-0.0412905837273251,-0.29117452688588,-0.487932695931278,-0.0377913306971457,-0.655214621593323,-0.250174283866066,1.02336773783788,-0.333501532091518,-0.487608852713068,-0.499654370537267,-0.133937226367355,-1.04843197429724,-0.39029649935686,-1.18937498688164
-1.04369893224798,-2.18848103948332,-0.90239332347463,-1.47286721800005,-1.16614493524615,-0.528960455827434,1.04069347102029,-0.774946925933133,-1.000924047344,-1.46313516760819,-1.41565669051953,-1.50853765018144,2.68015581018196,0.281310884715592,1.40618334479086,1.02957445081226,1.49834309559246,1.49256406789943,1.27303220713511,0.145785508556136,1.70650776922659,1.77027741279376,1.68410003725167,0.884994054355954,1.36855226012226,0.983666305254452,-2.08086007129932,0.4889864691448,0.39750881046648,0.94919161905459,2.05080314427073,1.43044209886538,0.621457145666619,1.29568969682075,1.61286352571674,0.194124400095811,-1.45554103049326,1.72325531084365,0.473394926847121,0.424964844826193,0.325760294089872,-0.0940356807857219,0.466589030901805,1.16242322684083,0.531925438384229,0.794429936344841,-0.428467917765457,1.50308136476333,0.98594827093734,1.70961733057788,1.17903087182781,0.0558385142587568,1.91948912789805,0.00657950304219392,0.534565062253966,0.249307591993117,-0.868579061116305,0.717349345748124,0.169370524519335,-0.624343833317064,0.197203556167056,0.397572666198832,-1.19549487955557,-0.826683321142353,-1.1025535313153,-1.12909320201227,0.426717298897008,1.05695454488748,0.738821001639457,-0.465454484694073,0.840058559636043,1.10598819830056,-0.857888240129294,-0.705435555262803,-0.588157397661892,-0.956028201845795,0.597790040847053,-0.728894483165843,-1.34711689519935,0.7732878986225,-0.591867638857177,-1.48381974783096,-0.131014042057066,-1.35219043806576,-1.35250410614338,-1.22343227552406,-0.548658105712608,0.932821592018204,0.151241280962847,2.25624061352954,1.47433454526473,0.333859118962334,0.580771841644143,0.63038616092374,2.7288051799238,0.148738891609371,1.08677365199678,-0.0950632467878945,0.326052345766058,0.197828431423984,0.255986699655075,-0.82878787584833,-0.701629410385432,0.511208976592722,0.0810124536982112,0.527432913460397,0.653100238994466,1.00018943252839,0.535949184834436,1.54857983560397,-0.760636973817235,0.005830647287358,-0.692089264494947,-0.252003746580213,-0.47971098397406,-1.33712716453022,-1.92322500576911,-0.782212335808352,-0.138413595858847,-1.26129110449667,0.878308268560583,-0.346525677171903,-0.761467394388382,-1.15963775138797,0.478572349466202,-0.816703745574835,-2.00908984409109,-1.45204840413465,-1.76466262184193,0.777811483252591,-0.18130046623342,-1.27796118126451,0.85705087603589,1.41271782693923,0.132104256296704,1.53802606495277,-0.414173937376036,0.92547432211014,-1.1885928028013,-0.652515266251049,-2.10886162356139,-1.7986936410004,0.362382532313974,0.17816847293944,1.17023051533166,0.0167912243318451,-0.0355602908479326,1.77761152734772,0.260554500793233,0.433217666332165,1.20819556772038,1.40998599260216,-2.13328502010861,-2.10949968744891,0.353345109135206,1.04264355982365,0.114085345139372,0.656267321927953,-0.508911893193755,1.64456084511308,0.37003383965668,0.347737198541515,0.654684253571485,0.864761916475024,0.757878137055835,-0.035768076928451,0.150386687102717,0.370563537831362,0.293727982078116,0.65118526281503,0.70892441216196,0.0287737526474137,-0.130297203611242,-0.090394524721955,-0.22481327733315,-0.813959993282086,0.340612917305598,1.4631054242437,-1.1019496927615,-0.530942792899414,-0.626264916322267,-1.21298614725257,-1.25375303557154,-1.84698415113391,-1.70917596464938,1.12750850656992,-0.578317710518183,-0.238873037507519,-0.808886162754996,0.426726869146717,-0.0695430577303679,0.941084707045622,0.676122453771901,0.517827886171569,0.568105121598369,1.08969778572389,0.892688574282782,0.136837826343655,0.565688395215517,-0.737070615139093,-0.0993292416592796,0.747614478513011,0.668037033800882,0.374141397137393,0.743271142767783,-0.0812502659879203,1.06738547554044,1.03127997819012,0.216007574326879,-0.924099888354005,-1.06107750265266,1.72074957620963,0.28857654800058,-0.30128167566607,0.129289087121745,0.0547691096195206,1.11262805170173,-0.100134971274671,0.00954485560385203,-0.429961860180019,1.59115234090579,-1.01391314291379,1.06851457553592,-0.409387362725406,0.321536666233215,-1.0798633288403,0.813276703523404,-1.76830859424307,-1.3651899659841,0.0163368295427742,-0.534435677384394,-0.381950996636268,-1.14818194511779,0.784228444830369,0.820737137269719,-0.552867662866925,-0.575781553483374,0.313635776733277,-0.72502993459852,0.153165277092121,-0.796304933743162,0.37271486637522,-0.435375967192581,0.817517324263355,-0.740999543535047,-1.03731836939922,-0.71982376665211,-1.02029830336394,-0.773095783484894,-1.03885513886667,2.18279218943648,0.0245520802290957,-0.0092975933324867,-1.19639885451188,1.00629112040709,0.64846035314613,1.89649858450104,1.68779321866796,0.0958654224703422,-0.440600212822595,1.12191147168538,0.290397530550092,1.87846323278013,-0.539625978263102
1.48896059555528,1.0342599516973,-1.57204422093745,-0.692410506152764,-1.70575051188815,-0.273011521807907,0.696858758894287,-0.570541003084227,-0.380458443592494,-0.557584191057114,0.0419985824663434,-1.10207874002326,0.0233569940123066,-0.71215135359449,1.2250719739697,0.486995873131743,-0.610477533605456,-1.08343178734946,-1.14657641212267,-0.651024220735794,-1.27279715783591,-0.821854383986243,-1.05659144006305,-1.03153586815777,-1.14736947047609,0.50036563310941,0.380673428704092,-0.853019899137725,-1.15008498759417,-1.10765956111176,-1.26849735916117,-1.54789309011104,-0.787673304929659,-0.581191464805413,-0.769025444891436,-0.892321596496796,0.122301258032263,-0.478328720576925,-0.687650967246524,-0.45551041058193,0.741352021350718,1.401672365132,-0.478366473141344,1.22665658244168,0.146093444111101,1.52554828507059,0.145709228698887,0.59060336911641,-0.964375878494014,-0.819942052783124,0.864716683480451,0.207774207396171,-1.09578926432835,0.854414043740684,-0.341325901103722,0.0297388106469031,-0.416803115202966,0.442895333759776,2.2142108066935,0.605438131322583,1.75246401731876,1.73993152289735,1.75843124817527,1.14600746836613,0.716392729351582,0.870770594723034,0.588007657838811,0.290414781302074,-0.249165157919393,0.28423277781699,0.831301620866669,0.385619911735693,1.31484810449478,-0.502553094367061,-0.86760302844051,-1.44295315921512,0.726164694770754,-0.890848195701671,0.218497370784406,0.849181444982873,-0.281710511708067,-0.781524938912693,0.138017812941007,-0.809757086307397,-1.53486566449639,-0.703715297221641,-2.14253272024136,0.666285492794922,-0.216782678638122,0.689997894059723,-0.0211205908107043,0.57310696299273,0.0755804126748919,0.0930204910711215,1.17997179897007,-0.146885089242665,2.30516316536488,1.7230663030935,1.43852157922348,1.22489403058828,1.86864673809206,2.18369253421181,1.74581236388437,2.31122332188936,0.871211165069894,1.55410549231692,-0.335169310968305,0.0139399368770886,-0.644203884635924,0.196741073996613,0.145531759929952,2.22020996416587,0.962400479486493,0.176583109412534,1.38647707282241,-0.774795817162355,-1.58213244205525,-0.944349860988402,0.868384886304565,0.0235937580301628,1.24078499838791,1.85857469174843,-0.674801748885716,-0.429013343592167,-0.315845328734456,-1.29875575072388,-0.415895666778053,-0.973092448226138,-1.02111967901787,0.860976739205593,0.241896803450394,-0.817178019034846,0.903450397067565,-1.00305521838272,0.18859586781368,0.0807047032428868,0.0328360219414338,-1.37014395799396,-1.40804256781415,0.76288395416363,1.01095206338367,0.583695759157387,0.831961194363564,1.09141330131524,0.469130770562609,0.8827016221635,-0.404144495374244,0.90850910820442,0.296699623968255,0.0575592643625316,0.334930860699581,0.861824070936267,0.914199557027295,0.0146810665559067,-0.693260895061061,-0.795761351984536,0.697811725416302,0.368050285133375,0.21458311461622,0.781643159143957,0.703800349568107,-0.511700580682893,0.275584706554476,-0.386908504409623,0.0260761935250829,-0.624194292778633,0.371542892841903,0.771202856960288,0.46044772725671,1.09379651097583,1.22403636180477,-0.554085222300531,1.44361458902621,-0.379312239153207,1.69201504288929,-0.136538127040885,-0.525350991355746,-0.779555240568478,-0.590722393888775,-1.51653612953934,-1.12734568181869,-1.24329277868167,0.206658624940535,-0.135411074332915,-0.543677050546896,1.30690120170268,-0.314475026942665,0.390060165804018,-0.212996790570145,0.173511811332296,-0.624451724800404,0.271972756038824,0.741649761949651,0.182170919680808,-0.37504119896977,0.666080939187016,0.857935203158344,-0.140233135550485,0.185820840346773,0.252123816214283,0.918429008265512,2.36680624184313,0.346831126243041,0.349038407989887,0.934210493372002,0.615557992451796,-0.284786315023195,0.0888552587604265,0.156020520987851,-0.46823230014882,-1.9049398094469,2.25321330687086,2.10849257904704,0.326199599157981,2.69067390959601,2.28587024315852,2.19207449644442,0.521941353305477,1.85402864587386,0.0609020110282041,0.398409606605138,0.596607713302035,1.63168889050241,1.05015364823707,1.09547416420467,-0.172713343794653,0.251209278878945,-0.131442642910511,-0.830928703375335,-0.848527895919913,0.768352088765325,-0.377173694895794,-0.302964347251384,-0.348121541670109,1.51534622944193,0.225860097505991,0.800162110148377,2.01074157455195,0.582701190036102,0.617828856307148,-0.278453268112068,1.10649214358152,0.36918384294516,-0.557085229209031,0.310297242440516,0.123096086356252,-1.62775602451196,-1.90705489847829,-1.13761933652036,-1.07347256497855,-0.647263897636405,-0.548119723363658,-0.770415263032251,-0.865088082339306,-0.22392986058736,-0.248992654108799,0.673348562340821,-1.74376027584784,0.083263754921453,-0.741064056796775,-0.790716394998469,-1.187331135595,-1.15293655676412,0.138520279545978
1.29215337584285,0.458617223383506,-0.140510765284579,0.899646901276221,-0.791176568291591,-0.323082277072724,1.30107637412712,0.535196138503856,0.912477118304475,0.484706110141964,0.646651136323218,0.00659729787525026,-0.587623107918341,1.78584113377803,-0.559710462986434,-1.46486286287403,-0.737822579489898,-0.850969685846239,-0.6161227579507,-1.33231388658386,-0.833448524468998,-0.559161010385233,-0.351321379321742,-0.100077111512405,-1.25905022001441,-1.05115146317345,0.198970957962346,-1.49680651682774,-1.15545577315526,-0.537628880146185,-0.756742752772867,-1.14761577410949,-1.54602599050652,-0.988424672969963,0.245740911776904,-1.17157588417613,0.209823149980324,-0.146028046625236,-1.19340088167804,-1.01189091097815,-1.26905529852574,-1.11870456764665,0.413255292170047,-0.730585291422896,-0.506423457755468,-0.873714462897672,-0.88878094306627,-1.3194988417108,-1.53039725978137,-0.0778500046118937,-1.16855566455491,0.882596917942732,-1.071829165004,-1.03878614797814,1.28593773290512,0.913325428367915,2.12020710656266,1.17561639821001,-0.643840939950182,0.68471089341747,-0.346737681070088,-0.355962346235448,0.474867069875677,0.153712138051962,0.0777593731615068,1.3656226979703,-0.63431952139538,-0.86749611708823,-0.241755754776117,1.50166521249465,-0.23047963331802,-0.296142341393856,0.864767552407514,-1.3610259464095,1.26825577764167,-0.200649545986973,1.79752040190259,0.536772857563149,-1.11332375586473,-1.11877292048444,1.1690360415849,-0.512986355405651,1.2646403906869,1.24184891477261,-0.860703240032072,-1.25916968976033,-2.0828788610442,-0.794021789757569,-1.32612044598945,-0.606654020734654,-0.461630299147359,-0.00644238018072674,-1.62699426754101,-1.28606677483872,-0.764584210521113,-1.21642675043185,-0.907059239510807,-1.11929203496249,-1.07201935227093,-1.04630684891211,-0.314715378311861,0.869421630775827,0.484561535597566,0.241698781668933,1.83421188872677,1.99232540346635,1.55617645572191,2.01153143606828,0.907634902769329,1.68854258843721,1.30092762588981,0.34739881715278,1.75384092848938,1.09094965330116,0.913080549187572,0.9903903764328,0.713271002423127,0.276473329125263,0.262402910400515,-0.47420928101854,-0.871454527979172,1.91459707906337,0.558781873148078,1.31221603526452,0.750161684736011,0.346401394663186,-1.35972709346925,-0.276173296979464,0.50346574309526,-1.34546039626448,1.15178658283441,-0.485121900740787,-0.835016428432082,-1.88820281285376,-2.14560491182925,-1.12472747922073,0.835752887492866,-0.206488374884182,0.669992439918903,0.506696953372473,1.21202658305851,1.00799192642574,1.01044454292751,-1.03608991483729,-0.581600846576293,-0.452323014221386,-0.205143795235859,0.609302137642532,-1.02749628455255,0.838236850316662,0.0180832194652098,0.311041914703857,0.533320381037002,0.420696883212204,-0.612211937059826,-0.83912184616885,-1.36368752778915,-0.616157838152366,-1.45849644222318,1.37030632477381,0.0212670026050291,-1.32907851382986,-1.642140615525,-0.793672999865511,-0.45295092499862,-0.953501697058781,-1.10982301171682,0.210090476082299,-0.748976641732362,-0.572720817559431,-0.752634135442432,0.227824067759029,-1.32433085940101,-1.47471555412172,-0.281022181749518,0.356706024312746,-1.5861973898715,-0.570187832262052,-0.0465739315569416,-0.635251717672013,0.107944614209242,-0.361323990278169,0.412952123777353,-0.570665031701613,-1.18700766677512,-1.11670898689686,-1.82344201545544,0.706219700736478,0.79856947528725,-1.55382628365421,-1.74365871536005,-1.24237343201526,-1.0811845262702,-1.33408476391625,-1.58589348807354,-1.43281626943604,1.10483462449415,0.459998183874121,-1.9959278642246,0.052402517090713,-0.317091407670639,-0.667358560913104,-1.7076692489397,-1.31182685508287,-1.18273068938082,1.17861196886367,0.236473614005664,0.580376697538034,-0.728296273570326,-0.216327302005729,-0.0858691919379214,1.55920792252098,-0.652034148954656,1.0062567002631,2.0488469794038,-0.55936072836359,1.03430811974392,1.377758790601,1.60985296937931,0.33257993279667,0.503029976626269,0.631042473634456,0.409014399687496,1.45971509363336,0.599712915072231,0.510713142710029,0.0907610417891925,1.78073688346069,1.23934226192645,0.904804078117105,0.919032611018351,0.895999264441857,1.70746969851092,1.51601875162396,-0.872151088380647,-0.205930597054716,0.0924597712121619,0.158668430452696,0.493692751124632,-0.451794168574161,0.454631696880041,1.77325847622289,0.731137580294225,-0.991922626418381,-1.60677140620218,0.714809558460932,-0.335955101863541,-0.804258159018873,-0.432551692867045,0.137683596057227,-0.848778177459751,-0.394738816579787,-1.09019145468221,0.0162577490454679,-0.892003172316544,-1.29352030567711,-0.188520376033496,-0.831662903737526,-1.47657491243437,-1.35807879016259,-1.01532417810403,-0.227793049782762,-0.618671387409655,-1.81816910402062
-0.705828483927627,-0.0279836910286645,0.200234131534809,0.36556817587035,0.168697976418671,-0.285885059387921,1.38121642862922,0.513648190327621,0.581488366548852,0.19228321165072,-0.0793431729497129,0.220746078757816,-0.752481952480605,-0.607263458873562,-0.291198768277605,0.129990151680455,-0.393280736071127,-0.524658558551901,-0.398879112124751,-0.11753454552358,0.1021661929022,-0.203461234779514,0.139449479315082,-0.0527120408407677,-0.269273859245909,-0.468703425417672,1.51278852192,-0.448696082476656,-0.489928889057569,-0.00690338282453812,-0.199085277639243,-0.337539063568426,-0.506672412470863,-0.272988017024025,-0.0633257847618882,-0.113780362422423,1.79062089448898,0.158356129435192,-0.836386298688708,-0.348844862149867,-0.757226668768134,-0.857940154987027,-1.22969788267391,-0.122118680060295,-0.47203465886696,-0.864407851905794,-0.40677409365682,-0.897423013949574,-0.528721158948313,0.174908733653426,-0.446144947971929,1.67304366365564,-0.50796300172691,-0.663176329646838,0.408957026444128,1.10925667584377,0.402088776060461,0.585128787940851,-0.0891518522184651,1.36579615938976,-0.607515524074428,-0.705394842715918,-0.0913809590903977,-1.57817444978695,-1.33008458348716,0.283207012885899,-1.34869907497249,-1.0764568675433,-0.600182411510638,-0.251592730471116,-1.05592103712482,-0.704186704171543,0.0982854974886322,-1.69779426916028,0.065304974828016,0.325773233894454,0.780957407852348,0.15266794093174,-0.724838607114716,-0.882415806069603,0.682379517956824,0.705729993347864,-0.452993398809939,0.118962834692089,0.597208928850696,-1.21838553216327,-1.21454195250143,-0.685489699017542,-1.33125740681742,-1.40583202610867,-0.493040049710889,-0.475569007519087,-1.84210424953356,-0.536205887181586,-1.13393623070043,-0.747101459159151,-0.207364981294845,-0.290416349779046,-0.619904308075669,-0.164438380566262,0.0797805129231221,0.280648183005371,0.18693648238496,-0.260389641611554,1.25886073803313,1.10533977973408,-0.303142357262095,0.601285130055761,0.708493819374273,1.17041873423515,0.05802905383131,-0.230898907753616,1.25131707777546,0.119354325803541,0.634337927536832,0.564633367777185,0.289452409836641,0.893591090154108,-0.194120656372915,-1.15291801564196,-0.388431965761691,0.420298030225881,0.819271738117274,2.28201408655906,2.35896905733382,1.58460259254867,-1.30450704851658,0.632724487107661,0.0355870269504388,-0.861926639394102,1.48946197022153,0.991872446298413,-0.706247290796246,-1.48553858262596,-1.55060763020278,-0.232805406056304,-0.255034790141943,0.279471487256366,0.736058702143746,0.0327461913652744,0.484445235296476,-0.414148315766129,1.32757204176891,-1.41816319851562,-0.67486892536361,-0.946576784010087,-0.727367478040107,-0.951186761280858,-0.342012214142917,0.527713504619868,-0.128653785017968,-0.532686063211119,0.110950018217611,-0.282771415449878,-0.0247265456246002,-0.0632431532396018,-1.13658512409026,-1.10132101590462,-0.828245788453943,0.746931105081661,-0.0425693575287789,-0.581740234180836,-1.4879300209828,0.0258650073384037,-1.28939224647633,-0.636613983368193,-1.144107787562,-0.808294821834158,-0.731253557874818,-0.609430949664397,-1.1388051514209,-0.00126606174917975,-1.24152845598675,-0.853410264068735,-0.794501915806422,-1.07959364853325,-0.566322950934657,0.0371548998728596,0.17503041376768,-0.118310603334509,-0.111249072658849,-0.109643792351372,0.508238647417844,-0.672748379958072,0.10421245666808,-0.224283119956357,-1.40231377735655,-0.744803556695231,1.0442973282611,-0.676341571884952,-0.703196062913658,-0.750619231974262,-0.461770972199082,-0.572876831262598,-0.92277182234817,0.128054687451593,0.0936217872235229,0.390355976334087,-0.900150539912299,1.06364587933902,-1.22639906166481,-0.128391091051145,-0.67015804200878,-0.717049867870863,-0.597010367003878,-1.14431572205011,1.07833840642153,1.26146246006133,1.0071268027654,0.14061410059329,0.481943004420494,1.04133118468479,-0.0495319322056476,-0.352414817725265,-0.295822519779443,-0.417229484973166,0.00901767381585819,0.594700161449084,-0.126427340069315,-0.906255552459382,-1.31118385147533,0.322565753943372,-1.40696089683679,-0.456488501554064,-0.501094596153015,0.426095572965693,1.08574526468657,0.17045917047175,0.342102011100376,2.23614812526577,1.29562552182422,0.510158138947591,0.516470797612844,0.230872443160247,-1.26283887547547,-0.461259983235382,-1.40645134517802,-0.62349805388357,1.28130329061321,-1.50976719890158,1.06126732964134,1.515396070805,0.731195756036301,-0.508368423884025,-0.517459593015341,1.81641438870212,0.67238210014284,0.280251779177783,0.943321016964692,0.633352431349412,-0.411108638750197,-0.491942265213403,-0.640773638266971,0.219065232789372,-0.314578997915721,-0.223293014186038,-1.99076896045863,-0.113889091876924,-0.458959108316979,-0.798423195670027,0.284871245164441,1.60466838313086,-0.184395790144846,-0.155561411272463
-0.757669779213318,-0.867728077573686,-0.274683584875588,-0.831361323628479,0.272898965744085,-0.494030460504172,0.865928418014157,-0.691429860034267,-0.254691595177798,-0.785149607146652,-0.382998186356821,0.326865967152716,-0.113902204012048,0.12665902016099,0.430463295172991,0.498690630529208,-0.0657223728618983,-0.548618537187102,0.242360939953634,0.555654935045713,0.29299345549342,-0.0922833118069394,0.246522190147564,0.444958260238512,0.197727995172677,0.673057552870948,0.517327080213726,0.582382844103062,0.249576188961213,0.381712615306182,-0.0565931553154711,0.345505203047953,0.533844440239318,0.132442905803301,0.205185349008933,0.335183950365556,0.723180284754903,-0.70363079965178,0.15476053350354,0.419384165425735,0.157870192649435,0.208049546233196,0.129662409222746,0.471996755025915,-0.0948056465964046,0.286107105050365,0.179428490858577,0.850753160383774,0.475591054392475,0.637629371415195,0.25243333625944,0.418673339934613,0.238503234039578,-0.00578408896855328,-0.0727974966664102,0.47854703366638,0.302393593301017,-0.603939450191435,-0.215547847908845,-0.0202772787001442,0.791320450304287,0.592027524741743,0.306627641915766,-0.460386304634167,-1.09879128105997,0.609332222737604,0.566246805711234,-0.00836343642968712,-0.812097425596129,-0.81353710248708,-0.95725459432404,0.376959881503573,-0.218313555028934,-1.80013443660178,0.0938862648595032,-0.227579435157981,0.103353489196946,-0.336594219108243,-1.30921969644252,-0.561476869757418,-1.10779818757352,-1.18066981397743,0.575167676386492,-0.541807802967722,0.0990852827332108,-0.883490324337842,-1.24266880438194,0.422842392820914,-0.325506984415681,-0.506036876137942,-0.376684426876008,0.265815037475995,-0.333955425361204,-0.154427699923755,-0.764796510701728,0.262451110681543,-0.466554239765433,-0.0947604562333186,-0.00950178426675559,-0.150188662760226,-0.254260869948268,0.714083030214144,0.663669240790685,-0.237061000825472,0.542942608913075,0.940921864856982,0.0211238516523762,-0.265654574236207,0.59202460787823,0.379185467175238,0.145265784581015,-0.0777392257988539,0.519614552467864,-0.32758488509807,0.358263754192799,-0.914650312807446,-0.897846141467549,-0.963819345181979,-0.437238972805617,-0.383676490190066,-0.359097699469772,0.493576399370866,-0.664092442628742,-0.364944573892419,0.836738609577857,-0.638865384117263,0.3939577477144,-1.09361565778194,-1.3347506964564,0.235669198930326,-0.816013343035979,-0.3774735679104,0.554915324384899,-1.10124432572667,-0.361980665492266,-0.282726842140639,0.63606885804424,0.325858617495743,-0.10199659762385,0.244250036211441,-0.978108394571371,-0.797355693112503,-0.120720720834694,-0.354302456533127,1.02781012991051,1.30574920968249,-0.0237135122174434,0.635211958824204,0.83506492509024,-0.0748844400710984,0.570748112041632,0.0105004849654314,-0.0928637831825537,0.0413873953784681,0.299206410709819,0.439613490420882,-0.519616820701768,0.647713423908727,-0.00155334146341097,0.383926991493933,1.25683065370412,0.865177982755528,0.0190888402464917,0.595857492137532,0.287099698123581,-0.154415813599553,0.194280749407059,0.879542260731168,0.33012663211211,1.3533886123197,0.616269299747024,-0.586334224823867,-0.146760994458545,-0.473918530707541,0.587474752525087,-0.356336287024991,-0.329032349097504,0.160239988127974,-0.419620816087871,-0.139295474733466,-0.729585681014117,-0.719687104565372,-0.509570769098317,-0.107606642682082,0.733315152829875,0.514499107013249,-0.956743699309774,-0.0115101431173251,0.61094053844098,0.00647714997776601,0.161103622665166,-0.133464454115898,-0.164595871438507,-0.190474801782871,-0.532017343584011,-0.273383503324535,-0.754459644710022,0.597356239461661,0.419494719275401,1.49277693723146,-0.499331324653642,0.0788341954363831,-0.0404977612570568,0.22404290130711,0.453060814951753,-0.386669864571316,-0.0843532423214921,-0.319242388761015,-1.11826296644693,0.10466502089284,0.327811743644663,0.233751505189557,0.204027803685165,-0.301855532314004,0.296024786682252,-0.111060393208237,0.382077609747567,-0.00915835837101012,0.166222171575774,-0.772112956088275,-0.289378478305542,0.450030445722822,0.0566838087620339,-0.470121278993139,0.854315554894029,0.522008588228552,0.394301034239775,-0.821684070856874,0.933501521603916,-0.236897254226176,0.480410754577936,-0.478814975552165,-1.0130230992936,-0.21943760692341,0.539770528993397,-1.00343201318756,-0.705623087659428,0.708467537346383,-0.377178031088431,0.3169647643292,0.997813791374024,0.689712252894959,-0.00614170168989041,-0.194325677241542,-0.404173537938147,1.12986190701129,-0.422267540352863,-0.531161630197701,-0.372176710736138,-0.706573054251853,0.254151501673856,-0.938959537322353,-0.480987235966485,-0.442609537383245,0.323467320594597,0.555119076628827,0.543282389172954,0.578817279951866,0.472676091985692,0.272417479301495,0.593939019183948,0.0518611461743034,0.073913597698705,0.690047635769436
-0.873231575141617,-1.50617015426284,-1.07960925940341,-0.683452875313693,-0.83132150518242,-1.03237756394427,0.74086547027416,-0.456588033308564,-1.03164079902302,-0.869441393633005,-1.17609197508433,-1.21869537390676,0.626053522989072,-0.0869354277881836,0.301392131215359,1.32235707488928,1.01358792561464,1.4144546624636,0.778424600587864,0.667461797415318,1.09370912858886,1.00387948607915,1.74275888680484,1.23177146459929,1.10426945954911,0.567010981700526,-1.13951379970294,-0.192799027165982,0.621691122187262,1.74061785885153,1.54256942748428,0.934572880388598,1.41733431114243,1.13761440114079,1.45928922280602,0.803474014041148,-1.01930366805744,2.03398200922739,-0.154699583676114,0.205195275103557,0.477187304170383,-0.334380607681012,-0.39256658821837,-0.241113783229041,0.302070503357706,0.999117785260854,0.808012156633695,0.70549233245098,0.939785696351441,1.7444564135292,0.379557742391629,0.485942331214318,1.34397717576105,1.08156805600915,-0.0913572054274556,0.0172975233586753,-0.815132184647141,-0.156585336173903,0.701012383757958,-0.497961017681289,0.0496739290999453,0.254707411816183,-0.741919993981409,-0.417301918039042,-0.259086637440047,0.226367754095838,0.39170527546022,0.794204817627983,0.169626447288879,0.0868703121384622,-0.153456443840255,1.15384289909874,-0.405340111422832,-1.61516122940913,-0.299314991677718,-0.655865574027396,0.0682930550120558,-0.83162910331917,0.0341137700737199,-0.289931036398799,0.44715067021723,-0.942611224301064,-0.384240253796434,-0.768440201956231,-0.605154563886642,-0.508434828896842,-0.45572816523759,0.564683799242612,0.402575918744632,-0.405812824284787,-0.0768013390152073,-0.211349235986963,0.663799804978603,0.286078941721554,-0.65968753077793,-0.0942501697087149,0.0699132012455777,0.247153867927711,0.447072907826774,0.141401450806763,0.0658790412586738,-0.181742883060144,0.44941820050611,0.119545786212872,0.163633148370311,0.582620194662141,-0.0333144295813679,-0.0692515350596789,-0.0503830266991045,0.427336388018065,-0.353022283354069,0.52657928315325,-0.212481875142179,-0.00480613910690045,-0.270113455729326,-1.26145527347521,-0.60815152357287,-0.415112731667005,-0.681521832593233,-0.369004299650205,0.663680882050017,-0.27394581290206,-0.530210821031198,-0.642505386454084,0.33610214846545,-0.234214908078313,-0.87291719921088,-1.22048958574609,-0.355458203484066,-0.527715833176588,-0.101362726485089,-0.646420337499949,-0.240455530284908,-0.0562112141424807,0.50310344784544,-0.189022503591292,0.20753286429509,1.48862040178355,-0.30690724414148,-0.481244714080841,-1.63764067467578,-1.04606548119515,0.184416237080192,1.1047205343806,0.983092577191289,0.698514814131491,2.21885031834613,0.910318443228348,1.88331381411346,0.256053395368075,1.00761322663169,1.02611126471275,-1.06609164553719,0.283338918351061,1.54419022876556,1.81845758730586,1.02411017115454,0.265861751552715,0.607459561277253,-0.123876800066609,1.33361282075146,1.72951020362324,0.729846907892935,2.42792940768034,-0.326926025184031,0.355582079426746,1.02878066731847,1.26720600032833,0.587836193081594,1.06185049576335,1.21791982390309,-0.0357573034139011,-0.259456140876445,0.358561646988759,0.412407066179151,0.0869112027623066,0.636818898676968,1.01198772026493,-0.329309772060986,-0.867975190106468,-1.10808625606059,-1.08559108335185,-0.958537672823048,-1.08855178052432,-1.24709345001876,0.633397097320759,0.368893670432354,0.526072264175907,-0.120583508176846,0.184342426456017,0.56513426285373,-0.00156315545532215,0.777446938159364,0.0780274948938688,0.530737495875847,1.75523120209715,-0.00570432030731325,0.863699337627784,0.468926818376704,0.518736778393867,0.582274879310859,1.22545150804582,-0.0151921290648746,-0.333497154835376,0.740289024679429,0.177381173880093,-0.337990855606441,-0.326934596090078,-0.679753156512966,-0.391673546942312,-0.115428973847569,0.72452356485307,1.01338377769495,0.00639190972294634,0.0769760905175016,0.488954832827302,0.973285671394735,-0.193787742912119,-0.62415155158774,0.339791317973691,0.207215521937678,-0.602515826052786,-0.0324797784070813,0.292754635066923,0.578837035557955,-0.221242657111744,-1.31063432416745,-1.12570293773858,-1.40321738876362,-1.28238001894274,-0.708765051584451,-0.727715333950277,-1.66192295587763,-1.60387755208351,-0.898503770624498,-0.0285527924627056,0.033431802015677,-0.297298272097248,-0.329936971173517,-0.28592791153173,-0.207236865405127,0.559128046468209,0.485638687944362,0.200218297231989,-1.12707662734697,-0.161173827146784,-0.756362848585625,-0.754569974087221,-1.05680612550203,-0.462440730223022,1.70756755358737,-0.0558123348322174,0.485657363783776,-0.539430777495844,1.07023776120789,0.83746326100073,0.323037899611367,1.75337487589105,1.30825399952126,1.08549249226297,1.31593386224911,1.68563651196043,1.71306084725683,0.66634868380315
-0.412147984463617,-1.06603766998946,-1.55523254949398,-1.56224964732551,-1.03228807117043,-0.24210254885127,0.791310183698478,-0.923944651484349,-1.72020888378991,-1.53688988267911,-1.79974923085553,-0.678052634423331,-0.755587635375368,-2.07732169485177,0.383606843860992,1.30188193353064,0.543355810983968,-0.260344256355816,-0.32852613430194,0.478108754410641,0.509489609077874,-0.258840205176183,-0.305731863941575,0.257611960888658,0.279670598094083,1.23655457203692,-0.613168544570649,-0.0676184205210619,1.03902735130314,-0.0445665336968533,0.393732578357537,-0.517149355258637,0.471213455052885,-0.081919207818698,-0.283726173317966,1.00365519435783,-0.578080230411257,-0.0469803330410894,0.0292359085091468,0.669917815519896,1.34798128057864,1.01873449949026,0.347636566567793,0.918767808311416,1.31577899980477,2.11363921723147,1.14382458598528,0.933476915565408,0.14770924777379,0.160464192375354,0.277869250128692,1.00969981027152,0.0704982325887483,1.65130255079036,0.717895563135316,1.02657151470161,-0.00948788122974643,0.314716010483238,0.836174150604536,1.68532803067297,0.853639913138671,1.40835708385883,0.713996877122369,0.292027586365225,-0.303487432465785,1.52914775707396,-0.137547849589579,-1.33747140364613,-0.653536749098308,0.948932366519692,0.959250585564398,0.570919817739461,2.46429147103278,0.0486768409730909,-0.284514849843305,-1.63064722430248,0.247966451874378,-0.413329275584263,1.14360974846331,0.656652337398582,-1.32271202879067,-0.551592799603563,-0.323417120866563,-1.52352280502251,-1.14386643063804,0.353211759760985,-0.341407868863392,0.64528558730856,0.350083762667301,-0.240840752063267,-0.209511547132448,0.801110884734053,1.15367567589037,0.266343424675136,-0.0924999971596759,0.985342806346307,0.966130566483471,1.84762377923203,1.59599913825626,1.19265301912196,0.222954653800837,0.461797379164052,0.858361395773257,0.523282620265204,-0.178860624070493,0.105759135071506,-1.43929859839564,-1.62383552794195,-1.32279761778754,-1.08183175113418,-0.599269529771065,0.21758396179353,0.148225051422306,-0.116487715371364,-0.379294943367509,-1.44165630147934,-1.10254382183214,0.688267442409201,-1.16156756405288,-0.393294318403251,1.53900963828996,-0.188963035037242,0.0217613929522795,-0.0836129970447689,1.62345171183358,-0.573570730846327,-0.795960596636409,-1.02005274222784,-1.99292039127161,0.716178516911121,2.63505969160021,-1.04776389075974,0.298733535698235,0.405506966172363,0.273849797208455,-0.00559859026040755,0.152005284895701,1.40021625212704,-0.334403489919333,-0.57231034433286,-1.39860974189855,-0.924703597890047,1.04607643452769,0.33486147666776,0.0601891837758232,0.202844703976476,0.976480859947251,0.505580014527434,1.4756443333594,1.3356362306889,1.31159065943382,0.445783761527861,-0.837860684806082,-0.819421965107442,0.938441905978286,1.01167624112242,1.96094278314223,1.20580168036509,1.74814188030135,1.31243553464692,2.02255441577156,1.61003626523855,1.26064398108004,1.28412022519353,0.580746431182469,1.32635708074977,0.674603481210691,0.957588265147471,1.29207266292636,0.239705420213937,1.65518641060946,0.887519493116231,1.57028879925933,0.993391487941251,0.832219062806204,1.68427513576621,0.542662571448103,0.98085244886907,-1.64058903718171,-1.76915288690119,-0.951750412870198,-1.0416770476963,-0.784912344802596,-1.2246546614035,-0.932170787495829,1.13475600608333,1.2396077013857,0.92498781099188,0.550792879125934,0.0527660335567767,0.949501454240019,0.385249851022141,1.15863879458653,0.517721261194903,1.0690227955361,0.368868491405994,-0.0497218868287801,-0.0764534031460144,0.42831636112712,0.248409037606399,0.906559729554599,1.07394882906456,0.290512298110597,0.91175802268279,0.564344626747299,-0.363487626813319,1.7942675380223,0.3526448372948,1.18303248780831,1.23800537918027,-0.374721888380267,0.367290075861522,1.85667949963008,0.326871386757484,0.344354393627686,0.778318213681003,0.250666183359434,0.393452973972791,-0.210230485067368,0.811224854346257,-0.944211551698236,0.360311328098863,1.72350776996977,1.77189622225157,1.89461987805478,0.507738313844318,-0.484985772358946,0.8592938596623,0.927228222664327,0.0643012029128686,1.13451760600701,0.223842327412064,-0.300634735340532,0.998955886515174,0.0911355452333512,0.222753376478134,-0.335478775849654,1.84037861589099,-0.191806526551842,0.466555835948431,1.36840409776847,0.932518883177086,0.394103732724034,0.863997288261325,-0.576664737631219,-0.309571804879633,-1.29996025319148,-1.501365657034,-1.16389655523126,-1.30776243388109,-0.0544166421906365,-0.19495713842417,-0.145453890370347,-0.460440540297216,1.04269854592265,0.52575893152793,1.59302132502946,0.159103918279024,0.703991874736478,1.42008885046825,0.613812175687304,1.39627184637852,-0.204054504303377,0.78533875740344
0.525873037962343,0.96756614724178,-1.33891520998396,-1.50344997865127,-1.08337716709685,2.50755201083825,0.933599478289712,-0.586085657536787,-1.25408430877593,-1.1134023200279,-0.745154448297527,-0.492950677069403,-0.34021093056137,-1.43826328841171,-0.0485818930358577,0.179950297879404,1.19883709778204,-0.170830268132589,-0.620103659499645,-0.661176701126557,0.142591170805076,-0.0828384021453055,-0.630871789328798,0.362521309196086,0.0230644303575835,0.313043395627575,1.00877460773318,0.378985938725563,0.155595018779442,0.216733156601158,-0.296368904381631,-0.598353193221979,0.491201378829366,-0.0793669777524397,-0.451772788187299,0.458859431644079,0.904754290197782,-0.172090441727687,0.685894957490445,0.891149524274347,0.839145360559959,0.261503992753013,-0.0244397337242364,0.915795695814183,-0.178122350541564,1.95450171598879,0.676140207303632,-0.323101617545388,0.242834315810479,-0.398148752622672,0.516379430222247,1.25733250601378,-0.238458225319716,1.04447335041518,0.284998294302187,1.0411547148218,0.974962803962459,1.25182484461386,1.59517798438062,1.03638059065333,0.494796003940154,1.15030815861879,1.12413489255005,-1.13037739250821,-0.999964662439863,-0.0293399214228741,0.082876205053283,-1.236693844716,-1.1874554195015,-0.392170669824553,-0.178646145467155,-0.707883944525514,-1.11133922356195,-0.680175603123271,-0.220301752796327,-1.10997339140765,0.0572287956616228,-0.188192583610218,0.687355231709264,0.129624603951342,-0.965602659257348,-0.390445892983392,-1.31972387387983,-1.98067222496113,-1.17592037826092,-0.810933131594832,0.058217607239695,0.0854540783917526,0.614010236192615,-0.00532935640449236,-0.294334068760532,0.468869769195469,0.377295165960149,0.243280745660556,0.622870636889121,-0.0879003947651158,0.853647946639753,1.11709447775555,1.09097947766743,1.04074281951732,2.21181817658607,2.77368046276899,1.84536362430846,1.6730079904607,0.209833242095321,0.679501668743877,-0.656632165654282,-0.760631814992005,-1.24871692216077,-0.73193500893137,-0.812336173591013,1.70802620871109,0.250896909357706,-0.102730678178006,0.31959650085767,-1.05470174757223,-0.158837531889958,-0.210861373967759,0.133433844030906,0.29406676212022,1.01933004828902,1.50022083639517,0.0506766104736351,0.058140927655958,1.28441824737992,-0.0584164953785895,0.238184196310092,-0.892242522584416,-1.54105223715156,0.345337365205514,-0.830318090163156,0.675431581235515,0.572921790515379,0.7211208007215,1.15604136063526,0.507531264734989,0.277633534894909,0.89137181492352,0.163295745176767,0.482418011125831,0.891608104144716,-0.0434871642056332,1.07482070909397,0.69044261289742,-0.153910496386115,-0.00644013354087391,-0.826929425799093,0.354758684418997,-0.205199209846047,0.676183593682921,-0.332749564745218,0.0418483379759832,0.885323402962708,0.552057877362262,-0.168716877740891,0.224748314396828,0.853459251399877,-1.47168239246831,0.490072804797331,0.272104814873158,1.05823368890558,-0.278026645770079,0.179822538143057,0.260808008729213,0.939147804187475,0.214654411181259,-0.229442900809385,1.26277094182312,0.515678514131966,-0.579807717400693,-0.016446384071843,0.460532318859793,1.10862804876885,-0.00355878840478478,2.19258475135367,0.690064492426996,0.0376281973033379,0.318818234069601,-1.24014449704196,-1.46388583014853,-0.807536485976895,-1.18685661751933,0.0501599240205573,-0.0294776484691764,-0.425715011779975,1.70978597547981,0.688051003438409,0.448360772470553,-0.04387177118504,-0.0101417375476737,1.17302332840661,0.695657666605409,1.03142006756197,0.00385837615820039,0.992170369000891,1.27576128895388,0.438627264061171,1.24815658334894,0.420731487284681,0.699012839725176,1.24492218195264,1.35971547721764,0.73777587608096,-0.443289924538859,0.699931944630791,2.03942084529369,-0.0122995358532273,1.10411372243153,0.469086476769195,1.02359922397828,-1.19979161359234,0.287043876499551,1.55151516589155,0.188101098783376,1.8235814837943,2.1007854369112,0.75726724358926,-0.00275766988955637,0.633101198879891,1.15601757345551,-0.695463526229298,0.460308841614927,0.562319383767215,-0.617966680950633,0.583360702703727,0.162877855708806,-0.173288081095574,1.24155773193957,-0.266581352185102,0.245738196251145,0.52736098516949,0.882455958925735,0.514855949698134,0.208654495902734,0.857570441934294,-0.142650030890031,-0.794761329990504,1.12706577034843,-0.23528535073951,-0.327935842532607,1.43498938749604,1.88889930186406,1.30576511232203,1.11574326938995,0.901414627229687,1.0869397562235,-1.43763498116922,-1.96050665188029,-1.24805295335104,-1.62799641910269,-0.238765294332267,-0.170863261341402,-0.115508047925647,-0.315560319288712,0.424422775891491,1.20754382675031,0.204877388866747,-0.141343362507736,0.830806189518313,0.35819265995766,0.601211641679685,-0.019072922149228,-0.400040723151865,1.22739547875015
0.294213763234046,1.35673258651853,-1.0542300242381,-0.888873850294266,-0.660842698053113,-1.02186338251443,-0.613142646108492,0.101870952205199,-0.287812881213064,-0.38598380953725,-0.103102080534949,-0.94415216819061,-0.301999969646114,-0.263760799852755,0.887509487386044,1.46225961873514,-0.407352355827032,0.237285677204709,0.43182655081636,-0.0908096607751012,0.685756202475321,0.406892338999215,0.219789072624807,0.157481419399851,-0.863629187094479,1.16160821794695,1.6247907849935,-0.91272139681783,-0.0664940256928618,0.267578446119762,0.182704113029022,0.327303595637465,0.838631684029326,-1.06837044222306,0.396019424063204,0.178435222864979,1.28674399883272,0.0158505969152819,-0.354228339880065,0.178557623194456,1.3468067669965,0.657296303655839,-1.02088954998063,0.964176615948342,0.277189744779519,0.780453821852476,1.4454931820415,0.961137766743541,-0.954441757977008,0.659425211215203,1.95074692019006,-0.991923494648347,-0.208237358821328,1.88972140594525,-0.748635817709872,-0.499450422093768,-0.908088135902578,-0.402695349583176,0.301492537081876,-0.904815248915735,-0.165893998057527,0.421847426435502,0.546689077141512,-0.0919745567401626,-0.785711972686731,0.147297822365909,-0.245264978275415,0.665932519659119,-0.162542280824319,-1.19734813958961,0.0603136895431459,-1.09631428453138,-1.50412251097151,-0.143832155872405,0.353695129394556,-0.21875873040769,0.755155624389801,0.184612998211993,1.02825139427623,0.917993471808245,0.676369874667028,-0.608509632498377,-0.707255566859249,-0.352147213070715,-1.05297587551661,0.182673918098154,0.517720921386641,1.53332014405669,1.62422854654784,0.559312058435824,0.276942964690885,1.84960466390097,1.5156517734864,1.12409255730242,1.41093152246925,0.635523318215403,1.24472395853066,0.978544153468261,1.2130160245966,0.954375646756041,0.374778973814321,0.544674045941284,-0.0367203646369115,0.486614648189734,-0.00686969234895113,0.328011684860651,-0.075560548557049,-1.25782912014356,0.616062573036355,-0.474841441926553,-0.370711320588942,-0.211097715354248,-0.307478845200897,-0.642285754467103,-0.689416136205014,-0.128188518479806,-1.33204081763386,1.2027189964604,2.25713890767731,0.853067626701432,1.40901595306244,0.141866277887167,-1.27241707094044,0.275255623991532,-0.73405288055764,0.25190468717547,0.707935934415783,-0.826814670119987,-0.290680220338029,0.488623950623061,-0.339202188723622,1.97668582459696,1.5000101012706,1.130185976753,0.862157550461243,-0.143054088057312,1.19190303012262,0.731151842096199,-0.927639099943171,0.923886236647368,1.06861433793167,0.28872530374025,0.769183221881376,1.40452559906392,0.728672053711556,0.410045933332638,0.138625432520593,0.171846972781688,0.713135100548725,0.083904865273915,-0.0762054507244508,0.333882732152277,1.19370367699923,1.50449043572296,0.358906188405909,0.419984249113724,0.780637815800484,-0.863095373373347,1.10709052764053,0.0643214586398048,-0.539637326069288,0.228525417875223,0.923978954954488,-0.0367946581299291,-0.625778871263533,0.660284771293009,0.671573774344882,0.382352903907156,1.02897766151111,0.211495853119055,0.461609181588106,-0.672053896352111,0.946433027849654,0.859966772740067,-0.250773702054632,0.50446984492825,0.448134923644064,0.2779096227147,1.35219913882837,-1.20929174806261,-0.998457990821807,-0.746601831819555,0.296759484669521,1.00075327813348,-0.251808995075931,1.39644709812363,1.86995362635666,-0.852077011433763,-0.0947038087523328,0.488551205478295,0.876138894557573,0.339086285111534,1.00961333999123,0.56940876798324,0.75394342788973,1.3479876651699,-0.237574909875407,1.45993889580688,0.502378393223248,-1.04674038677632,0.953008089474737,1.12704232767082,0.112794360174589,0.421146019394618,1.11893534041229,0.175519612698503,-0.261272894117215,-1.42818948956073,-0.837789762154826,-1.29255276849053,-1.7112762846071,-1.24425098364978,1.35017988377154,-0.711996761390546,-0.306563402795964,0.792537588569856,-1.1127648648972,-0.345634175043144,-0.706077238097953,-0.374362384320977,1.62640839250542,-0.143065652324798,0.302900867382664,-0.643954043304886,0.174062443481351,0.0283882131958514,-2.3649210105779,1.23292955185499,-1.00976576934912,-0.687607351746727,-0.752349887804031,-1.12928421133866,0.433034792222639,-0.586428277233043,0.620989594807069,0.151470504540829,0.122096372059826,-0.23479212834395,1.42110886075881,-0.685242752576506,-1.09938970623793,0.639004168536536,0.541989716835823,-0.418592373157623,-0.359405407312683,-0.608564782800259,-1.09654752736752,-1.2573557007117,-1.62722403013488,-0.875606529414119,0.189697709051053,0.408146011143952,-0.504392719687247,0.42407363779812,0.531392709344339,0.45156784341857,0.441522568594025,0.0531899573830983,1.06877201758989,0.680346004746541,0.796341042412556,-0.875125933746676,-0.202656332795765,1.11180954752776
0.254206059241961,-0.846911185661981,0.887155974927997,-0.0745683083812033,1.32998524509795,0.288729987160885,-0.595466707465035,0.703728952072706,0.0573963053588362,-0.00968340389085265,-0.0226142375199342,0.630265083781574,0.471485638199904,1.16133921946072,-0.648594312051324,-0.62407177699689,-0.196563265526098,0.29037513595703,0.594182866840204,0.406494274748869,0.0731066402511275,0.532364187965138,0.479465830059202,-0.052398931385191,0.00450906414269818,-0.472457801575402,-0.214422340041865,0.324495962624366,0.175447949247524,-0.156877561085316,0.136714523443174,0.516703457076805,-0.443688922830738,0.507416105805124,0.83364815985825,-0.0609482763435858,-0.842782030667957,0.140770769076768,-0.556894977250124,-0.409465818611128,-0.885183470507186,0.824384130333115,1.51647817938036,-0.401039388278694,0.92729079234724,-0.324148819423037,-0.68530759547084,-0.523813670287169,0.256179081263159,0.0593824244683281,-0.445277396138809,-1.2734263051669,0.307794951212706,-0.170315116875877,0.179387110210151,-0.40570417707023,-1.01609402060507,0.99602588943679,-0.555580716125814,-0.99581531077212,0.332493762089824,-0.939194963580649,-0.055335080640077,0.750238171074154,-0.0780244762540375,0.818217438898843,0.280971809016043,0.710945451136604,1.13515752721806,1.20425454418519,1.38422351485112,-0.326746956895417,-0.258637258169171,0.64679706910536,1.11659237481884,1.33200302813289,1.57554672355806,0.397629727319309,0.213166748077888,-0.480333135245051,0.742212666344588,0.269385299107927,0.0272854933324884,-0.179640063823843,0.00498349912170746,0.132403790361705,0.224426234304571,0.76376654227835,0.818030652748834,0.527958582520597,0.844569690296762,0.683362168792762,0.152956048387836,-0.0400749158565278,0.814480238604563,-0.284216738425447,-0.531755858779742,-0.156677661261309,-0.278471592105356,-0.332735198057977,0.0668883330610086,0.755171466322172,0.250600715683715,-0.381169817777763,0.298358013817663,0.829208125962329,2.58557405366875,1.30445091927179,2.08461329584051,1.10907857471932,0.675063006816791,-0.257704751920548,-0.290162426800818,0.124242717306744,0.485143233048382,0.41352963037061,-0.774010926732958,1.02336355683223,-0.431951762321971,0.729871542899889,0.0798755993787588,-0.142600447614674,0.180717496630659,-0.624593206008241,-1.16917369558418,0.0898478955566472,0.0811250848594024,0.610768759515062,0.22812648445572,-0.284497968241498,0.726806435400769,2.75621124118291,-0.525911629722777,-0.122064799773704,-0.805609407362514,0.347815276851785,1.55937239057658,0.432869160180317,0.204877867969813,-0.31693951208965,-0.741181721773309,0.24669510097339,-0.0537858680341729,0.681019708334622,0.939034485428908,1.49961084997432,0.139577664493549,1.72649286303285,-0.837446115946439,-0.92564827202215,-0.161918263388974,1.48566770503263,-0.849804505342174,0.592080251262906,0.090498144322232,-0.214252638089918,-0.628960089721226,1.11731505102384,-0.945037348863027,1.09187392052619,-0.666271321743407,-0.190111023349977,0.0209508092871914,0.722096034079308,-0.179864855809088,-0.299404438010605,0.165138261504804,0.799614445893594,-0.407002541751408,1.11184274967055,-0.766525107355949,0.253138015722088,-0.93087494933161,0.90846816129137,0.296338137911163,0.536351010654216,0.0157294024855153,-0.333818089983993,-0.610351672783639,0.912377909206129,0.427271834429254,0.320311741884439,-0.20414873056019,-0.21436122455731,-0.296087838796849,-0.626863314928219,0.337989183421117,0.302511337316737,-0.267705642703844,-0.761281061992204,-0.465187986521123,-0.476719192211587,-0.627601734194636,-1.28080056718152,-0.443303372811967,0.827882576344409,0.545583473485964,1.43198015177964,-0.545802287540222,-0.202024724173032,0.046307241499145,-0.370615874927885,0.0863253774623376,-0.630939391638392,-0.208537749065335,0.892325963551604,0.693110378679757,0.301662191468291,-0.82707816842366,0.796611851918562,0.707393523590088,0.578053776873442,-0.660744214805928,0.382104096066561,0.266922968735083,-0.592776685857077,0.468133280624793,0.0529133988416677,0.59174635110369,0.702451461205828,0.459557267944359,0.916887268675783,-0.406266150496274,1.66744487150358,1.55960683594664,1.16320280277948,0.362948019706221,0.340561801120732,0.44573876276175,-1.895155104495,-1.0823461398911,0.961564602884784,-0.168362620926701,1.73433021782115,-0.980834388194239,0.597392677824252,0.751782605068633,0.701837566229585,-1.0000368688024,1.18510769700601,-0.453105022344932,1.1282425619303,-0.193616278305751,0.965304706303037,0.0955777517265327,-0.389805435979522,0.395552743871327,-0.0997940641967294,0.703888707973011,0.42834140328991,0.276324653454493,1.37382742442838,0.495558249645431,0.144358511054308,-0.572403481898289,-0.611151453070633,1.67151273941383,0.281902086223097,-0.555675897914621,-0.514653357364705,-0.190860244080149,0.00497838069318195,0.756183408933065,-0.791818848046187
-1.18028763845047,-1.43069237735614,-0.88328938155824,-1.26412622314444,0.167851861970136,0.420935495735852,-0.707990017784192,-0.480907716853308,-0.308200970957788,-0.790766036479356,-0.290916609764881,-0.196134475234941,1.62144732482945,0.065645670774279,0.732529155496916,0.161706099419641,0.931108093324202,1.97632894879197,1.33508111758954,1.69050516074288,1.00374880835454,1.34723855342579,1.18510688921859,1.16137764842019,1.05639154486381,0.747991371481263,0.580270612285388,1.78978531733642,1.39615430104732,0.749845036952524,1.11147512103738,1.48092724881033,1.42921124014082,1.43228790633718,1.26396947080928,0.576215246291213,0.0713535208390745,-0.138567227994109,1.01294946496008,1.09012747500495,0.316974963472921,2.073011445595,0.463679129602479,0.977645946465043,1.83069164434374,0.34300892361874,-0.334528159844756,0.308366609546774,1.24461604242703,1.08957382893181,-0.229190581549826,-1.78112430324294,1.1433376063598,0.0648996371441701,1.01973620592137,-1.54742751171224,-0.980260619878494,-0.36548475907175,-1.53845886500463,-2.58559535486398,-1.81947145373876,-0.389603417453902,-1.26681555728523,1.08314864077386,-0.12706034853737,-1.06489522020744,-0.139871962171946,2.08217701426083,0.897125339261491,0.370459611239338,0.93134245634224,0.47629716943828,-1.46981446294535,0.868038860571503,0.403246710274252,0.955839859674111,0.0599213458497841,-0.941857605609145,1.18544191914815,1.07613013532893,-0.471170696974562,-2.14785508664144,1.1362559274231,-0.652434349700537,0.602898214161286,1.26561406338944,0.84461435744467,2.52881475796472,2.59444356875066,1.94851696120025,1.53300854060475,2.03993019648639,1.23311462779677,1.17559707228628,2.03486752162047,1.70290756170484,0.326060377972696,0.445327845135426,0.174261587606179,0.124781654232551,-0.75528934124093,-0.562922946785005,-0.208683968550758,0.0632747351974567,0.636274600944074,0.539807910192719,1.3420443086048,0.951532525933048,1.2903210519157,1.0854390611909,1.54351299496324,-0.928402063886963,-0.731400211339568,0.382087321404161,-0.175289816950461,-0.497561767404041,-0.846024367858625,0.482867082842935,1.31905750111707,0.914999944110965,0.623314609589737,-1.5128522593618,-1.27166011917673,-1.77721366081173,-0.456193754104437,-0.792346733418499,2.05056184155799,-1.56839982104215,-1.02465552211225,2.00581442139372,-2.09267138174745,-1.09972838676973,1.14341259949984,1.19044542686841,1.80327803100912,2.04160142439885,1.94169669533747,0.239343698224082,-1.88590106249235,-0.832562520794779,-1.54430770842266,-1.20454627739386,-1.40101230255918,0.51519396906422,1.35953658164784,0.711519926952175,1.36887586934476,-0.885061091584949,0.31246251259232,-1.15825975744304,0.841669677212353,0.449917521743058,-1.59155816426661,-0.876749963889685,0.740733277558652,0.194227833704628,0.625410901001651,0.332539041676088,0.351365420724213,0.416172228259554,-2.02878293062479,0.114301130787694,1.34713507432415,-0.43677972457851,1.77941092954066,0.378425897192334,0.98948268829882,0.0668964215307249,-0.509162250132332,0.80090927200107,-0.967982514664889,0.669159197649088,-1.42294177316832,1.82061138532055,-1.10636321459073,0.78713001754861,0.926344428190373,0.291241025374197,-0.733923917018998,-0.255587243680577,-1.53726782677845,-1.18526965718801,0.464131028640903,0.901547626599576,-0.479723206785469,-0.377160438128118,1.64145561564071,0.943714224999389,-0.500841643808239,0.746943109139427,1.05647790742095,0.924610626688248,0.300847023470749,0.282138444851303,0.320377409600432,0.0322049674235793,0.438960021807861,0.0912094081751706,1.34698117580337,-1.12068213270951,1.42960594234099,-0.785720809710505,1.60327668835359,0.601742415628868,0.524206042706085,-0.935686761683995,-0.491288667733473,-1.03100957237727,-1.68994615535486,-1.24796965245204,-0.626627637345886,-1.5357619532254,-0.857079501996371,0.710997675403782,-2.02140076003017,-0.927937891747656,-1.47178304105798,0.515898554758038,-0.88395530143542,1.1566739647039,1.18255370830436,-1.05443636675807,0.00997280845242214,-1.33640950872063,-0.603890676858564,-1.03516245172918,1.29682264568248,-0.998077569867852,-1.00064168602336,-0.830397373513464,-2.16019080295343,0.479797906928757,-0.559159769924208,0.488988820282639,1.13848716248848,0.191962388748484,0.401316934471725,-2.00628386398835,-1.31103286061088,-0.0992541048896264,-1.10720466958398,-0.296716514265253,0.250988696037405,1.6936565954052,0.510364214474644,-1.15010329909266,-1.27115235015179,-0.998737401200829,-0.459455449856601,-1.27002262708205,0.823219357726821,0.285038773379039,1.08074614895425,-0.00138420801488157,0.431836173425966,0.725632909343709,-1.72905355891084,1.15553496624745,0.627249610134235,0.419104792265367,1.67697791835241,-1.4246455696212,1.51355478918233,0.865246081410675
-1.45805834359349,-1.01302688145609,-2.74558324652625,-1.70588991174473,-2.02531199632655,-0.797088855411358,-0.0538414635150976,-1.28917930873502,-2.27952808218281,-2.21707015099189,-2.14762211696109,-1.80091794123314,0.271303355250856,-1.31695833627263,2.80918061549795,3.57240733151747,0.225421555635961,0.957060076314322,0.633440849650344,0.705765063740604,0.89472526806522,1.01711900773338,0.502424870854886,1.32984635989075,0.49630767451113,2.32801086971903,0.26156755392552,0.372042699091594,1.31821551915722,0.816125900457432,0.448216995618676,0.265836777009092,1.02858465712424,0.543277268989147,1.19310486325231,1.22223698894377,0.605523066394397,0.58497245222014,-0.199906829145716,0.751635454427971,3.21732596043574,2.20135129811052,-1.19823997304011,1.58907142097364,0.446826083655981,1.21482546403731,2.93312029013884,1.0996505447428,0.55353322361906,1.4877241777229,2.72960244181414,-0.538660797973062,1.08381259029335,3.36189533367182,-0.582682763628732,-0.815205112704449,0.00302865552942046,-0.0533592774276655,2.46587838733301,-1.22145749454751,0.0490054784208215,-0.965506354452513,0.345481633107108,-0.450153203463,0.0727940772854125,-1.22408144427312,-1.60150796653001,0.241953709632153,-0.63298413630624,-0.480157613289059,-0.903502753324125,-1.01193374073784,-0.113619877781755,2.11836779032236,-0.628343694681368,-1.01445308028199,-2.04159521344379,-0.990182531570554,1.69468975926996,1.73128512952015,-0.949353929376477,-2.33028539401453,-0.364065037390293,-1.48226964526016,0.838416016584208,2.66723503213687,2.57149090357154,2.00933753755095,1.38506464681469,0.357076358545624,-0.0933176840530832,1.40417417414033,-0.153385330877743,1.70491366179554,0.420564596715519,1.02301259247642,2.76673874237867,3.35807930486599,3.42497270901341,3.05639690744244,2.30435939426561,2.64221132884652,3.32367351906317,3.36953825262337,0.435609755552472,1.34212217274513,-1.0992480541549,-1.01625045970037,-0.784494372629477,-0.664991573286634,-0.735826279807631,2.53839346108932,-0.135203371946969,0.859165903712296,0.484944734259109,-2.48627219022086,-1.67803718458135,-0.932599638452734,-0.819024193631607,0.355256265314862,3.40267347209443,0.346375576788415,-2.03019998766959,-1.94328698024876,-2.14511785527744,-1.28807660836665,0.126411599568933,-2.32666291591115,-1.95926308209788,1.57140909098603,-1.23354687552848,-1.12073355451387,1.04500908214306,1.67912816532679,-0.0107223848543894,1.80592123466639,2.17647842665908,1.36452459314817,-1.49226507920665,1.09651408181553,-0.942487027224193,-1.47223513274984,-2.05973741535227,-1.26639974162523,-0.189949036562902,-1.69007454631529,-0.0225222505860434,-1.42344932318235,0.5446436219294,-1.0047036222575,-0.606199532074509,-0.52524586849111,-1.42906159947967,-1.3874241471979,1.36547749983724,1.18657911405825,2.14270073032335,1.35549368076452,1.41032919714632,-0.931896241274379,-0.923385341294486,1.0265893332519,1.15999958617991,-0.704001303425721,1.90396652925644,1.59971246407581,-0.165083647806863,-0.341444235701022,-0.0138956000675687,-1.1771244099284,0.249951814842028,-0.426974920493088,-0.0490786773580745,2.54060586722093,2.34248037083877,0.732337721504301,1.57309707831922,1.62577247617244,-1.51556709787895,-2.38190454323671,-2.38067903022866,-2.47809749457495,-0.664449432003888,-0.688151722309615,-1.80729285541734,2.57909446360603,0.810229740999852,1.86577019564994,-0.475755550032842,1.27815672359428,1.14132983405542,0.645068605769345,2.70821648532346,1.29694429042956,1.02569680207988,0.361772348934279,0.947261103480837,1.5294855960934,0.910157820839984,0.420251195372967,2.18369894737226,2.87599672027132,1.72825704513138,1.2108321135739,3.48985324601853,0.656439490204322,0.110270142954221,-0.0492277135796288,-1.21406172816822,-1.42381179269934,0.135102594338407,-0.737993456203322,3.5744017702426,1.31626563073627,1.00954116698948,3.23718139078387,1.97370280695328,0.284617745241705,0.818080557280841,2.0730009312728,-1.20204355687166,-0.898295234152228,2.35544341746202,-0.675043841625731,0.359209317430225,-0.783965200543696,1.27376960986841,-0.806304677210013,-0.821873114671024,0.124930266288069,-0.235216731492152,-0.974988355129597,-0.0496309062510291,1.49039693268288,-0.277520728657749,0.309726040874322,-0.139152601839811,-0.5078802849162,-1.97224370500438,-1.79687370845869,-0.337334649660468,0.938694135758414,-0.10876173392161,1.32660599948834,-0.928446699434458,-2.29258025167898,-2.39456483251438,-2.43449212513733,-2.96000021557503,-2.43762845657162,0.60335910275702,-0.590502526101962,0.396177665985809,-2.42803019470338,1.75614510708401,0.658992938628972,-0.701608273363979,0.747645587113467,1.42910217036062,2.02808379012613,1.4504320278875,-0.12044809659932,1.17440969038673,2.25723894004297
0.676107169496892,0.342625893113679,-0.0677639117849161,-0.23124363580499,1.37963668280918,1.10915921309233,-0.58305522354152,-0.309016495656836,-1.07200535998376,-0.988810305225486,-0.667456810975147,-0.345083271441481,-0.400798268847229,-0.00221678682168014,-1.14475910709096,-0.71522677540066,-0.383422857581077,-0.677313892232,-0.0646130201579645,0.621315161040592,-0.757539869388343,-0.854926254295319,-0.56158742498526,0.698653089244049,-0.968702077334833,-1.74161729439083,0.591678846884312,-0.624049267166557,-1.91929209135442,-0.643456405996839,-0.836075439394936,-0.580867637664287,0.508712991245771,0.263738375295398,0.179704151763975,-2.94833035269642,0.677794285613228,-1.40434319786437,-1.0985865180396,-0.326873434192435,-1.49718258047431,2.19263898418439,-0.735192652533955,0.232056464595029,2.09010143559829,0.428876572289797,-1.78905829452746,-0.657506893984815,-0.644203762678206,0.528710335627586,-0.787522613782706,-0.659101983368942,0.216004390103639,-0.85729199588951,1.48723580933165,-0.00473421360492099,1.10160502497835,1.62193313285001,-1.12814943652211,-0.119898894771933,0.0816737232527688,0.546705603293661,0.588150305479038,1.64508440971419,2.12822199824985,1.59664577719076,1.08889630568859,1.88958604433675,1.75715819883557,1.65678810157546,2.43982170356598,-0.18470405587525,0.126266412686265,0.63550562533301,-0.281411052647891,0.864102094767282,1.33416781512447,0.210791610928535,2.07226588587614,0.241153454756132,0.535788893167237,-0.568163323539778,1.38095843525753,0.432540265899919,-1.26423029135008,0.640348295959886,0.741354844585637,1.51864425517695,0.304709002784686,1.03150115220856,1.04483547854033,0.71578984313879,-0.211194184530262,-0.39249555809162,0.25321668162297,-0.335829999430748,-0.684763977452199,-1.10547793222237,-0.70817758468712,-1.02066592686956,-1.62945614368278,-0.40808467389057,-0.535047844924836,-0.711884073814161,1.42674770193362,1.40997579353808,-0.461994852324862,-0.513693711111263,0.505125933533508,-0.00912728549535909,0.556173482207551,-1.3299127942201,0.494036740308153,0.560605061193559,0.552176103970832,-1.17912899468078,1.04993353228911,2.53093580442056,1.76693557478388,3.00303742901995,-0.665105717706294,0.592313525539627,-2.22807551926677,0.278874232204752,-1.13329755202021,-0.417036571612109,1.77750974732588,-0.84486245166207,0.310049688337716,-0.211308097250384,1.42915585040347,1.66172497158571,0.584677101260604,0.273674384231125,-0.484595841445575,0.0853892229266505,-0.554557583667723,-1.08371174424557,-0.694198126405423,1.16268055655219,0.863403752317946,-0.178207536537025,1.24024150486801,-0.0425136954353174,0.80377671824955,1.24895297933419,0.697398746440895,1.28915492137829,1.95290351681136,-0.491381781679805,1.20241453521309,0.554518598217873,-0.210102481992366,1.1948521328076,0.885421548251465,0.532443741722458,-0.441925793030805,1.51375542619124,0.0475917037900803,1.24576378416444,0.403370169827055,0.630882835349112,0.952823257480697,1.96973797296325,1.09161891047864,-0.11370640785497,1.02560432237414,2.54560994365835,0.596029950135006,1.46741906922208,2.53585197267654,-0.453520715356426,1.40939103607037,1.13688780503784,-1.09175242660908,0.620665002526814,0.915854965933963,-0.362163493390089,1.03167522320366,0.0729916457207019,-0.107700856354311,0.0649155375129301,1.17183534868275,1.06695490548126,-0.112016143555013,-0.477672832779458,1.22371471682176,0.667555806396342,-0.321800618114512,-1.48127327666096,0.66302235668475,-0.32198495161845,-1.27902124083311,-0.0966301859157782,0.455144632305599,0.0372956480829973,-0.194054479725553,-0.00862548904526176,-0.0292169259033012,-1.09165934656505,0.198906639711023,-1.3209773973636,0.439021071673419,-1.29780414334004,-1.70923319911813,-1.0074400541434,-0.12091370037759,-0.265414702779996,0.100003055948248,-1.96398105087661,-0.909860260230901,-0.320251820780868,-0.825559412077047,0.31014271407246,-0.297385588022148,-1.41320158248242,-2.50090605360495,-0.0794766492808418,-0.299618960677671,0.894359804849944,0.307668816316041,0.135582528320944,-0.344236502711203,-0.158868106956404,-0.537358256641646,-0.614900804515488,-0.187475987319879,0.960773880844794,0.192112480586898,1.99996975930141,1.31667614082081,0.738150376040896,0.823198569333293,0.766878762773907,0.571926005066462,1.24914001882168,1.07209074725375,0.0229338536044515,0.389910255181486,1.16332941134872,-1.16997183554287,-0.121308980790932,0.787816709074872,0.113548368979054,-0.0997618263546724,-0.962499248755932,0.0313685239493578,-0.0487931022627604,0.19649465259752,0.0700700763235214,-1.42094261463708,1.96092213820357,0.0756587527522174,0.636149381426833,-1.41086288566726,0.366351137740007,0.0603371096029204,-1.69347677237576,0.350347326869067,0.231491649720865,-0.259698824968657,-0.438018942395868,-0.708555406259217,-2.48255929290345
-1.92351658359916,-0.767476463685069,0.515779226779515,0.856842860520207,0.656483914966883,2.15338074871783,1.32579337718271,0.333422094261996,0.300507772239671,0.546282539019608,-0.0441983262251325,0.706779265391921,-0.217224788124054,-1.18988857307562,-0.27278130473595,0.226636283655161,0.406635653041368,0.608354420836789,0.641716275814671,0.819408172127717,0.100877821414307,0.39790764048469,0.816137067646239,0.480077978889453,-0.498401593565965,-0.22401314495367,0.908112315043004,0.231799930153071,0.0625387213271467,0.50533445580571,-0.156970112288802,0.363547175100952,0.0502492042429601,0.615630778564769,0.846284998359549,-0.6064234072883,1.03136728957234,0.667729306678942,-0.228671905273143,0.0351830908318956,-0.0750670766775435,0.950400979299463,0.943661667043458,0.635566758178186,1.51563888060055,0.0317164940158071,-0.469145791285346,-0.693556501864724,0.27248074549283,0.382723815912784,-0.0888654159698368,-0.332907112870611,0.130665965885607,0.146159262677428,0.588479596475646,-0.720004922492236,-0.77908101204958,0.348953290722552,0.426578258240942,0.142723605013213,-0.797791529561571,-0.909912435135104,-0.70435706663846,-1.8176405457521,0.415778439593256,-1.58672761104764,-1.28366421144588,-0.566654847109699,0.556717812762708,0.581999641247451,1.31039670166672,-0.415652975632406,-1.60819550576756,1.33130080163499,-0.531661477905003,0.519101336533825,-1.9387365357931,-0.0281919465952866,1.94744133158455,0.00268965908965813,0.547042276760791,1.1313604951757,-1.52293445334712,0.549886550288061,0.566876280077584,0.962828699731484,0.526908928657482,-0.235097834151735,-0.176384543288242,-0.399570874629927,-1.26275982189042,0.0692875260054614,-0.375195250266993,0.0479382600055666,-0.0218292598609033,-0.338478143982204,0.475917918196063,0.51960539936149,0.625363686285646,0.269604599629574,0.410692292649846,-0.193635998062642,-0.423545765842728,-0.361747488584261,-0.687741657766252,-0.465699485543827,-0.471025295380669,-0.384107738703599,0.0554858309405279,-0.387939160578654,-0.672056818616137,-0.413148739999744,-1.93477133792498,0.0999453891036962,-0.734068521481361,0.942984790090737,0.965802611704312,0.177557923315792,-0.1659561816581,0.0103432900848307,0.194836794519377,-1.51958395071789,0.878960319459382,-1.28354716651663,-0.368927645042263,-0.0574778846109581,2.18186896133765,1.13146150330085,1.29094665760416,-0.275034685732278,-1.19528789083844,2.1473050907193,-0.681957631541666,-0.0969245311888894,-0.715297292177514,-0.635433821225675,0.368285579014257,-0.451883603838646,0.0778971218367222,-2.31064984085646,-0.827385899306495,-0.580505168935105,-1.80593945485203,-0.330674783918936,-0.556719598535102,-0.812659189477782,0.0220300746523342,-1.77070964254232,-0.121470250013293,-2.35079351603404,-2.53040202341733,-0.40246042149145,-0.463965813870941,-0.252633345923389,-0.796778629351299,-0.405668710545918,-0.394904497542651,-1.91641657757046,-0.609869047973451,-2.50555681193063,-1.44935187997438,-0.66310498973787,-0.532806653823995,-0.645442651631747,-0.778821008189832,-0.433302941774368,-0.507270176118335,-1.99843437200407,-0.779225917490282,-0.624187045421749,-1.65144448655137,-1.08151524490206,-1.29785158628595,1.46779439846697,-1.0701461853702,-0.0366009518274383,-0.0262634121338274,-0.230515254448371,0.071536495206232,-0.430082303947493,0.0443789986698766,0.846553623445054,1.35757836623886,2.81746062169444,2.49584322985597,-0.489883082264986,0.515807069055735,-0.0904006304472256,-0.0268489933075225,-1.00061774037669,0.270425342898834,-0.869505511597673,-0.717525279026496,-0.463143335868944,0.0610213861310644,0.283647895562594,-0.510877053237722,-0.834036022096944,-0.712111336351564,-0.24361459974399,0.239827430055793,-0.0353695859314246,-0.0116184561205364,-0.484671578376411,-0.0625554700744158,-0.187207967126204,0.988161245928961,-0.304669221702429,1.13861934128064,1.42873092522228,1.249674403041,-0.0880257900108437,0.0985263038823595,-0.10326110791521,-1.33352839651746,0.317554960536654,-0.268607719650665,0.249790834500014,-1.02624351746985,0.680436163640506,-0.331477865113992,-1.01529225809986,0.416649565314539,-0.698088145815292,-1.57296826814967,-0.962001229366842,1.6013722896879,-0.533040992394084,0.328448807860296,1.72140955846565,0.271051531439209,1.2351593185774,0.254630352452456,-0.344197416773815,-0.655895258297858,-0.384633292104526,-0.898762918455469,-1.46022905616426,-0.9720395674664,-1.81399839876787,-0.64623694230176,-0.678887828285474,0.736834369238462,1.30872722446866,2.00532574934415,-0.0813140945828933,1.01707612157688,1.02629809796694,1.04444659568479,0.824105122396461,-0.234553537363689,0.778817041246392,1.72213789263046,1.19227476910019,-0.551013834294204,-0.210173139559422,-1.46163816880377,-0.0404402085183403,0.00255655031915241,0.062085618685375,0.473310412288298,0.404893240815801,0.875367905043192,-0.228693794450626
-1.41375049324386,-1.18558664452686,0.42043590154246,-0.08691531050284,0.249702500965003,-0.438979953518416,0.178321459281476,-0.312586698811309,-0.241780955107798,-0.552784624118253,-0.449431252621852,0.38803801910911,0.707985952791736,0.805637335080365,0.788386517807584,0.471313311891979,1.02932239121985,1.85875087243328,1.27473052515523,0.879607077821885,0.735806324322803,1.57927539226662,1.75326209880113,1.0398347596981,1.31462680548379,0.512660148966815,-0.756689820523805,1.8010835172409,1.09718315263584,0.321499049788111,0.65865056341469,1.1944902900208,0.364050903843557,1.49020841396174,1.42561116434368,0.225173183861299,-0.160847299733504,1.03177256858878,0.746336347422094,1.20604433666091,0.54646428063115,0.556473513017171,2.1917923215194,0.485019539828477,-0.213230517685581,0.804775770495134,0.621665956227488,0.961561899356619,1.08280204414082,0.991731870207972,0.116983829230256,-0.281749249161798,1.47843147763746,0.761098046478181,-0.884733969813189,-1.01646867627536,-0.255663908546873,0.10034786142705,-1.15342201859095,0.119119900699878,-1.33176362988204,-1.01786076574598,-0.752218862136871,-1.25952964157741,-0.291080242440222,-1.27411195656062,0.188894042565755,-0.498562925474551,0.169725971629518,0.0279047492025606,0.591548585289114,0.8794928909725,0.102442335270336,0.727190191424181,0.123223334429383,-0.0441758967973622,-0.581548715234071,-0.401004867106687,-0.143890030212557,0.356205011194485,-0.441706582299009,-1.33467690733378,-0.809166598145995,0.161406627996375,1.08914849490035,0.548487945580895,1.79440221396776,0.291542206437103,0.33709628058753,-0.180652539501743,0.125212299294179,0.352094683801438,-0.0796623970831433,1.29146599155376,-0.621208137254354,0.821359085410735,-0.438731472756253,-0.441832638919985,0.0623075483497338,-0.340374857672924,-0.986537972287758,-0.0299388052791017,-0.689607196970429,-0.674289764281123,-0.0442610240243454,0.192039784673894,-0.403432408697979,0.2697232744133,-0.172255050205497,-0.0125662544570472,0.817118906421601,-1.55522831510221,-0.0195048639938597,0.1781114830221,0.481913132084473,-0.154254395353592,-0.503807145771688,-0.756493560786205,-0.0738522613174954,0.403178564767919,0.588300290159511,0.262793645647282,-0.408928909704373,-1.01332455972585,-1.41266681456131,-0.681735750053842,0.636672455026999,-0.976675279198615,0.187700479306097,0.093299043369472,-1.63096160760821,-0.829802173503103,0.646889208704702,0.263380396602344,0.729037768361417,0.883947829878659,0.370306235065264,0.627535451271221,-0.850050002394435,-0.462986109361535,-0.721720126581317,-0.817366389871861,-2.12147913329396,-1.74800973149653,-0.604273081089602,-1.88639288934615,-2.17307350149397,-1.18159529433722,-0.571906826035279,-0.462078774401001,-1.82406744053413,-1.51078635959594,-0.894730137211383,-0.38694721898244,-0.0519049862274014,0.357261848079743,-0.164784119329059,-0.884724162345862,-0.0787349546082981,-1.20528350745715,-0.75817294285695,-0.370696057948147,-0.0989419460348617,-1.66915187871839,-0.546236004602167,-0.4259825946637,-0.606261305727943,-1.79824042798592,-0.898738077271282,-0.927371209485398,-1.60543042015156,-2.1038249703538,-1.28067588107334,1.95686510583526,-0.555761178060663,-0.0634456128031917,0.536624909149188,0.531308496229221,-0.940883531418324,-0.0389617528297832,0.073966272185183,0.634894800352608,-0.104497317286201,0.80859865668999,0.292701593378551,0.264596472922655,0.252381721236004,0.262454985516883,-0.0356397866027268,0.669849979567958,0.554868159638472,0.944445841261308,0.484916978772157,0.410892342459707,0.265564766430104,0.38208803720777,0.0427653812626355,-0.628556499615397,1.15832883548331,-0.845604013125885,-0.360661823490295,-0.728817191639563,1.24127877534025,0.376689355041678,1.01781796350297,-0.0477612515947848,0.169917595456438,-0.899367504573609,0.642306143757931,0.215411395899656,0.652966577670254,-0.773131858606076,-0.0635521587950635,-0.0500128898955287,-1.30116307106866,-0.652842780977992,-0.277883533256024,-0.190102832619389,0.106546195274442,0.660314099884349,0.606762460708027,0.669695209527627,0.204357576379009,-0.289699650817136,0.415639495397016,0.515260262909888,0.821721144965287,-1.0844090804456,-0.168006987572474,1.13192750808252,0.731052264842178,0.412136505742645,-0.138038551483573,0.655339687267247,-0.340377665189735,-1.74653469823506,-2.17313949476843,-1.06176003537213,-1.40792343498794,-0.772330425958139,-1.35692273189926,-0.256761444083495,0.164129573727914,0.534096862507613,1.44283746150322,-0.775180063894074,-0.449590277163179,0.116080483892594,-0.635383264520213,-0.18070290550045,0.679170509567876,-0.955157505723145,-0.45045198119951,-0.0899703194186954,0.617890097366351,0.362875476508157,-0.730719028641667,1.12752166457602,0.433139281815243,-0.505741781376018,1.06483504669493,-0.893358895996716,1.83193948213555,0.424846193201015
0.324598941630363,0.718205205219492,1.09714616586153,1.77257976269369,0.412685497826527,-0.368088212186326,1.37502530925984,0.350621970439421,1.89509506542457,2.78536543904465,2.33936469601098,0.958939828405829,-1.2926429803465,-1.32326991446385,-1.18655999461692,-1.29463989671173,-1.85613852729091,-0.293571811554042,-1.37502936335335,-0.227970004292028,-1.2755919631355,-1.29805268093655,-1.15475877956119,-0.663631314473227,-1.37735519064218,-1.23698949624075,-0.442575230057698,-1.70939985197376,-0.61652246328652,-1.9958668132898,-1.45815194451904,-1.28331614375022,-1.8373792859093,-1.07510920636414,-0.978301674833944,-1.40935130241513,0.592148171552652,-0.858792592276048,-2.3367559968713,-2.21954229991425,-1.46913856979317,-1.9824233005018,0.251693059760776,-2.0005972434674,-0.799000628761375,-2.23841193533516,-1.1711555803386,-1.44575627672776,-1.42133757611348,-1.21817323832016,-2.09513950053972,1.42717166978936,-1.52401570230375,-2.18672548648783,0.781475185978203,1.51443553945468,1.93457837179453,1.80924083334919,-0.30806223093216,2.26764932888582,1.24889923943899,-2.69643832429462,0.512117510963976,-0.216597906128332,1.23522655153818,1.25937463479599,-0.925595909050519,-1.76943551721028,-0.881326500333626,0.573822200084767,0.0816874868076198,-2.22877414562803,0.979840762915819,-0.198588546830684,-0.210781613114075,0.0623849308912937,0.184382719282304,-0.190640517854695,0.0157939957298517,-1.84692268008863,0.0630150828218257,1.135008614937,0.258029462537109,1.87482651295783,1.39325664957647,-0.192938280784521,0.225903280232338,-2.1291884440752,-1.95698359028913,-0.808289015475291,-0.386503797362944,-2.54848271580397,-2.51778498049016,-1.52353590303153,-1.46490467005929,-1.56693929230712,-1.99500081280727,-1.94026880926853,-2.08887949694275,-1.27152844167715,-0.879446013343319,-1.22356085941134,-0.826417611305258,-1.729943020185,1.47610891658342,0.703133080878273,0.774933573220239,1.3409137463961,0.495610957913597,0.982952680852251,1.65306977547997,-1.01599683789257,1.39830488387364,0.82555238657396,0.519699782924652,1.98944525730796,1.90553147381507,0.980093033312604,0.55398289658,-1.04150201885084,-1.5138837310268,-0.204395429416508,1.87476005221717,1.38002121684715,0.407918459233195,0.0176883086724049,2.521820951505,1.77047475452457,1.45337561420936,-2.14004836931108,-0.259165681899937,0.0401981504626597,-2.5163852058247,-0.791177853701844,-1.25450712485761,-1.85242302575239,1.82657991400216,-0.97716087784423,2.85905264671769,0.960929423104582,1.43029479913841,1.34200239510275,-0.129829904950334,-0.737053378779434,-0.591747277358261,-0.782715109813838,-2.32275641764671,-0.557613191192112,-2.0485500667638,0.0698184324346457,-0.974764100967127,-0.769575981383154,0.841371784258664,1.230778767262,-1.9233715018384,-1.53711032950964,-1.24068242900934,-0.898955145361581,-1.43941724690563,-0.940545607521362,-1.02450242260245,-1.88882181105249,-1.97642345572735,-0.986274057567455,-0.91244347172571,-0.589317856049716,-2.09849800572233,-1.33155019818608,-1.67170491015726,-0.506980208165063,-0.881548308095446,-0.922869130885931,-0.788732324350877,0.5363896129945,-0.402107258878371,1.2043438975941,-0.483839816997033,-1.04517246521666,1.7539886483266,0.616549411499311,1.01807495767604,0.782191181519428,2.31808489271058,2.79952314894951,2.58968634788497,-1.76065908865995,-0.947756063110636,0.519738300807385,0.586977925352021,-0.699176188988058,-1.60297160346553,-1.02338289927461,-1.0679267573438,-1.12549898555112,-0.914124477169921,-1.54808369059449,-0.157606370750041,-0.311000133496905,-1.18542403538438,0.86950209788354,-0.855515348753624,-1.79535700025702,-1.86513599141123,-1.2556152853752,-0.919815365346389,-1.19899939419404,0.294605452056522,1.4325558128041,1.71877665582384,1.94679921527736,1.35181942742889,0.0952830488042194,-1.50620413376728,0.567780319357143,0.0711317488726558,-1.31826330023835,0.0265343670786592,0.575853166161485,-0.390313031891213,0.645198182295125,-2.50985123891355,0.844029742153254,0.993295572904446,1.4815889907985,0.948725985968358,0.151682544315944,0.825984224030443,-0.593536972611536,0.400304880977676,1.52970019367403,0.981413482879839,-0.104962732334285,-0.213637298017313,-0.7998323060693,-3.21007594431406,-1.18177520293842,-0.405804969225599,0.119602090606892,1.57824942155239,-0.867275683206507,2.0175868735601,0.753125005489096,1.45828592391876,-0.720709115857522,0.360307901119868,1.73775681666669,1.84176048623804,1.47614930963352,1.84193532306973,1.2959382723074,-1.48869982793533,-0.538017427537391,0.16182290168399,2.29373886423005,-1.28992379387208,-1.47330048206875,-0.457359990002115,-1.23828590408533,-1.46461634272881,-0.631825928728891,-0.296310053117808,0.234200264331227,-0.947912675950663,-1.11497920198416
-0.264234783356544,0.0736641783911925,0.487276892432871,-0.162590504060677,0.367508089332604,1.73183784698203,0.773939798431848,-0.828217634224681,-0.0786746370978568,0.600455917902338,0.710932113014892,0.418147709565754,0.983857522212232,-0.184639124800475,0.235695516565849,-0.0288748796454271,0.647190546193908,-0.388510014800347,0.763517926500035,0.0167825313877382,-0.066613046420024,0.476577225064531,0.690066967609064,0.759495378081045,1.27158855317902,0.647731989266771,-1.48976425804192,1.13135569167424,0.571788541718716,-0.0893068697835684,0.355174219474141,0.725522153887107,-0.198630181335017,0.804574584646355,0.139595131872811,0.395009508453078,-0.00747170949118375,0.144330466106977,0.785229028316686,0.372963100703514,0.341710816729135,-0.525678304990626,0.899752789355143,0.425835664755657,-0.434054669565664,0.566454657012383,-0.121500062988924,1.138759360365,0.608795024656925,0.51465417009427,0.0928344820581568,1.58050440658028,0.915749516276763,0.095046083730781,0.343688918792231,1.37239202854736,0.366223340601348,1.79523738126386,-0.487875703391683,0.71891096036393,0.411000384661793,0.676051321088852,-0.325033384313585,-1.11289710625701,-1.47977161188578,-0.293543052794451,0.163702735190673,-0.610883075036446,-1.20683746956754,-0.439856605826016,0.610353850596084,0.824695764817197,-1.11539110559606,-0.674885682671677,0.521446223842172,0.70997376211331,0.568176754543931,0.0215067156554228,-1.06308285004221,0.19590066627139,0.239058018498135,0.662705634785481,0.117673512191102,-0.302173691666707,-0.925962403095102,-0.944034292160805,-0.0482626774249872,0.152963250122125,-0.179615194923757,-0.135622125445682,0.365886563321969,-0.0436801180371983,-0.206113531359614,0.717280254880168,-0.752965650596492,0.654524856843077,0.204745334580134,-0.304200893153219,-0.504011210420578,-0.447582686579246,-0.49088859804855,-0.668295604064437,-0.653879450542477,-0.866004808960669,-0.234632194008721,-0.0498743908906957,0.411729067767946,0.169714924128763,0.453246067343111,0.830430503683174,0.383743895457758,-0.515690139852138,-0.443567371226381,-0.471212842008831,-0.305343278372329,0.429226609969597,-0.0859086926237486,0.743180809865893,-0.345090953887642,0.585790066243995,0.0577491203523178,-1.35284912648538,0.182767759001166,0.479370598140983,0.223379895926423,-0.530672428747489,-0.508544004951984,0.742039308657465,-0.0126024912495486,1.00363607637212,0.598351825906301,0.162934059208492,0.0557709951730972,-0.0757482021866527,0.0429639695579857,0.703716696620996,0.393104416803182,-0.367529625653366,-0.0374073652304567,-0.777903884879997,0.0630933407843525,-0.00312042088291692,0.423286357328316,-0.384285121770285,-1.01218680694339,-1.17500585076417,-1.13848524068904,0.851012060158297,-0.457028316404984,0.838810596089782,0.585220651950761,-0.71989859114855,-0.176401448728941,-0.392715155509902,0.370673184590957,0.427584728081325,-0.284178531737896,-0.997297874199018,-0.529154987701291,0.692470283355912,0.497938410742208,0.200265234816841,-0.0524268340676565,-0.398497894631047,-0.639546036135282,-0.569140517060653,-0.705774902818113,-0.866092881525113,-0.0406637104686995,-1.27868793433105,-1.37454027486598,1.23723459515802,-0.39964561363621,0.280258802816791,-0.199426615366799,-1.18940772911195,0.611070785901357,0.568773041649039,0.273476115124728,0.40686712312602,-0.0633371517548311,0.0446598183529078,0.39588145452391,-0.695607405562609,-0.628834956326891,0.253989646748955,-0.824503386764968,-0.228815763974939,-0.808695906611008,0.868965881274482,0.364024632050548,0.67083149929428,0.153403022997281,0.430136815209516,0.516044398372399,0.437365347548042,-0.267154663307799,0.0537876401706496,0.634019895246668,-1.50495929818375,-1.11706215738673,0.461068372109254,0.558093971725213,1.27681780268146,0.4177665259515,-1.95887137218355,-0.070605688947247,1.39403779237994,0.218446377500756,-0.263746563180056,-0.314646656045872,-1.06304437080224,0.274103909833792,-0.560155289179183,-0.651265771466537,-0.52947066904436,-1.25398456069277,-0.632354182054699,-0.988351569287471,-0.395220216871819,0.382926991743319,0.0821803449409188,0.322895803490001,-0.0596776845140498,-0.0333067356397761,0.182985736569441,0.720017364279332,0.0995610895463238,0.0677208590537566,0.529191158299714,0.784401299307528,1.26139353647164,0.384043911675112,0.98998826455086,0.916711844055592,-1.39237141723789,-1.38423476561292,0.403180343977758,-0.0762124883530314,-0.209119632519574,-0.484848393493579,1.37986756147755,1.20759956277464,0.271171985612365,0.536180741546457,0.155444118414066,0.252389044097004,-0.000995572160642025,0.382224361082684,-0.38308138224962,0.679414230878051,-0.965218065535643,1.00553322430855,1.45918831346455,0.896259882648644,0.982304031119495,2.15029635149032,0.878790013735242,0.302917034072298,-0.441355411653429,0.644419495649042,0.963010244327536,0.792528930332333,-0.358430504593459
1.09370548343449,2.51434100368501,-0.258930872911357,0.328417429899941,-0.570379552386838,-0.446188475382328,-0.257375914278503,-0.754618201053953,0.570091092441619,0.605277391889708,1.26660482112844,0.113242104413859,-1.00546269386969,-0.0697423525542736,1.09285879454927,0.843730996549732,-1.15784137205364,-1.02958408151153,-1.10561292276414,-0.154299661054082,-1.25327350871128,-1.02318221176594,-1.34269895873896,-0.112236951085811,-1.30753428434431,1.14645323968137,0.33212543153436,-0.92843962674506,-0.189496850159682,-1.31263954115856,-1.04390256958368,-1.24202417134274,0.289552501525261,-1.33166328563528,-1.25029405837923,-0.285455096614171,0.71194117965413,-0.3366969582533,-0.130607833227342,0.002378958318267,1.05919882067155,0.368174305751634,-0.440573369505398,0.962873671243623,-0.660504191841739,1.11258499140189,1.14331652213261,1.15931889240704,-0.997502265606674,-1.28317357312636,1.2079353676551,-0.631881440731735,-1.4295082510713,0.900861542894175,-0.638943750214533,-0.600197934961901,0.659063844373376,-0.206825061272255,1.72509347187564,-0.545068094469291,1.02486232536624,1.64138132455126,1.46285811194291,0.585978257687438,0.772047058864838,0.320046799889446,0.377862971835376,0.287847192150029,-0.167213439152664,-1.12229629540501,0.856358374911606,0.928785248194156,-0.207547974430237,0.279388072639209,-0.489854371064549,-0.48261266101914,0.036265931041544,-0.0730641690637708,0.0877947249141369,0.330330243928227,-0.107035557990358,0.173802798444754,-0.316370731411642,0.49016523341642,-1.11565099538796,-0.174807420020895,-1.18168781271963,0.191404825690519,0.164597335526249,-0.00198275743446487,-0.452051213712135,0.557125005713278,0.731480045395751,0.562435900526978,0.252078015109312,0.121881815054758,0.853521596045896,0.610266946058533,0.733406690357343,1.42738354584664,0.951299426095875,1.65117964488984,0.402123779435418,0.733123868663428,-0.240943472984171,-0.291537342637096,-0.861367597555678,-0.623667616585281,0.00501851395953659,-0.556726929125318,0.0152343890150622,1.38509673508322,0.0375189713649016,-1.10117411137581,0.101446060136785,0.0308754504721494,0.14186243369579,-0.0420089315646571,1.77730036255132,-0.852351954172569,0.979190316570488,1.12519257891669,-0.819852639460087,0.0127400395730039,-1.16201770728006,-0.801447796289825,-0.797453521178667,-0.0520813905383314,0.0867133856603811,0.909335010995344,-0.484872955767237,0.648811725606981,1.18351866712278,-0.302073443865047,-0.193477396207296,-0.383223484075294,-0.49805818296929,-0.773953554930253,0.0797349808893549,0.513080439526009,2.06167347077163,1.35264168936244,0.0301755968158789,0.507143251415635,-0.170766442983926,-0.199895438977324,0.0541038032740143,0.318962711564221,0.0085645876500888,-0.567828564613472,-0.726362779138599,-0.145128932235076,2.01516135270873,1.52782865361634,-0.716415412343853,-0.875796402419715,0.436790100340621,-1.02033202867102,0.284644643683338,-0.444011391698094,-0.836166502985682,-0.369923957591179,0.053225431786046,-0.121201975273982,-1.31123053878608,0.16943642079873,0.0815340640232215,-0.365046919601103,1.00599469972699,-0.745777421642886,-0.202690619657726,-0.888913607160765,1.44357143384108,-0.347119650208122,1.21344841709356,-0.496070061853013,0.384961835572624,-0.270363626246759,2.1644911984727,-0.718608570879737,-0.0963488329804217,-0.607611163434209,-0.662064501459958,-0.924046962680057,-0.745294109724804,1.45534360845773,0.116477910363476,-0.598472593529536,-0.783195020461424,0.791846032164872,0.191285142785676,-0.231143596316708,0.9099285826582,0.0527767134669875,0.34594899296718,1.2483290713,-0.393959288171327,-0.183663050210608,-0.294102461825472,0.168574419951017,-0.221502942309429,1.68682818769085,0.108153137953024,1.01070074527563,1.9330196113573,0.417776648981997,-0.602252112182528,-0.733655129712762,-0.824591002262166,-0.988887017853079,-1.50579113299483,0.446231139470874,1.61480344666415,-1.02679178770765,1.66475942438008,1.669180125241,1.09775418486362,-0.712398692708848,0.683558592526107,-1.12538258173987,-0.0484434632358578,-1.05543620378642,-0.203097107917212,-1.01314810571963,-0.821678812225782,-1.08607831107798,-0.605528325494089,-0.355962245577674,0.0620524945268819,-0.124528368529181,1.20525109909873,-1.26723594813977,0.889891337497671,-1.07317710479555,1.23685291652945,0.88715716521176,0.81958111248417,0.757185079686262,1.94384994165764,0.287675894191559,-0.536179509807358,-0.382376125140688,-0.950019677640898,-2.25397596332614,-1.62598272319847,-1.24681265817278,-0.175303764624059,-0.142270361284226,0.0680234292018149,-0.0522630056137837,-0.555285862540048,0.811876427350972,-2.20859500896616,0.254008921125059,0.1531677896528,0.226435264170371,0.134358395804148,-0.887777185945882,0.641150474648281,-0.244478274293907,0.166731950732305,-2.35217098294268,-1.50329958059267,0.758966773234251
2.51292576815265,0.756567240141521,0.685493110713975,-0.799622109005326,-0.189370311855278,-0.0317350641108265,-0.564834650175629,-1.04535674855581,0.103413263885911,0.173813865360594,-0.248896331078334,0.0498462378553798,-0.238757187079996,0.498503376816898,0.305911698670426,0.616964770754323,-0.642061992705053,-1.82762933612236,-0.961233459832742,-0.451777111241393,-0.352223219382121,-1.14147585243525,-0.838555260761391,-0.323926483544885,-0.24440582292084,-0.0413774921826331,-0.542483600897257,0.341855904114505,0.0876257347170781,-1.27857617019164,-0.814904188449021,-0.736842098968097,-0.747580621057591,-0.289582955383909,-0.965702954697983,-0.219667029804359,-0.22221059917401,-0.711581680944514,-0.0953133131078033,-0.0886034917631054,0.382261954447456,0.0654554067819944,0.364310330092636,0.447592952853681,0.442676596542601,-0.469837328638319,-0.453567098782299,-0.303592030995494,-0.0131042655837895,-0.617675270435881,0.23625323252226,-0.641751224236084,-0.25727808823851,0.152978064456427,0.268173361098754,-0.0745176806521795,-0.462118475222074,0.0232878274074275,0.779452118256645,0.801965267244618,0.991979484422799,0.674496134680249,0.176016375311176,0.699817723467951,0.194392005959733,-0.382186060239815,0.22221250478891,-0.146623554925748,0.315798929927292,0.878206063606826,1.58959597669746,-0.461227905058402,-0.151058055522198,0.409069962651004,-0.702203521519012,-0.919298264225568,1.83946126129507,-0.328403450339458,0.1640186181086,0.398697242101338,0.762911053069027,1.08186092064136,-0.364886189110985,-0.606283962741087,-0.244857941149522,-0.263598767660799,-1.25441316766047,-0.113226657504305,-0.190215891684468,0.772537873817271,0.753217781462692,0.118537543366292,0.475126780847618,0.215906528628844,0.980049440892193,-0.119216678591588,0.864014108056348,-0.0100266814946155,-0.166616245791032,-0.408774936695858,1.45701030607672,0.935654028783086,0.5868633242866,0.331285166589531,-0.637077727960526,-0.175176863170848,-0.737630377202362,-0.536984284462555,-0.469664692009256,-0.260141817535198,-0.390243049131103,0.699023352571136,0.0195977005106165,-0.519097670232732,1.03387153958069,0.1828022646239,-1.54598181387666,-0.772443456352668,-0.796135629827278,0.621650898620919,-0.136110503627191,0.795737312482663,-0.35548280498211,-0.58721714526046,0.0746991797487814,-1.50451110293397,0.455577419279511,1.02571441296196,0.740794801207405,0.175743308308702,-0.270823101694017,0.74402575534203,0.632728707678611,-0.938046642570094,0.00222357067200705,-0.00559641869221339,-1.81739883868786,-1.65555153127901,-0.285929642745535,0.689935301446185,-0.0369048418499335,1.09430508349442,0.867542659595693,1.26321924599483,-0.450444387016045,0.778286426296611,0.279986006118771,0.131828972247179,-0.302686548885885,0.838457112846552,0.829510929593115,0.0392249644749864,1.01283448762588,0.701891238725096,-0.54103428141553,-0.579888052913322,0.0315954223531635,1.64154348073465,-0.229993661517397,1.05325691410706,1.54908525648864,-0.42706360038178,-0.164726437514024,0.969794235164675,1.65819149245288,-0.761012686823501,-0.0235201119935187,1.57111221900531,1.23264924721482,0.0603854979135507,0.930466061339453,1.46364163385706,1.22449428263296,-0.422555122359721,0.566457005756091,-0.953600530139373,-0.337460621984128,-0.86476540152645,-0.488210948873258,0.066559937958024,0.227706831458118,0.308206467450584,0.528880320203614,0.0427796254730922,-0.124791690533561,0.715541788686748,-0.447177643219982,-1.32187100383985,-1.00260736051477,0.196273310031208,-0.846229364561018,-0.0184078012993418,-0.0168832812913514,0.154266915259746,-0.329353700911726,0.517628767554001,-1.05375846961849,-1.27640716741009,-0.412202984266031,-1.03011242278697,-0.979751196082495,-0.0369313613185502,0.379343120345939,0.57110932521196,0.459988466712609,1.18270969388836,0.0391090209864066,-0.922260445182803,-0.816275800478575,-1.20444493358911,-0.693838808934377,1.90963275292696,0.162016120415732,-0.427360903738154,1.69620508373152,0.688108223452346,1.35922453474741,-0.873021602409296,1.07862431428936,-1.47839496356259,0.909166042091203,0.27204984656634,0.789419922291855,0.475086417196229,-0.0326001118313254,0.681202714691866,-0.971719379739573,0.405558314685806,0.534458767955747,-1.1109419802838,-0.309498188853656,-0.580088108639998,-0.563381247582974,-0.407793451061172,0.958751607547634,0.112756033744071,0.135500313785447,1.43717069725665,-1.39671953241173,1.26650037940122,0.350900969606265,-1.57420255286829,0.617376441598457,-0.843277918434566,1.79565647687689,1.18341243301948,0.921640365965708,1.10403052507637,1.40869114082088,0.905323536314503,-0.890241145111881,0.868164409279719,-1.83019154260051,0.300488789015856,0.0134557505361647,-0.101741764929605,1.63561434106908,-0.691332055294029,-0.450657186960001,-1.08861130763364,-1.28476811659758,-1.38406324274339,-0.988882171868739,-0.393329583964194
0.316291534644039,-0.215525546387501,0.471146201050791,-0.291099243698699,0.616088345996136,1.10795781803764,-0.872330424746456,-0.957689588541009,0.274215671634316,-0.240848596823226,-0.589766391124117,0.0549034385916035,0.460232154696049,0.71603573968863,-0.0336082100629003,-0.937210503020169,-0.22973216999897,-0.143828730870809,-0.319640680599805,0.498723914645344,-0.687062600578442,-0.0235796209172217,0.560747494953737,0.701243264315661,-0.523837453191248,-0.734678932227122,-1.07012379648421,-0.161562632519825,-0.121919174712307,-0.015046927233827,-0.690845321229548,-0.689850803225608,0.705730886604322,0.353554202537064,-0.128813748617706,-0.727110803626935,-0.890580732314055,0.330503859222569,0.226790357235873,-0.110556644819892,-0.689238408217574,0.450331239965687,1.07377611108346,-0.330113532415245,1.15676466633034,-1.45302259040474,-0.701441500259668,-0.388938389839278,0.0572406650684703,0.0267256308227295,-0.502262886921294,-0.150542233478129,0.20975141004835,-1.05867866120535,0.363353623426964,-0.839994722285301,-0.799347019922244,-0.340602605409482,-0.927564326720676,-0.592725259931396,0.417758567290112,-0.623772991363065,0.0752334324926826,0.603551288193488,1.06074576365479,-0.554400619184012,1.4764637452053,0.890175976544944,0.954174971607586,0.541422595477488,0.127287042483718,-0.329151555939527,-0.07768381936356,0.334937808001836,1.95563226362846,-0.121277697588773,-0.459447907760311,0.586445213929449,-0.338563691660303,0.174765423191793,0.655873095512635,0.446988568684866,-1.17466958086821,-0.0190910861463629,0.985680074340542,-0.442374085069172,-0.262285509818405,0.145208859351762,0.401660832213075,1.27065740654512,-0.238499227906828,0.520402067720994,0.159947387211092,0.0993223840763785,1.68549673281133,-0.532669838141883,-0.199473535751556,-0.843415109407356,-0.631980956058085,-0.180984707499659,-0.385308562746836,-0.393454067494412,-1.24134569833177,-0.585259908828521,-1.4327825561072,-1.54115634140898,1.45944682024608,0.717897994403447,0.270489809469833,0.0412127621146442,0.200079060183745,-1.04541942989186,-1.58834112520169,-1.07313394105028,-1.46181799448195,0.218547922109122,-0.42183291098576,-0.752682144114826,-0.335918257339521,-1.28109100935575,-0.239344207722638,-1.11506703055232,0.46224649991378,0.437403735494459,0.134056007109389,-0.27530330113855,-0.125267698402142,0.647568262483086,0.534442398219721,-0.617383761920348,0.166478159152837,-0.174053844330577,-0.0928933474453401,-0.482980229416537,-0.311684439370144,0.641430159626488,-0.624990455743773,0.236693095637796,0.0368194439261279,-1.07565374868752,-0.748464627826821,-0.01735173553698,-0.135765303254415,-0.137561687162167,0.537651575266774,0.368077102251646,0.127129690055408,-0.0506519699325536,-0.613340848555983,-0.0517094687692312,0.249673469096734,0.797188034378189,0.0368068841744241,-0.00745440950056287,0.0436533635031134,0.365375233773462,-0.407330701610223,-0.235821298238425,-0.57266454134453,0.0483488027698989,0.765101626516339,-0.394101099154703,-0.0528416197317265,-1.20921857718744,0.128822387396394,-0.879405649680691,0.232027215474178,-0.281310818268721,0.029029542767975,0.428588128470605,0.632072963476005,1.1802112207065,-0.217264023916327,-0.261894059445502,-1.0616837770496,-0.537270789573906,0.462969724258831,0.460778767133547,-0.228856184342389,0.514658653781379,0.225689874933942,0.6486392396043,0.875851187009358,-0.188560182158392,-0.203639318700404,-0.720555257656051,0.216898733623392,-0.785739047744117,-2.11909361010011,-0.392370293029484,-0.44415953305209,-0.553860279214908,-0.320358518024184,-0.386064966092488,-0.053629227193616,-0.788771939027832,-1.46507823249781,-2.47177730095877,-0.59337859801333,-3.26850719628698,-0.578046100675931,-1.30042780707719,0.352123264687061,-0.614278878988075,-0.87423834519788,-1.02452807966072,-0.534462786600115,-1.33278928240266,-1.09914090333553,-0.956910923954386,0.394542107118046,-0.498733455733265,-1.22986539963889,-0.792125832443156,-1.13061460751827,-0.890855231309763,-0.333404094939863,-1.34992668390539,-0.981887735996614,-1.19515784887646,0.605656315426524,0.440508387688414,0.0366631587273501,0.30384133481474,0.011750984587033,0.559508330343254,0.214601710628407,-0.291593338584589,1.11183443934946,-0.626099126277487,-0.0917148556885266,-0.271670140105749,0.387318652554712,0.872332628988656,0.306477085755277,-0.0838745382863618,0.294419811298006,-0.868472702814127,-1.18355326427494,0.257915491360626,-1.29903381965724,-0.965568360627216,1.06408413013094,0.964452829172189,0.699442801456542,0.554438738243904,0.605676819838299,0.67529155273702,0.347950846761529,0.469911813176699,-0.0415731325443782,-0.312561286869673,-0.767032503083642,-0.228454730765935,-0.604092744475358,-0.929290561510909,1.01132810495964,-0.347053469417403,-0.268218407283069,-1.60018373970622,0.252137896750369,0.142619613652971,0.307754445881495,-0.365836321936844
0.377674336260655,1.47111450955489,0.204683071797324,0.139582897740489,0.211823801396954,-1.22150381585857,-0.073339236039966,-0.0625453136667648,1.1783005382928,0.973075470298689,1.23499788721748,-0.0146934259791551,-0.0478107813919085,-0.131331982784092,-0.578260409577939,-0.48591910921886,-1.04537766839033,0.293135495342377,-0.291615394138309,-0.535938767679846,-0.623415246991578,-0.522899628788214,-1.11516202449854,-1.58010555152024,-1.53835795580358,-1.26697454473263,1.03472416006756,-0.961937352385857,-1.73807362465374,-0.981081756974832,-0.774900782182204,0.378828314838624,-0.500266170337858,-1.92801270435793,-1.21525793603006,-1.72263562822108,0.494476056065237,-1.28321670401237,-0.293843878186039,-1.50279815033809,-0.813716442430165,0.354874969349748,-1.79866359377547,-0.777265986684203,-0.153729625195213,-0.696128894128916,-0.803800882870431,-1.24474579225585,-1.38858800310596,-1.53724023540506,0.0245349596980043,-0.797974582319857,-1.37116710609596,-0.934450568051323,-1.87465000891806,-0.991803642456219,-0.676768306259442,-1.29197030370175,0.112676328563037,-1.27287036810661,-1.54905400527261,-0.798575000838965,0.929845017553549,0.598755903990098,0.149725708215411,-0.390860324777473,-1.73226117033861,-0.268871563008742,-0.516052764562068,-0.833429179685981,-0.579526556909156,-1.312519563082,0.731259455009594,0.0327868201489515,-0.0622001037897952,-0.117587740063641,-0.966845324227692,-0.104348755015069,0.457750576049812,-0.258979510353611,0.190428151907711,0.474555482178359,-0.292888249410725,0.520668794336761,1.11418980223025,0.0229144310960189,-1.02706647683821,-0.0791944880103026,0.29707536294964,0.140860385604402,-0.650637670214326,-0.0214916237764367,0.0673267701746554,-1.11975540502856,0.192185960559026,-0.424683839248999,0.693804212365538,-0.0546127787803036,0.221166254225378,0.483691949227204,0.975317807841184,1.00280210143946,0.523390227824699,0.852601927650516,0.776086465073734,0.562578252028589,-0.337369767923049,0.64526549634944,-0.886508556139463,0.406456063698478,0.434993175896783,0.302514707368318,1.29161656125741,-0.597315293608315,0.138055976014548,1.01817877410411,0.0528642348201683,-0.827316253906995,1.87506767843451,-2.46291343691267,0.141935043700977,1.63654741310916,0.646040009881616,-0.0665622244307482,-0.478920313830996,-0.547173419346202,-0.0403146960453546,0.469912168430779,0.588828476873791,-0.767466786289762,-0.450595498992155,0.273603500044511,-0.812731782705637,-1.05733789466555,-0.520361946841653,-0.623441570058611,-0.167667952704645,-1.49058845999864,1.0561178201173,0.807248364501776,1.88831457175665,1.85894591194538,-1.68889407004287,-0.623529721882091,-0.194188954388938,-0.314516760780824,0.145939068738496,-0.931365487854159,-0.885618910562277,-0.0310789809617069,-0.712889299314631,-0.87034503222837,1.28751644691565,0.947990508288436,-1.35794729795311,-1.10285933131124,0.0271827539940022,-1.00039765462544,-0.363133370426802,-1.38819965824813,-1.48419999699999,-1.60319424125918,-0.566415014812998,-0.37151740317935,-0.452659395817749,-0.662073478956628,0.0265076536438984,0.140123682847268,-0.418069152866482,-0.329007316503182,0.235559537138969,-0.608546950203364,0.246836865762517,-0.75345685509573,-0.151628487895062,-0.800749152187098,-0.291544915970442,-1.3898679941266,0.334295911551634,0.219864678256867,0.57091747734603,0.242445856237317,0.467597421946034,-0.162351624614263,-0.346875882184634,0.0178796884725519,-0.721223548945227,-1.3475874748197,0.112059779152397,-1.00720164892954,-1.58203433169312,-1.09327808345359,-0.556296887623775,-0.66176784205021,-0.953085683403872,-1.39341163900041,-0.167325329096691,-0.114635182747422,-1.34657872667655,-0.520049432876881,-1.10661265579733,-0.0209726893549542,-1.31418642121667,-1.24933010472496,-1.34064306724641,-0.359296376096937,0.299972083902467,-0.684132786300963,-1.72106925537277,-1.73083816751028,0.119129902054249,-0.492296751547101,-0.370263899221402,-0.235245252173617,0.0454597828084522,0.47436214261376,0.317801630283833,0.307960146692013,0.929291973322538,-1.72004975877071,0.0013886100404004,1.05430436804407,0.0543310512230875,0.416529628801539,0.796347942632288,1.21862773548398,-0.380058012333065,1.41060191006412,-0.688140582612993,0.242957766231487,-0.836517853626601,-0.261213559965488,2.0614771396674,0.382568750907706,-0.482328050774085,-0.141086871144223,-0.211656102739364,-1.03639137415958,1.01344058318512,-0.411166285533771,-0.265631396047944,-1.23735965602823,-0.219703495414671,0.221233726472357,-0.0761901830715708,-0.305363537418493,0.0523517311161949,-0.148471781982276,0.244108331136161,0.233166973283054,0.384789818666905,-0.933466362435611,-0.790105169180482,0.316589183706721,-1.58714466155119,-1.52669142867666,-0.72688476715488,-0.663384822670012,-0.976047474968846,-1.24763683571199,-1.02819001413835,-1.39736834599126,-1.17410601932241,-1.12477010266594
-0.441080420104962,-0.342770399718435,1.08162744720611,1.0580112725658,1.19570657387598,-0.214983089386842,0.827788471030842,0.112592918841743,1.7838151921912,1.54694388139123,1.48571558931142,0.825677024282393,-0.361839903072312,0.831934526164864,-1.13472426165514,-0.662598406734159,-0.994630511354755,-0.186329333525796,-0.518388168032635,0.0105194771056294,-0.348684969756187,-0.486591697019136,-0.492487066298336,0.758444001020019,-0.566974164304883,-1.53766953282956,0.648452889993485,-0.534841236208004,-0.180545202076164,-0.416948062069431,-0.511361977359753,-0.297799924539423,-0.264514956569476,-0.339942165366422,-0.203048570611862,-0.432950244141962,0.726924951875118,-0.748484008216285,-0.740523506674415,-0.834551030500547,-1.72216982969955,-0.881259703020598,-2.06376258506047,-2.2650391909197,-0.599384479848102,-1.25523500640046,-0.72488961237771,-1.78916952745813,-0.600832127774257,0.114515750153373,-1.21822275821725,0.22570115375695,-0.697375225387515,-1.13423170970228,-1.57318814848217,-0.233311596459002,-1.07906723070153,-0.606420671421952,-2.83975411126207,0.130150029662161,-2.99503395754026,-1.82898895662606,-0.988734809409459,0.614502799162067,-1.37764493739013,-0.834729153663174,0.188929880394041,0.363920137051702,0.725273646471866,-1.15824600674375,-1.74376191900973,-0.349564523592454,-1.07821416079733,0.818496600298552,0.693430469076069,0.807797432432568,-1.32931429660476,0.892021042721565,-0.101381668061705,-0.540459522560904,0.673630881206078,1.25378418765065,1.2815621853115,1.99372543172019,1.52073323010815,0.784685817314334,-0.169652025861929,0.300410377934538,0.958262578282768,0.61953598054047,2.03232673503883,0.241049469829249,-0.139008858881333,-0.541280217848602,-0.0299669723272037,0.380195573361991,-0.927408282718539,-0.781821378772229,-0.840063985444516,-0.827647123264218,-1.87777401069075,-1.36838247302096,-1.95868737542562,-1.94779010425982,0.282067050449661,-0.13957265066544,-0.184953183286357,0.624249490208471,0.214748867147695,1.36955171219113,0.267962146994007,-1.93802686208343,0.486731422505166,-0.417228580942806,0.035677123532936,2.2024137725954,1.81925672368378,2.36453179751353,1.48163432975745,-0.136092466609169,-0.781597502731324,0.272430511569584,1.61323962549494,0.912223542493157,1.15295789131823,0.305535845084903,1.02649471908586,1.8658818794556,1.84279576710391,-0.342922961497471,1.05917792521343,0.972567831904598,-0.81191973247571,-0.367522243072522,-0.165672394099831,0.716490243960772,0.647345108667504,0.185294326202036,1.56174127588037,0.859424588429694,0.854407917454204,0.115388196573485,0.752211917745691,-0.814662815293839,-0.889639611651235,-0.993970583905579,-0.578709227090162,-1.46285417698806,-0.971211981520251,1.57073947796694,0.119325495518224,-0.82927903810703,-0.358176984598584,-1.28667591153852,-0.754977631873379,-0.809812410582967,-0.189741144677481,0.180223516266374,-0.614129018185147,-0.711848324513022,-0.252456731476553,-0.609401904220338,-0.366163838324777,-1.03106653894755,0.158016120063207,-0.36105253786736,-0.269822446579489,-0.606122471695129,-1.14838858022766,-1.56543761390355,-1.06403581233697,1.56259028483435,-1.69300209755854,-0.378538242043127,-1.7686513535118,-1.81351994185964,0.168565118471173,-0.488032506061596,0.372122833743137,0.488663457856482,0.57956829127042,1.34896822816402,1.4905415670351,0.659656264318783,1.32240140455046,-2.50129525936604,-0.915010045322549,-2.10635739012651,0.171471166179134,-0.66965806560683,-0.776960635929995,-0.147831455424809,-0.851398273258073,-0.510438027172558,-0.311452473739694,-0.800378885703905,0.120037605403893,-0.360847142637843,-0.567089107932786,-0.992594351663667,-1.95991502541846,-1.78126177266285,-0.821010118066508,-0.462116957444606,-1.28715288617405,-1.17872017936603,0.695648470829293,0.997500582720828,-0.652305012901912,-1.07484445063913,0.950239169894578,-2.07568251069942,-1.59282058847601,-0.797108802123301,-2.18529015716759,-2.35390269110043,-2.18277743202832,0.332053797006605,-0.172054705899692,-1.31528071666865,-0.0358695808814659,-1.53260721479109,-1.63090425378026,-1.3522455706231,-2.03754460180348,-0.398595712093107,1.02973397155437,-0.186133463805643,0.543652953961792,2.54613426993352,1.62535939018476,-0.720015375884398,1.24928481187169,0.0097456653533585,-2.05203117781146,-2.32893263937035,-1.3971523374054,-1.48777726268232,0.612860199842265,-1.29215030520401,0.378854198387496,0.220205781335893,0.453080012579665,0.324318722149488,0.928230161341188,0.96554543284285,1.72837578034549,1.51011378649521,1.76940815692274,1.26320627446601,-0.639450933127823,-1.73592653899558,-0.578877411850565,0.319995035823504,-1.02935606167322,-0.778084494445853,-1.84202421275084,-0.522562941909552,-0.710944891371951,-0.956541456590673,-0.0922557691661804,0.662126854719347,-0.701827740781373,-1.15094121575302
0.184078346608501,-0.697170831296836,0.290010677547215,-0.554709381239716,0.679859038156059,-0.523323550009031,0.999751568758158,-0.257028907888998,0.425709336339339,-0.933197988209779,-0.653861134141887,0.229928499525023,0.222114518959022,1.04040272558715,0.669083427201518,0.0992480010277847,-0.581937962627366,-0.0831843435728642,0.332036587552146,0.257906909631307,0.351627272564089,0.20671311524248,0.293442529656155,1.70977664163432,0.422664230265528,0.760910650572687,0.0843349595500098,0.463594269449925,0.939914444990918,-0.0846016639991554,0.380157235767085,0.305854341635985,0.951974720202904,0.496689726380084,-0.2455161496449,0.762084736818441,0.232212449124356,-0.559103068834219,-0.443267092499251,-0.0187579975019603,0.475326640092131,-0.722846007857275,-2.37074846709569,-0.480970470003302,-1.35063298829207,-1.45001089527601,0.0102977359365941,0.269198374677469,0.556406080642317,0.363236688920717,0.504466099915104,-0.0101787333470632,0.235783824554251,0.0275036254575538,-0.956251015327216,0.232964792583699,-1.73376085960879,0.28251854125209,-1.48451517206829,-1.47831123799214,-0.597970911429082,-0.685508760911674,-1.63550457891242,-1.84636719520133,-1.64786796631903,-1.67280832732097,-0.823469328098191,-0.245811413685355,-0.709235866768568,-1.71838915736193,-2.05961526382558,-1.05671321329037,-0.779127206052584,-0.545274686143372,-0.147790482262181,0.764534270450037,-0.780563058317014,0.318383833548648,0.154243868114898,0.876686586348845,-0.903441935181772,0.41767161545607,1.91630051504922,0.920297281251485,1.65772286996573,-0.0163389861914791,0.20760952032747,1.35025356089622,1.38347382791897,0.87832471382425,0.435987034099894,1.47973588127687,0.655371304188891,0.999907103099331,0.65257014922188,1.57926625260671,-0.317070634824866,-0.63257588933279,-0.338810025459917,-0.0581702949984111,-0.514330852401471,0.355457322978053,-0.0206564236369645,-0.655557359865783,0.0819195653320353,-0.0748965081950687,0.673089451627332,0.306267379890928,1.15317812736466,1.04320194691439,1.41176483402244,-0.722455802252746,0.543620527444615,-0.723245309806936,0.843335346604855,0.0896610502372702,0.341277941427069,0.988773227216296,1.13587668441164,0.510985765021132,-0.325362279320239,0.225382511844707,-0.73386161633094,-0.647400849450487,-0.14566130415207,-0.885976017532293,0.683610093589975,0.836616319316149,-0.0703515571527388,1.61372403205546,-0.96506907429677,-0.427178048316722,1.23467449701593,0.290098253412554,0.695251476320061,1.65261950569365,-0.682571857571644,-0.0370381307543579,-0.427995496750386,0.8840376835333,-0.783986523439497,-0.70866659083274,-0.735935615275522,-0.686942429419838,0.569927208542884,0.0534250232557818,-0.766170842602956,0.536615116646836,-0.141249152403922,-0.0574940108657663,0.283658637710103,-0.213163947745218,-0.967628452003044,-2.31503583611525,-0.123035438410896,0.110213293282856,0.426158742031638,1.20360074223683,-0.128645540561399,-0.477473776651588,-0.136165922765218,-0.157751198479978,0.53437615297169,-1.26420505558898,1.33057337967437,-0.529629196437019,0.19679888681895,-0.0418420673523484,-0.459347761009744,0.19951575088461,-0.0675268245356247,0.112080099950022,-0.29185565631159,0.593631183137176,-1.03570177083517,-1.60543565393246,0.905368660293635,0.701397921439643,-1.36198800819948,0.449054246895641,0.204484374607272,0.238185367509294,0.415512715287204,-0.746062928617293,-0.274945662518655,-0.799247238892199,-0.994301800267042,-1.59148999153919,-0.88956203025677,0.948642989752057,0.0593031857937802,1.37262091489796,0.393141080161661,0.987036315475164,0.287876794844667,-0.830105192428315,-0.294292700541636,-0.534886871109671,1.52296060839957,-1.10924297156154,-1.63600057771927,-0.740549913547428,0.611379585121501,0.435523498544331,0.363303170168208,-0.799189195699238,-0.123260654551195,-0.834831548853048,-0.667350395425912,0.070596149063372,1.5507471714469,-0.37887470880108,-0.493133006162823,-0.560664835217632,-0.840309610913152,-1.24852757253748,-0.673475139303728,-0.365459569680322,0.174390983519496,-0.560319743796853,0.11414650988989,-0.383119073814295,-0.485286156471415,-1.20836287872617,-0.55513616520829,0.0305699138088845,0.097205349213413,-1.98460961314017,-2.60788097073823,-1.65485961918165,-2.49844195394205,-1.59997337417257,-1.67231734500232,-0.645865968393143,0.013375911934927,-1.77605131408519,-1.60347005647157,-0.773365222272849,-1.75047147584849,-1.41724995894733,-0.86769754709532,-0.275289007593281,0.250757461582809,0.777564417874005,0.702422963012039,0.131494426579924,0.332880447935997,0.676046842451693,1.33309472316214,0.574053252930663,0.416719890056481,-1.04884586210136,-0.978083396244537,-0.806995041902344,0.815317124172526,0.439132847451276,0.298615530299971,0.446171910256514,0.432805328929232,-0.754050237815022,1.16145792627774,-1.84897214551415,0.383265413375753,0.518811060991519
-0.782080818568904,-0.567718875623049,-0.355216124672754,-0.949820678148419,0.19253028567437,-0.848636175868168,1.37938540564416,-1.40361277545323,0.491513878890643,-0.568350074635818,-0.440889707491878,-0.325396750655503,1.72170308418913,0.169958786622027,0.852130366102456,0.931342817978329,2.26838039188139,1.23907239097617,1.95903117856552,0.556197141765185,2.00140619466284,1.61128883877527,1.49921084097685,2.34534501514029,1.94103508456927,0.739635278708398,-0.607658275807195,2.15705385247752,1.8646752176476,0.758999006204276,2.31349690507115,1.95040067398612,1.34906824343867,1.36713953270427,2.1172599335287,1.86540249007192,0.133628995297605,0.656968914153846,1.82364648037088,2.22485201566099,1.01083036159833,-0.810324045435554,-1.14666314230878,-0.490356445651123,-1.02518732010742,-0.9142068950768,0.883206278940965,0.285827278325184,2.28419970454809,1.64439445245234,0.283089587546876,-0.205129412597161,1.95485771254352,1.1143790034571,-0.909017914872589,0.320918131309744,-1.71825697350204,-0.588808887407489,-1.06236357705586,-1.89093571394365,-0.246892191699376,0.133669584179212,-0.826921647879065,-1.05250340376741,-1.4526538711379,-1.55567207708155,-0.291541769938878,-0.687865424588872,-0.508282453782653,-1.19901896843812,-1.37498682733488,-0.516406179668767,-0.524037325860549,-1.18078574415189,1.17680248839018,0.300323661912862,-0.169597265972885,0.827660717163254,-0.431132772023209,0.763495003765735,0.580898687010699,-0.994760597044334,0.269102523298825,0.330133573272295,-0.415785581994854,-0.360828225289114,-0.563806635489803,0.587324886716784,0.497917628865358,0.123273108607342,0.160101297350419,0.533608621429003,0.15525747752285,1.20114693548663,0.171328884348405,1.53527627519152,1.1929880221088,0.537926495032517,0.391936622845464,0.0209244097744751,0.358965593098936,0.626712731965589,-0.237624708151827,-0.21872466803689,0.427476190035998,0.247046113250867,0.258669536472974,0.885114511979936,0.838181349712042,1.16292916851605,0.245050807574322,-0.0335125807310619,0.119302460974275,-1.0320204303331,-0.272801391303773,0.0462388222602726,-0.305218196179936,0.23501429961775,1.07007357901919,-0.679490618231136,1.43979652840351,-0.0388880851533115,-0.462077529763795,-0.017119901490899,0.263620308352146,-0.481736907940855,-0.672364591010095,-0.801213015488901,-0.0089964662611028,1.24478106364741,-0.0355483087818207,-1.15452307399544,-0.0901750389272172,0.221593658453542,0.847898908299752,2.76435584427176,-0.594008586448123,2.1151777427392,0.0634370460301842,0.100816747597987,-0.443355600922893,-1.14002946710108,0.0110816989393388,-0.307994162833775,0.188098132774698,-0.100288873678291,-0.540997778745092,0.494323217110137,-0.300771897450252,0.440071888095981,0.675648062203475,-0.062729322769281,-0.580013436413134,-1.66466768072486,0.444331946978834,0.835662024271143,0.475137593394672,1.21779263596598,0.0587850217977794,-0.439467320000075,0.752938331358194,-0.184277576567152,0.637417395673635,-0.896391498226876,0.892310716531808,-0.261838451137819,0.355078664436903,0.403856966324842,-0.267429167564584,0.515273981860987,0.630248840315103,-0.321624317963998,-0.0946568390281523,0.0760205065473362,-0.356517293460305,-1.91751690610393,0.591547762877627,1.55601976807488,-0.919981079160924,-0.192466632064097,-0.442685438140599,-0.369966684771881,-0.266941501406213,-1.51190395674191,-1.20247547042327,-0.241888504758384,-1.74192683517349,-1.2318028254692,-1.11269923981038,0.92119537188363,0.798720452822435,1.82559955159154,1.30698958974748,0.803680849375989,0.663521911011374,-0.529713510580872,-0.982230063341891,-0.930812420056261,1.41914119721313,-1.59808959599575,-1.68157819764847,-0.249230184814498,1.91925848044395,0.481359128383174,1.25262027916221,-0.562587328066459,-1.69161817871867,-1.48762658497528,-1.10056905014032,-0.680142232006378,0.181114557806175,-0.360952501489898,0.331357864786041,-1.08754947010962,-0.570752616002063,-0.757680149497022,-0.068307670297862,-0.388547272371829,-0.134694307984714,-1.19357731740602,-0.374248026353427,0.147467775021518,0.738188921340905,-0.941231617902366,-0.607247352794288,0.0151498220077424,-0.788944468579329,-1.20688361666758,-2.28238279562231,-1.30846970945264,-2.31158064701281,-2.0651016241471,-1.73044019353875,-1.20804453771481,-0.00201743434519347,-1.27859834683576,-1.48434996105186,-0.368479895724903,-0.381508992566042,-0.918784530175575,-0.315894166326903,-0.996840959973027,0.100107960277003,-0.0279871320201678,0.397144074406088,-0.0661035785658237,-0.149301323938225,-0.372350977021056,-0.209672758544371,-0.490634133342555,1.29150969817191,-1.50679173496886,-0.974000923329473,-0.9561473334703,1.21720810440972,0.825126864194052,-0.231072408326397,1.38096139318122,0.687883399348746,0.00597828745863924,1.37270149724111,-1.27244134024467,1.90157883333062,1.88056706816412
-1.15739971783332,-0.779868063359163,-0.851191060839221,-1.00958158593293,-0.194754688981887,1.92485940334449,0.918440891450031,-0.845562333113787,-1.20202415508823,-1.05298755891632,-1.67758147593857,-1.30459097583173,1.02706799557733,-0.94257099426727,0.890708532195702,0.818281075251864,1.32745353744279,0.198482741259024,-0.327491042692078,0.0321865349338336,0.528232061571723,-0.329617920943995,0.306000440847783,1.12936747884014,0.562648646677273,0.865604023959914,0.324599626712413,0.892492772061721,0.987197627693762,1.24704849673092,0.666767129377136,-0.699376108577965,0.848465224629518,0.960947656424193,0.630810143016311,0.887480691415536,0.693098003772621,0.92195163768347,1.26934122164015,1.32347147431877,1.29108469376616,0.169854106396256,-0.294926561104404,0.51149905699339,0.373474526813591,-0.482771357332753,1.51941614495519,0.542563565343887,0.777311770603726,1.15325691240778,0.885311038488557,2.30282884684974,0.685849898865931,1.81691555772266,1.22119858631757,1.77492562455901,0.392531613524913,0.619133518901544,-0.342289190949338,1.8356320709336,0.630188178673832,0.370714598840594,-0.074674884094173,-0.198132104715419,0.133410869156635,1.34795691611621,0.0778469631487588,-1.08181076003535,-0.120705511444331,1.06300288130044,0.253680482159493,-0.851258571653886,2.02008309731946,-0.52600019048053,-0.195640383036097,-0.22677020940985,0.187213877705976,0.238468739046134,0.114544012570489,0.768530435296377,-1.32152344727409,-0.018089303589274,-1.0623543068593,-1.330797980666,-0.89666088070124,-0.0480127692948999,-1.14411212308443,-0.435453756111934,0.216849846840269,-1.42727530590254,-0.850938203252559,-0.316275391323933,0.427283658404013,0.43815434235306,-0.197891450214983,0.857301891548917,-0.0393486902561455,0.62700842934679,0.856073950752844,0.616322187581035,-1.17538249655198,-1.25672303686001,-0.994558619260291,-0.158575925803103,-1.44472572038595,-1.72099150992232,-2.0079041257135,-1.02124739702904,-1.02596300954547,-0.0761105466754678,-1.58108723441926,-1.30211514618348,-1.27217069525448,-1.25518275671216,-1.98138880966875,-0.911391190161305,-0.489498136772853,-0.0898925461913288,-0.730429656775159,-0.134736654500691,1.17184413905529,-1.37437299419148,-0.116458466401998,0.866275730033542,1.78905360393676,-0.0252499233175714,-0.974764390581578,-0.0828638425674616,-1.01248735351785,1.1950379014776,1.45850477730674,-0.867317485486348,-0.579753961251549,0.555830526314654,0.922227775149608,0.847603421366133,-1.84597647556643,1.62676333022206,-0.587109063041114,0.196692193974836,-1.16048815956844,-1.26974347413438,1.19351320067618,-0.222373337765372,0.00702722634606368,-0.0498470763980745,1.30352407715521,0.384396233075495,1.5566542629321,1.75937063201122,0.763004046569491,0.374436502680126,-0.812445760141662,-0.969282650260157,1.02277461903384,1.05539125654627,1.72522870463753,0.844486251421444,1.35281651150553,0.0156809716206891,1.82834657843501,1.22450297712582,0.904026667669201,0.80507452797688,0.877046759614938,1.29324072567811,0.285356805879177,0.370489524022865,0.498965102043447,0.0616409942805715,1.27517094185282,1.0528975115514,-0.178803134671443,-0.366240060400331,-0.508527312795623,0.024661258692896,0.25884798097819,1.41410647589239,-1.00777499822072,-0.409335595312555,-0.488478469065902,-0.302517030682384,-0.492791684365231,-1.20715449708379,-1.1330278675902,0.698367509257381,0.380566094784743,0.571714808417079,-1.12401629889293,0.812104412745339,0.683113370515821,1.03560450701864,1.11188574759311,0.799774632998727,0.831987995972821,-0.0769196801659772,-0.596759660228661,-0.930482391986779,0.73964738756973,-0.317701505810314,-0.543227173522265,-0.516653091117409,1.0619854801287,1.01531615602366,1.04627175516718,-2.27885316637741,1.44780416015664,1.50063022361097,2.04440374472494,0.612402215732364,-0.132883759150644,-0.751397977596478,0.917531258313201,-0.53537614552866,-0.541184535963008,-0.170936788363819,-0.493543607468359,-0.820047809058553,-1.32282209551961,-0.16532387578111,-0.874312904514819,0.212871752247815,1.53644742430757,0.98927577701887,0.921396080849272,0.490581633769472,0.307135442192531,0.350152152935104,1.3862876932849,0.132850547258465,1.41587853444971,1.94237966603304,-0.437976328816168,1.84927130742982,-0.262679073372502,0.128119428155655,-0.261976550573536,0.0982569051791389,-1.32140982895742,-0.600080957893331,0.854765225291002,0.413264674217361,-0.0185878651413747,0.626394150429414,2.31581355073438,0.73269850043317,-0.689603301163336,-0.626181982333753,-0.498943195660854,-0.312346778516736,-0.0348972499396276,-0.726729113540914,-0.536539043795537,-0.0905290388269888,0.998669247102787,0.469932449590247,0.581811402760756,-0.540519933933554,0.991639606031802,1.38611559901806,0.716085020470778,0.504307843496276,0.540826480015354,1.41867797812572
-0.068976921329465,0.653737433756485,-1.28111044099301,-1.57913089256087,-0.638385954096392,-0.250221100240021,-0.40650758635771,-1.08735518491051,-1.28767309364892,-1.30140207412364,-0.948885289074952,-0.63274061141849,0.321134993300098,-0.291238263969389,0.800291402250908,0.856931390002735,-0.74576773583547,-0.206748188148859,0.220069520930237,-0.19256952655472,0.43606650881375,0.252878123233151,0.803739602279394,-0.478391025413341,-0.384588683666734,1.13747374228861,1.25988665631445,-1.08470040921476,0.0100832555707311,0.782980753374105,0.31481101855368,0.666423883913356,0.314426498214293,-0.420026207137927,0.511036729644025,0.161328066673111,0.609160805975547,0.489021758478192,-0.168604442821239,-0.183364828731951,1.46459815674385,0.562416641495685,0.200496078574137,1.29303768542485,0.440729588817895,1.80125294757639,1.43177742393708,1.48995026590737,-0.350977665155747,0.805222701346523,2.05250477281406,-0.526956755328605,-0.0987334945547335,1.59243872808296,0.496285369310668,-0.146055045046723,0.156714139581853,0.127604398030785,2.04353171746177,0.233758968106154,1.41366603010565,2.00829713558636,1.78257969655297,0.51586723052148,1.31884143832839,1.45386119916077,0.401620766078539,-0.268977385057766,-0.553948246515429,0.946515955346603,1.76559851696511,1.28939108204825,1.75267184302846,-1.6763482867476,-0.542064050981735,-0.694832332429944,-0.259754712837328,0.240742481051528,-1.23476227838746,-0.0531778809817716,-1.15907021654356,-0.7781794407879,-1.37562432611163,-1.93756133683843,-0.196587782984188,-0.857433656549735,-1.69363543539346,-0.482688558978736,-0.577615406466092,-0.848823218720374,-1.2629448037069,-0.150331777788815,-0.0759698304965927,-0.535474147521474,-0.00800825848386417,-0.28531279940285,1.13892370168221,0.922919794003631,1.07283591857486,0.88658211415923,1.43119057661811,1.26986285233103,1.59257393551111,1.67869489676563,-0.525532244571098,0.133160797260446,-1.29144923530507,-1.22225944546839,-1.3082918754341,-1.64247601101507,-1.74143250400577,1.86261811953131,0.0736552884318254,-0.974333302111956,-0.540807811136072,-1.2052477745655,-1.11962233133095,-1.49246079105447,0.588585653622865,-0.280206169544175,0.754781385589712,1.24289975953377,-1.1478590899393,0.239501557576968,-0.789129286147711,-0.129628356261279,-1.59546611238327,-1.30472842309553,-1.34794247165434,0.257382591150306,0.115757621663015,-0.168247529378368,0.36993503764861,-0.238067391397352,0.45306201168952,-1.17573329427013,-1.51994470325098,0.207039689455906,-0.870154703251322,0.336402280317945,0.1763847784428,-0.607217633020935,0.966672454051293,0.0793360520754926,0.0198741130424506,0.0745616604768576,-0.563490004388969,0.868119441729863,0.284285040509508,0.668550318451719,0.093194904529727,0.292152871430959,0.558429960511864,0.235034677800879,-0.113979929332335,0.511907067749371,-0.0227907821216135,0.0291142651114077,0.758630501674767,-0.153975611652969,1.24991732821454,-0.180886736460474,-0.107806002976093,-0.0486794777423621,0.305628248960301,0.428641365473619,0.154810703580076,0.71059957845194,0.668590756527312,0.530573033110031,1.06508671086026,-0.210700782786446,0.905050392228256,-0.96824626882832,1.81244052391246,1.09780939150102,-0.269262956522206,-0.0694455662018175,-0.512068468224502,-0.284721603535331,-0.60060019314981,-1.05092029699696,-0.821453427716804,-1.33277775412996,-1.0245583801478,2.11475323603114,0.36440271428768,0.330685143917109,-0.0105462304956633,0.922756857259551,-0.68498605603347,-0.638151450681798,0.751814680088101,0.146215257704563,-0.557318089560862,0.0302508206911861,-0.775496247523653,-0.685292973847906,-0.317955088730845,-0.0904070765080101,0.421778153808045,1.22223353328107,-0.719050370075377,1.08749675727015,2.13821636861945,0.470979179558325,0.323254867826763,-0.00583926440092715,-0.0218590991966009,-0.221759846743398,-0.668849923642108,0.967412522119646,1.63041977252454,-0.354560765194838,2.05230409782625,2.07688967523858,0.566236836892722,-0.614876869817535,0.952386525040063,-0.620849353769064,-0.183624219620031,0.813464518910985,0.329125828025039,-0.507617862394923,0.434130700763927,0.674924284393232,-0.278253147428903,0.602545851527881,0.556619342163005,-0.965863428382658,0.585517048261518,-0.327921334990768,-0.0331220403451229,-1.04495108676748,1.25339208702523,0.71312649518769,1.36059216952625,1.9087679330479,0.325504393496288,0.407560100377467,-0.0446206803848649,-0.0810547360133125,0.604421833457227,0.826982119920214,0.0298367047280471,0.735210729660941,-1.67512479577104,-1.30482002763428,-1.32994068122119,-1.40203592430451,0.973501572968458,-0.351318848346582,-0.832200972951873,-1.10395164864968,0.458751495316074,-0.135593695933496,0.667989705476915,0.221515385804713,0.0473734930610777,0.197299883826504,-0.0474634403974869,-0.777118200539037,0.385763174721848,1.0991340775419
0.312950369666134,0.798260492836855,-0.181734806895103,-0.759904418040778,-0.189072211059488,-0.34656015990539,-1.3038854883825,-1.34028067692573,-0.223929049595662,-0.587305378994003,-0.274488270177268,-0.637664820278048,0.406446524248284,0.344874378841979,0.605926706139553,1.19900697287173,-0.0943170479649596,-0.292286386331771,0.143379554387668,0.120442047656162,0.724219788108956,-0.106036225173801,0.557141707116433,-0.419754775127654,0.143726435158837,0.481358422239385,1.09672634264416,-0.0276710198858615,-0.0319735137513046,0.354528452859187,0.389757915550667,0.944814655574883,0.295861296913405,0.184219513535272,0.832881531016534,0.111251958304309,1.00124847361977,0.249227996667625,-0.0875660271309762,-0.383229185633642,0.977703635916265,0.254472605491828,0.245034702848068,0.51952295425365,0.0366345683440047,0.797245866613647,1.26104108508003,0.843832153596261,0.716516923361279,0.829476612157934,1.69843635021026,-1.30995021996116,0.283431295908023,1.26992621968306,0.000315890637396698,-0.114399130253878,-0.0227506222679935,-0.422389918410017,0.716730717025354,-0.952079826463986,0.854755242390986,1.26673819047002,0.964839248227301,0.527574974896951,0.288652503158,0.071121307674466,0.490932573545193,-0.223579917120491,0.208199528632132,0.607981914734142,1.05978036794454,0.222127125274257,0.441294478641318,-0.919051840757023,-0.0648356871528571,0.85978924729966,0.598429810316033,0.475586953687562,-1.34787821112398,-0.0293264681950276,-0.0874666195159033,-0.0187274384928139,-1.27854641486595,-1.0228523671265,0.198961487440483,-0.584487965704618,-1.25647034136348,-0.282606850775783,-0.11423995334859,-0.520988762691886,-0.61717322345486,-0.0932578148133116,0.969932592077322,-0.291993358078685,0.42192746419649,-0.403571293982162,0.736113726645061,0.0314255827523355,0.590098402289194,0.409291089846748,0.42395583705623,0.140724462373053,-0.23262637126747,0.351429156621607,-1.32043139415008,-0.824488196392645,-0.767152678339938,-1.30361562976782,0.0561521408082733,-0.212946274587045,-1.58868099489816,0.435117936021769,-0.600758651284548,-1.69635305660142,-1.1610242466773,-0.380893401557331,-1.25711438045185,-0.882101419275383,0.191052456906348,-0.864235857791866,0.0750498256181547,0.494141401007994,-0.438833212751724,0.425376038979886,-0.580838257860231,-0.539541403739662,-0.925991251790105,-0.541360473225133,0.07606909217233,-0.15075556627463,-0.0749966708877204,1.20356865391804,0.700486191176379,-0.63618544879626,-0.315919171204941,-1.11238971452195,-1.21993973854196,-0.405381837560464,-0.35431128329983,0.287637346285978,0.32983806371449,-0.413434513425595,0.556149146479096,-0.0617824915724824,0.0678631530025343,0.703855580722339,0.194651475811327,1.16917999501779,0.0391043484262093,1.26002198228521,0.266575451172405,0.721488931529163,0.784702770180613,0.448896236723245,-0.0482158214196679,0.244958969616624,-0.20607178454025,0.0345684355275937,0.947494530155356,0.0340411292578635,1.22268924870568,-0.0687984275140012,0.343270451955081,-0.25943217464616,0.10672023216701,0.278928779717067,0.566722695394483,-0.171692341316947,0.322085157592248,0.78294408347627,0.930849104044702,-0.424639101111365,0.340886340783283,-0.39821476468049,0.917321715617204,-0.718007732178419,-0.132497519106368,0.215540047358662,-0.0833630874874203,0.392954141456103,0.0611935388699768,-0.00467081467642595,-1.05680979872919,-0.642182640286191,-0.515844127965902,1.03675810228242,0.0824521674706391,-0.951063859965123,-0.445617424392452,0.128496411246797,-1.052458632332,-1.34203819701812,0.4007094329403,-0.310282531327659,-0.594817486859932,-0.313126470829943,-0.595027464989019,0.177045547820176,-1.07419468425519,-0.0131320740590799,-0.38467395397826,0.743032330670332,-0.806810715773234,0.335753512155035,0.539737178074306,-0.0412255871821996,-0.205541502514633,-0.60575342467222,-0.331618674200273,-1.24207520077671,0.686283867370733,-0.643630763544546,0.761227656717197,-1.35775344098168,0.518559745317117,1.01310414883327,-0.666658213985113,-1.24505842240201,-0.0413832558433136,-2.08929939223034,1.32965625543585,0.432030801427028,-0.514413831989977,-0.983517909397151,-0.468235311986183,1.16116517984736,-0.487587411052975,0.974188891794111,-0.462661287166563,-0.669108876604611,0.445185315777802,-0.339309722526897,0.901336549359963,0.0449155516340097,0.588059033879889,-0.468857625760758,0.121879215794951,1.04056016854751,0.867151158287924,0.680905755953695,-0.278394524153594,-1.34280579858724,-0.914204600991396,-0.387544092228546,0.19657107312775,-0.444150556227622,-0.687354069713821,-0.198658695384449,-0.915502555312309,-0.666965983802848,0.646495129316997,-0.944779513714421,-1.07615688489208,-0.45773481363505,-0.0342449407552849,-0.606006264045311,0.95980720500547,0.367914772100051,-0.0483709002028442,-0.11535281511377,0.249060889923961,-0.693431043147719,0.0721213728922455,0.734373288840757
-0.762585324448448,-1.09593071705539,1.32780813737144,0.296617994430729,0.854308915031555,0.13007958089822,-1.3061965871486,-0.977825526530614,0.724330608997575,0.865334103889253,0.468976192034305,0.932311638235733,0.517092323127962,1.10613746749641,-0.290886299813748,-0.810080792578945,0.484761599087651,0.0848493671153154,0.670166381712429,0.817140370327613,0.777357994261722,0.513112926309929,0.904131599577621,0.384451204540148,0.606703260056586,-0.448325554044221,0.184669110887142,0.650934113731999,0.65458016565671,0.238299467134923,0.830987194494305,0.924041494429097,0.404059211472675,0.71811076633318,1.01914644072587,0.404615686308686,0.18506922946835,0.306841644134403,0.308907310745595,0.59621504337673,-1.12848237235328,-1.24727414500534,1.59402689227867,-1.52135190512892,-0.343176889229881,-1.32343248856567,-0.448407437061964,-0.398847473859623,1.51408871690522,0.78393083949085,-2.10556975971214,-0.823832875273052,0.928905344534048,-0.683834035714712,0.268883100377468,-0.280608238214139,0.27223001868918,-0.409728767086545,-0.873663759872789,-0.739929050189838,0.942066062674246,-0.837913369919872,-0.934136468836197,0.927093633006644,-0.119589498727986,0.342739299671068,0.871208076580578,-0.865190235914318,0.189575170986279,1.05970061337809,0.420758924441711,-0.373697738115734,-0.0126337463677985,-0.133863001639102,-0.155231007446076,0.752925450870509,1.65837133669456,0.198473385778001,-0.833771070562112,-0.998293376730746,0.386571596684588,1.16449054811211,-1.3436077339825,-0.0950960275313538,0.108228585095012,-0.869444751311932,-0.722324690779558,-0.637245134307627,0.0982628610569894,0.788884080685671,0.488628664976193,-1.17977128383881,-0.158785773070284,0.0904694860948094,0.673412008343756,-0.906965759687278,-1.26151784214868,-1.39138974155784,-1.01128400622002,-0.857465411128562,-0.478447956484383,-1.07849247450608,-1.23032391651922,-0.724857252053638,-1.18951092407183,-1.35016005841509,0.917528739456014,0.824524090397883,0.352158024211414,0.147429395108979,-0.724804001230554,-0.0904970398878285,-1.26028351607016,-0.860005807135294,-1.20340828932128,0.810021089613015,-0.0803451328851222,-0.767775583909874,-0.621473289129001,-1.0674967196859,-0.819571658545625,-1.21254065020876,0.956013576757116,0.275866871885865,-0.752363752610231,-0.0335967836152519,-0.171613663222437,1.20861047915363,0.128954104242261,-1.13303959979392,-0.544801859301071,0.321978162587503,-1.10284959118029,-0.124888302368914,0.222441982061472,0.597826709595955,-1.16709003250487,0.574258384571695,0.806519991452032,-0.680120927400001,-0.894911512924982,-0.265498782430508,-0.849681294799481,0.472990766565142,1.15764794027769,1.61361955929331,0.205551204683612,1.05127482317516,-1.59947927056432,-1.31637410899656,-1.52159219990087,0.651030568410996,-0.940077296006174,-0.0943863319010967,-0.837619096797616,-0.627413774835686,-0.688435332476597,0.196107183754323,-1.13933507255398,1.26166220798002,-0.346436990912186,-0.590417479640683,-0.54241255705193,0.190657753414184,-1.48706275215307,-0.645313602738178,-0.147297097772891,-0.671623280857125,-1.24961875533433,1.89545252695901,-0.0883584705701394,-1.00150958370003,-1.72114503814653,-0.3920570584171,-0.211113556765715,-0.122023443251071,-0.602537134632072,0.37125057583599,-0.229692856493258,1.43244574123531,0.854733542283508,0.53073587631612,-0.467415612445406,-0.676401537287524,0.0648341112031761,-1.16366025636085,-0.851864499145535,0.000522634146940707,-0.649646933897994,-0.314924469249834,-0.154906065581753,0.278366763344735,-0.63580877924909,-0.608488973838715,-0.490818890712373,-0.674938611149105,-0.797263249511153,-0.97938463120821,0.0148509065740617,-0.292982048254676,-0.122716436040819,-0.475711213870524,0.41414720012541,-0.661957946834747,-1.0205242685783,0.201248039697564,-0.972491798350842,0.320155147500909,-0.219725876911016,0.549285007697638,1.41896432078369,-0.493153578830432,-1.20237628920974,-0.899865345138699,-0.0916460922958084,-0.875441949003947,-0.159479214612471,-0.718437530894927,-1.002347776049,-1.28730013159165,-0.186047516193459,0.453197950300921,-0.602598934545458,1.14129793401161,0.642536885817433,0.365068297435478,0.277551540383415,0.566079691419286,-0.2959065246305,-0.464322886383767,-1.65449948413203,0.437862694101621,0.602017172826773,1.50496702083963,-1.33882468446922,-1.31344025554176,0.550447990345375,0.351202144502764,-0.586553261895998,1.14357860620167,-0.156882741583233,-1.93946654118715,-1.28987417324308,-0.229624722284803,0.344166790289066,-0.682095431498677,1.39792395755902,1.40334927599128,1.09780451577101,0.359619907637487,0.743070310622676,-0.421019490433098,0.145274971984041,-0.421707832023024,-0.178073869398796,0.0830122719734176,0.323943137782509,0.631835300787657,-0.264495464826145,-0.231246880021051,0.314666714397216,0.573172104828199,0.621785653026553,0.520799415530992
-1.0720079756901,-0.436019979502479,-0.92779548243369,-1.21755749945504,-1.0727321534428,-0.308280805869343,-2.03125486677,-1.55446796142746,-0.625752361615131,-1.48375409416784,-0.63099025048608,-0.804450732336763,1.22041526023308,-1.4795456588801,1.3725921647769,1.23973512336696,1.17214751389279,1.30894805440074,1.59540066389251,1.59224264677694,1.81800739661676,1.24404228441252,0.843981480071217,0.276447888077449,1.81501417535741,2.1828470444363,-0.639696860993139,1.44654214575564,1.84324520776614,1.13175962029767,1.68960653956862,1.38924917126913,1.35042325206689,1.04684722850166,0.905857811255041,2.25161921398905,-0.365195141855171,0.702093878851449,0.915545497218522,1.20642174030539,1.72512327580477,1.12053988689044,0.819003264336024,1.16874126387088,0.848709031412191,0.250775558357722,1.11763783209651,1.69972718502002,1.81007054551511,1.02510311209674,0.408809438075041,-0.699616385411577,1.27315460264419,1.15492457872469,1.1545980066709,-0.629679976037433,-0.166979871279843,0.125021200008786,0.817017515008116,0.159102615500456,0.990921493176851,0.89741473347007,-0.341165278666553,-1.1203413848179,-0.54920239086002,-1.73806837105551,1.19545772196718,-0.526217295679322,0.190626417745606,0.27087551243002,-0.226414488862597,0.800696551903816,-0.0513769323894526,0.592955139582198,-0.447575416774949,-1.11537308943401,0.291093524463924,-0.472099670240043,0.17283327830981,1.51688509722333,-2.0637321707001,-1.54767172046079,-0.223252186706176,-0.949331278547668,0.00932103716260008,0.758617100820862,0.971197084821608,1.18419161146286,1.89355530923143,0.0777415837099664,0.230288225421267,1.47829327033238,1.36569664004826,1.97679843089171,1.0454519765922,1.45676081124363,0.689039755518562,0.59281443653394,0.532361731276568,1.02625820067166,0.668833758884071,0.24116468012729,0.163220411103665,0.452934719077744,-0.797746804378825,-0.918723322718249,0.249919747181256,-0.924628690359644,-0.433327238639029,-0.885085586834966,0.315868090539771,0.543151443970225,-0.347904718141635,0.0236872228850451,0.465698319281514,-1.03243899045548,-1.02743406767582,-1.25533342146609,0.125347858498178,0.998517125611132,1.07904400400139,0.395146816861565,-1.37106261979776,-0.91992104783485,-2.07734489001795,-0.976927563291937,-0.287492786867728,-1.48198592602668,-1.20801494104043,2.01783000955883,-1.46017574655942,-1.236725107915,1.53944909648599,2.32595767542585,2.23083603777669,1.60636329350421,-0.38297820971396,0.823613085377447,-1.84050635598069,-0.721962549922046,-1.54621712583599,-1.61204497125343,-1.16563199939702,0.151172116102188,0.79714790498251,0.666924271594549,-0.360567133187441,-0.195889776225286,0.800224164691352,-1.18039668206001,-0.346847159088773,0.429138767761409,-0.646428681378912,-0.00780153243620224,0.721761133747838,0.820255429754241,0.859154034056477,0.0213380854251053,0.744716513638594,0.161466999136309,-0.0283647140998877,0.669919832687327,1.16581679283072,0.19857228236209,-0.0302916098385579,1.00544728065441,0.616035128983223,-0.218089783847798,0.382785962378144,1.18440432563713,0.0211479991640264,-1.04750515056498,-0.0850087313547905,0.592141080318164,0.529368647217961,0.251576672009698,0.665645305694965,1.30374769566054,-0.706018425295417,-0.178886758543861,-1.94487734858568,-0.743481475062245,-0.903304741161726,-0.471188208724615,-0.805193277451513,1.04569377557633,1.00938538243019,0.514639807416638,-0.259567203779419,2.20778843909967,1.8666459960236,2.50475831668986,1.38075918826847,2.26122593715121,1.56528113402168,0.410901160248377,-0.537304136498828,-0.305849715444778,2.62588973519196,-0.857753028058489,1.08855917889509,0.665041506417727,1.62282673335413,1.76432853552366,1.45088000505825,0.73360950170101,-0.441652914651703,-0.387833270469496,0.771199969856694,-0.13309179363044,0.771084940833097,1.10931743750629,0.724960733659589,-0.152152335005384,0.560103909635131,0.673434977713311,0.350710769382446,-0.0713936785072828,0.0596081442719177,0.292019112433004,-0.417684810285141,-0.160866354079905,0.438587134227852,0.348879610179692,0.0624316207980618,-0.674777644092638,-0.467458594429654,-0.424408962332542,0.471634510346072,-0.706346435437832,-1.04735530244175,-0.142881176031069,-0.503848955506098,-1.10555530660132,1.30505215598251,0.143034673888406,0.0502138479274928,-0.234953860491058,-1.61202360474794,-0.15238478950526,-1.1954721909123,-0.728471328386107,-0.732836754617049,-0.120120633671451,-0.686157113932652,-0.418727975822182,-1.25955623534851,-0.807272481606176,-1.12350258419736,-1.17239112139319,1.14599602984568,0.235155957860789,-0.168107613682644,-1.21229443901848,1.77382154729115,2.2779289494645,-0.0223380107046856,1.48980090938865,1.85045160490608,1.56086650758316,1.36065812288806,-0.421010814361568,1.32858030945593,2.68563286124717
-0.806219954664892,-1.30089198241489,-0.902072571864914,-1.3318992850556,-0.577434941332981,-1.16970678328498,-2.55187346699332,-0.500935289107268,-1.73465427786414,-1.63238531843286,-1.57013023678922,-1.8309795373351,1.44913562480896,-0.592164104739424,1.56639173684319,1.17132146307383,1.93511071724487,1.59373995875679,1.59936869383593,2.13595914062544,2.26288427826837,1.88474409683063,1.34169839906081,1.22779355336347,2.51820190392955,2.40695254565307,-1.15355392395931,1.04956584098642,2.33437912861611,2.44715510590877,1.73243683396203,1.85446179700589,2.5294019185416,1.28546883405637,1.60636904152709,2.92342735654996,-1.0616722691022,2.26328135701059,1.53364125932741,1.15914383751542,1.70941693470854,1.61450827487255,2.05722867536558,1.97239478765296,0.678839079644021,0.517178938349032,1.55304401711935,2.28348981078526,1.6931517257148,1.31503136948263,1.18014345713155,-0.618005360724251,2.01224455374391,1.0037536042696,0.314394391695269,-0.823716861659579,-1.37955511246189,-0.34166481970158,0.142290998286812,0.160567521408347,2.58261399452498,1.48570996345768,0.230872399501962,1.28669033079056,-0.0245561749671258,0.102473374407363,1.58956105024708,1.232990612574,0.387067494411519,0.375889374601699,0.666507672844818,1.71707311915661,1.06162505687264,1.28799259413593,0.0310966786177152,-0.569824966337479,0.611545693646174,0.295403562790373,0.0222907184263948,2.57191352359942,-1.43559074685669,-1.18257464004888,-0.896345539161566,-1.60675280663004,-0.640151385235287,1.32173245075753,2.90929927645387,1.17017253127481,1.40845730303802,0.0162744462879773,-0.173525608376006,0.736594822702213,0.157085731642185,2.19711094997102,0.582761536748353,3.04814463810906,0.370685323436135,-0.219221111942177,0.212592297706933,0.992230292021266,-0.451138988067897,-0.795723389156611,-0.54630388198529,-0.312107876140097,-1.86115667761025,-1.60842911632141,-0.492850181823937,-1.47988972413472,-0.505273415991257,-1.91240843353543,-1.5756687275743,-0.461935287732471,-1.6276046649311,-0.868251967073169,-1.06481042568577,-1.42890127410527,-1.75253962914986,-0.438108446462886,-1.98154456753101,-0.079980348851129,0.684006434173392,-1.66038253442811,-1.67109930965224,-0.150772746343994,-0.464777919352966,0.346570063394555,-0.587893479561144,-1.32454812883351,-1.10233107188044,1.67440480394126,1.03048276240504,-0.122491809555417,1.40556220581061,3.53247744555061,1.94613602746906,1.65763695658749,-0.327139130328241,1.61771122350806,-0.889323012095931,-0.747903630471843,-1.88253684972508,-1.63070100778065,0.722099199447782,0.225392146985062,0.74206083609166,0.829387294694938,-0.741206464935412,1.55417364298431,1.52419662228991,0.509277492894503,-0.125219334911861,0.431264403671098,-1.32941044900156,-0.309860418782835,2.21033254933902,2.59291465259508,1.9852574302372,0.488591238766788,1.5085612970156,1.61352203462075,2.32348738614719,2.39145475658125,1.05186247886842,0.622975254277019,-0.195802888355575,1.913925283434,0.745448807074218,-0.381713143937539,1.6026764963528,1.15346707757404,1.51676358748872,-0.595451289374235,1.48920859765452,0.779197044891545,-0.193156581768602,0.280994112037554,1.95789216833695,1.78587969421498,-1.6265718728092,-0.288227103645207,-0.604399639382683,0.00389390243126413,-0.205960790742446,-0.952338543850816,-1.1388481281615,1.48495052565266,1.57756157023883,-0.43965233649406,-1.40640668737876,2.07934464411644,2.63472727274149,2.89560129913735,1.06388586918362,3.12387051380639,2.93478398813891,0.353282565946596,-0.448869491149567,0.667916298109994,2.45958066708931,-0.322079039870158,0.494521286486134,0.0353230036126135,1.40800409382563,2.36463042672713,1.1802995103575,-1.04107172021121,-0.139149526941363,-0.282452852655407,-0.136220340219291,-1.59419192908154,0.654152836513044,-0.435622049189894,0.53612975975212,-1.02837372599698,-0.402348039233232,0.262710097856744,-0.0156793729463012,-0.753662141122864,-1.18655518957105,-0.240891732581777,0.550355718556428,0.689300892238899,1.36523903717395,1.08559092889829,2.19095331450689,-0.362095111995771,-1.56265446477762,-0.97651168981302,1.4864109229454,-2.13146939663394,0.193316928055492,-1.79316503381518,-1.28103500625475,1.00067975485585,1.66149086297998,0.158437265227508,0.453838346928961,1.68712807951036,-0.925007928023013,-0.0749880883245793,-1.11922004887811,-0.617989400507589,0.0819600657672896,0.887593546781961,0.204119068617954,-1.31267517383082,-1.60625560121666,-0.871442858046958,-2.03163137038882,-1.09579924621276,1.6541267154419,0.536868463306934,0.234030376608359,-0.596344992812495,2.77784547752437,2.90297567880804,2.74845564240103,2.4189768874542,2.32722161078902,2.66141680358606,1.52444607251125,0.578205049098595,2.43848043456543,1.6474462851678
0.21812815885485,1.85726912228036,-0.38733704248061,-0.249007323876574,-0.184487318758977,-1.70418258176503,-1.68768067984493,0.291907965579061,-0.376224198747656,0.0296158865317469,0.426353449245798,-0.45654779758179,-0.904181147679461,-0.648398235759947,0.15012821728679,0.452017428393657,-1.10423430359302,-0.86816435260941,-0.874018923426025,0.329242249752044,-0.480734587295903,-0.795188178067358,-0.578135771203528,-1.95392364089692,-1.07002856380881,0.548695722061717,0.875773273724734,-1.52108330442641,-1.65607486493473,-0.872914374185728,-0.54609698985898,-0.167179530497738,0.152310634535435,-1.50282869098619,-0.769108344684197,-1.07226428273993,0.495420526881513,-0.729328737367995,-1.70172699081566,-1.78377229747654,0.579759347136526,0.750531540576555,2.0062096471572,1.36697001694219,-0.26835339156881,1.58719281701834,0.268143543728809,0.569851320357634,-0.889270989464721,-0.904925376548735,1.11090367231583,-0.0973056909320601,-0.882116857340355,0.490085858241437,0.566812300186402,-0.404020320244263,0.583871534181687,-0.257054191974913,1.94598829407993,0.347216379093905,2.22314592832207,1.57897447127798,2.97145486057719,0.0382975481648598,0.968376319238991,1.97942932212914,0.565090172417668,-0.225290534937525,-0.584902504089608,-0.292053535087955,0.763384540676446,0.997607796551083,1.06461980483802,-0.00860826014395069,-0.578779861500909,-0.677691726895179,1.04597198940715,0.348214920431374,0.805006121181669,0.215393062772638,-1.03245040208037,-0.512332603965911,-1.79743689348214,-0.877235545608942,-1.47518024590803,0.143761858606769,0.689415679248083,-0.310079069029704,0.203237099219964,-0.947259072690462,-1.03035726186766,0.105930405808205,0.00910572979987999,0.0313653389927768,-0.416829938922266,-0.321376328580564,1.31167633575286,1.18390703793221,0.968728952664556,1.4094899565441,1.33744615194887,1.33347203013327,1.61629791049368,1.44079978978936,0.165413595923084,0.783781962231304,-0.887069931914051,-1.22785430637959,-1.50302365154758,-2.38622030384425,-0.819981584701148,1.98582378489177,1.10941947121405,-0.0689776648533539,-0.110153303853364,-0.237420699049144,-1.03233200318401,0.474851236050405,0.464941765402352,-0.435035277338996,-0.541432087210437,1.74219419589824,-0.531085645145144,1.05264453450367,-0.262039123284478,0.365275261480667,0.927640392474707,-0.591867348125384,-0.515215002867243,0.6507839607412,0.211944499505548,-0.644152479244066,1.07864132055283,0.914055627786119,-0.134330724971051,-1.73791138074684,-0.231217518295759,-1.8025622883522,-0.118785402683404,0.916300205526064,1.3537132986761,0.685358346715414,1.03131542110293,-0.248019511190772,0.116956097468694,0.328638160836711,0.112037019395523,0.884448442518944,0.315327975234217,0.659746681290878,0.0746756957038523,0.156665094714473,1.78924984436488,1.73031764568968,-0.77284863002454,-0.73393253495084,-0.435964611388694,-0.69615142198534,-0.40760504981764,0.429062588980249,0.776190004692514,-0.588247293179142,0.0489763074525602,0.729780748748329,-0.623100199449761,-0.316739318622023,-0.0899586141952656,-0.129067859565203,0.358419421010954,0.0389912017010752,0.627235653375476,-1.2934741032301,1.1411233476637,-0.652943920269424,2.29821984884126,1.20143479349842,0.385930161283647,-0.821462291272975,1.87076200194594,-0.0309583363940552,-0.0712630513670075,0.233339754078942,0.00491338802932074,1.20390561091547,0.0640226615426178,1.2510188886298,0.734504844398317,-0.0684932330428769,0.690891926803681,-0.142992297635382,0.126250684892466,-0.552039341908147,-0.180798219113716,0.365493447056983,0.639096180952795,1.69020103008312,0.0684597167994407,0.979467444778369,-0.421547710887239,0.0168359551461021,0.768560133993257,1.88575231972263,-1.44041546940809,-0.0988719392448567,-0.201999838879987,0.536262475547203,-0.562726205216641,-0.115205816335435,-1.15621541694993,-0.751724904705976,-1.29568949423607,0.00780025048398391,1.51024132391155,-0.268341141107367,1.6963096979192,1.54119007391914,0.0884625353397293,0.623536344474322,0.851121957798173,-0.247603390189798,-0.0285438380656051,-0.105672094293592,0.0257344723437525,0.467561217003504,1.04887960795113,-0.325485237183357,-1.08275608729821,0.717850607217529,1.94158558377947,-0.721327725829683,1.1550057528977,-0.853794034527507,0.820178020650017,-1.60208984159524,1.04660284332879,0.0840324051877171,0.442839474914407,2.07995249609186,2.02394579367192,1.11044562249884,-0.330260832534294,-0.156517304661172,0.385140291138517,-0.529956668246382,0.0346422688960341,-0.673258175672061,-0.51649931070066,-0.377206361901637,-1.00423972236791,-0.491415607624837,-0.056585735616441,0.886025787803198,-0.251373834435947,0.347551621855552,-0.572681561658191,-0.384443772640039,0.719304758763728,-0.522311598384425,0.514787527639407,0.522568181013926,-0.458860500435859,-0.197650283124115,-0.714899578929918,-0.747635722596947
-0.794995028744368,-0.508117228343209,0.531080269220882,0.710487503425237,0.635607988844685,-0.849939914438497,-0.58526865279913,0.840647251238907,0.131400224998888,0.324427028591074,-0.0243900104274931,-0.225955965764301,-0.354090513999918,0.179136499000959,0.0320354179941331,-0.238669999396153,0.237504767621506,-0.353908842633934,-0.842388853514047,0.236424298579022,-0.450814200806533,-0.418602319377869,-0.4796013548198,-0.933202548772955,0.199457649700933,0.957900967315482,-0.466759401149507,-0.35790064092056,0.0843200331511453,0.0806217598767172,-0.19875425951536,-0.881020028993852,-0.0590581398441197,0.151985700237395,-0.521916772638091,0.266005589160754,-0.299239117754835,0.545078320251123,-0.181874288865175,-0.200200666657746,0.394632510556707,-0.258636637728177,0.727130016479989,0.748035591602298,-0.637871601428909,1.36553447603289,-0.199499483458266,1.29008727968866,0.815055865440521,-0.424628076438347,0.0704460455158924,-0.108051992140469,-0.317087334141291,-0.146115069669407,-0.60320309543593,-0.0436054191348457,-0.936541731055909,-0.338552933816537,0.273474887200982,-0.237424076787736,0.0995866765888201,0.629107021263724,-0.947543516078514,-1.13443545510941,-0.671039865572108,-0.480471329599851,1.5842997705549,-0.803944110400225,-0.23742975314099,-0.281923786573796,1.35104005532734,1.69802943342049,-0.729673469421465,0.556331824019751,-0.283302318302281,1.37944994458901,0.520425561920847,1.01499996118703,0.54458815305509,-0.0115110097137273,0.34697763048077,0.267795263644498,-1.62354964129012,0.0310007657045241,-1.72616172359816,0.0281192942991559,0.310437732544422,-0.0764535064454796,0.0232833276757901,-0.484589750700946,0.719654515856951,-0.204070459877357,0.233360120424368,0.191707787352209,-0.115167793227258,0.143750344930959,0.0236955973902977,-0.201175041859948,-0.0870345237960634,0.0536969844436306,0.0664538259439195,-0.461918946570112,-0.290890365477714,0.00633610846097383,-0.76470325855252,-0.936688499436675,-0.558309591580271,-0.355569180910886,0.27628132811512,-0.726114119552744,-0.349461912201801,0.19696525051997,-0.519448064030243,-0.433017464270936,-0.131723267166087,0.44333697905162,0.692906632581598,1.4531421941581,0.634141820965576,-0.066584300740106,-0.510947238729585,-1.24401569345708,0.337564061910439,0.680901723595439,1.0274341036622,2.4092523253729,-0.25763185578767,0.166405363748085,0.300124824532613,0.022733260522695,0.675342081482705,0.4033049565219,0.441623826168489,0.826705661099391,-0.0419195692334976,-0.585180837773703,0.270823355750837,-0.322418177157653,1.04058922290666,0.276622565450677,-0.0903550489454901,-0.351235625062831,0.806015754076581,1.0554140815762,-0.666568630723929,0.046093079801927,0.393330643075724,-0.219094289458453,0.0230203078380982,0.182881896684506,0.0393108555956872,-0.0574696411925508,0.175835086810539,0.347405637975016,-0.49696600200294,0.0966660086526412,0.00680599877909023,0.438938389419418,-0.208250638934283,-0.227540376665794,1.00496739657821,0.505101969900223,-0.15862282057869,1.59033230486558,-0.524370494269448,-0.0370530861725529,-0.27743900252426,0.518572474975554,0.816701261500619,-0.740152171896903,-0.490077376766243,-0.259448200288976,1.0978500412784,-0.657973454199898,0.412672495083627,-0.598091658258903,-0.238435848453071,-0.153165380188212,1.19484052886415,0.329916542822694,0.545620928490479,1.33698354959766,0.247166880768505,0.295608246268605,0.788806361173673,-0.00877978062525685,-0.368539158890673,-0.362137336267766,-0.148940668406944,-0.106703025673419,0.516809572462539,0.0693975917873816,-0.146131563062446,0.274843710155732,0.390023642028575,0.657320293911277,0.0131303373810692,0.166480316185209,0.0847886424184535,0.810513688644355,-0.0420322499724495,0.332706483811845,0.00882606133917244,0.192412085495821,-0.12943812807602,0.00361048402605882,-0.280863742020527,-0.11016354975129,0.0370260111562417,-0.0519685122996705,-1.86170773042838,0.927012980740573,0.0464316485496844,-1.07592725314111,-0.174785184770806,-0.0777029964084923,-0.146055458166616,-0.335601217391971,-1.13753157326339,-0.405188926076813,0.157190832410945,-1.28356522748324,-0.37951648828945,0.00467001771725934,-0.452588181734949,-1.17178000970295,-0.00378611912563076,-0.563509155897103,-1.27867339277458,1.28935102623775,-0.554959012057573,-1.16103540222379,-0.646466723937721,-1.37337334373371,0.657873888084338,0.312888769765779,-0.609569990030596,1.10916838562885,-0.0315876621891428,1.19792475179238,0.0741682231127317,-0.209698938482017,0.513271911279486,0.494508497823029,0.679899139879023,-0.680406802186882,0.706148358981851,0.795797347225728,0.0596920216256716,0.45208524360259,-0.244127469228985,1.06397169460729,1.51374843421687,0.638269936133857,0.207556421042548,0.447686338245021,1.04367263250724,0.0980231478211126,0.410386439469385,0.69902677394225,-0.169881403776774,0.837083099739669,0.0489725016664311,0.748292006144192
-0.641761490171337,-0.491682418042334,0.912786083155235,0.0712698911974795,1.19375701727562,-0.737910019744662,-0.93936017653866,0.220656661720294,-0.14742663809535,-0.65897915900805,-0.438304592549097,0.602239807538676,1.29895131319759,-0.330587574058641,0.472366510777488,-0.876347196689917,0.89541335077006,0.313901082530196,0.85878449897019,-0.0383731923631233,1.02494700675692,0.850337711616078,0.971843720449705,0.221582949737687,1.69294524372392,0.84885042785561,-1.57118664811233,1.43521046834907,0.658763521452274,0.823466696187869,1.09487775375714,1.06217334396504,0.638288293782457,1.1375537794413,0.923277103718859,0.949979446653019,-0.929746610927812,0.494458254300032,1.07618960719728,1.45089939210301,0.660598044104152,-0.229520537252758,-0.0526148036759452,0.941744738009935,-0.751435502077058,0.0112350454874008,0.312506169789511,1.27044079464532,1.55727785062308,1.20289715508878,0.12670436373262,-0.510691345762504,1.23360285921116,-0.115751048409299,0.0328956201714455,-0.222630091855798,0.572191477748588,-0.465121564973698,0.572693069500253,-0.331811187341028,0.359797389398342,0.323370888466834,-0.431913642923045,-1.55821294429619,0.113782261649047,-0.608877079651086,0.139907619468907,-0.991494411925314,-0.111587697198755,-0.105181936766389,-0.597199570382176,0.846165527124111,0.567203612430245,-0.26419225646292,0.954602003647135,1.34536939415497,0.164693841250704,1.27086610899685,0.128241934170377,0.474517085843319,0.108118417449117,-0.483838742826552,-0.272799874616122,-0.11100554971916,-0.783895530530508,-0.261822171632249,0.0932944606182621,0.57259966029975,-0.184676600814233,0.202671511877989,0.0259208884857378,0.297461077826632,0.37430200347561,1.20670570025029,0.350569248012399,0.804536369662028,0.0443662529472599,0.168137978213555,0.238626341277084,0.549698602037441,0.855472851236338,0.81651526499471,0.82306165588592,0.894678051974452,-0.171002123421393,-0.268693102878317,0.191967568887995,-0.3808613632554,1.18329656123298,-0.193120851223625,-0.244390709587269,0.752619674710504,0.217067726758245,-0.30577975927264,0.148704361791042,-0.0218822861232816,-0.434649935403083,-1.02235788473601,0.272618906708558,0.837317541540242,-0.190324942853827,0.342522230475406,-0.21254046156841,0.637638206360799,-0.590521153170901,0.990232232152075,0.329591148232998,-0.464256335324787,-0.117016013538656,0.53436884845075,-0.858851686937713,-0.537824997018116,0.708653069962371,1.52504140365959,0.651444098176313,0.556974785497439,-0.199941282124071,0.246766963975526,0.00532217248305202,0.3223171437123,-0.342365865308255,-1.24204502178193,0.220454248882436,0.395421941239276,0.429689905472953,0.703047349528081,-0.75724017869531,0.307255861644088,0.471596001165167,1.17966497717873,0.924493473405463,0.15365680486449,0.127379879243172,0.873009030854205,0.622912136736703,1.09904070935037,-0.017299413889455,0.338283529280309,0.575791851978379,0.109036259827584,1.59854244477683,1.13037538887856,0.622678021796469,1.06068942519927,0.183115993135671,0.0120397952909172,0.510794022692762,1.43354537246354,0.852078194210719,0.891587904752409,0.826767502998298,-0.175007401553621,0.697396529632631,-0.440423330622726,0.791902230221519,-0.442496410570743,0.17868668656483,1.05156743283033,0.569966028117776,0.932545439569651,-0.18048822515837,1.00928114629705,-0.347576175586296,-0.167349439608091,0.368441795787271,0.767506271689168,-0.309015436273107,0.28393824089325,0.300214177416822,0.446107366920199,1.7309411097596,0.957728744757938,0.391122335414074,0.489342309552277,0.689363874735615,0.541695914569636,-0.0211565678477507,1.45815889658875,1.00530386343817,-0.0373499855647965,0.521602144677628,0.30156795205941,0.725249085701074,0.52814775967213,0.230942924457802,1.2968682075791,-1.34802679333206,-0.62743052221417,-0.195694635526043,-0.433411002622976,-1.31430628204823,1.21140251348828,0.114328361886311,-0.522540348996616,0.69816323176069,0.303118301164775,0.819937961843839,-0.383141775172036,-0.289817608918911,0.142353061360955,-0.640803249566175,0.41114844315895,-1.29086493922125,0.813726181926112,-0.124355635601678,0.335282264329736,-0.19714105939157,-0.290397590495275,-1.29556035920995,-0.0103488621548932,0.0778039081848614,-0.262523542491551,-1.04783954927743,-1.37705937229001,0.705376936569333,-0.775135298395101,-0.9766776494395,-0.389496350570527,-1.46804677906644,-0.251700728600799,-0.106102761215269,0.159945487845003,0.534494817369396,-0.00717620571018645,-0.482191463006593,-0.202124171575593,0.174591662720617,0.132001627738377,-0.618084774758629,-0.572486396913644,1.51522708117479,0.717352533012099,0.564733751968511,-0.208284080477061,1.06460054193128,0.959058811848746,0.72412162490955,1.45538003469545,1.12793109258029,0.352035356228985,0.33619642115744,0.0590859693794162,1.29325811337332,1.01772022041848
-0.936142230670809,-0.851722384878273,0.495459815587006,-0.820943431563774,1.54277184670148,0.146217901252242,-1.44202260966043,-0.0185602121658764,-0.543139694532571,-0.95617038226622,-0.994523743439277,0.961172309757152,0.28413311188095,-0.813439702193358,1.54529076252088,-0.226878310376366,1.27294051607746,0.319394071148645,0.47523703776413,0.586455805209593,1.41955091110041,0.49022461898239,0.592961949812686,-0.325211270026125,1.44974727608148,2.42076620948031,-1.47100181499843,0.885543591028089,1.83292985983831,1.29833241282282,1.32873023270598,0.586415589048863,0.980900239917172,0.912170065844007,1.16050593830343,2.46909284650335,-1.50498801708581,1.21732156254261,0.731428251488514,0.838749602893678,1.8423075435714,0.616211187646021,1.05240555212454,1.22252068099652,0.573344570405355,0.883044046677231,0.854741395435754,1.7455677575388,0.826586807603785,0.485140823546789,0.641171888605811,-0.638121741432806,0.913979142809623,0.482178865554503,-0.0543636937303844,-0.379332328606076,-0.992933672633491,-0.228793389213116,-0.500906334841406,0.851134546862853,1.64457974464528,0.970892857950397,0.226974098507355,0.0808062231262325,0.236712419552499,0.625597683088981,0.355498990289079,0.0128391518558907,0.618132000522684,-0.231861276784885,0.101062314971063,1.40469245551856,1.60185015458714,1.64276794964998,0.183186094320256,1.45850091114576,0.632183822937548,0.45381627221149,0.0703181481168453,1.82161117356326,-0.76703923770476,0.0129190621399199,-0.9740248068041,-1.33650965114577,-0.455046627503583,1.6038155202849,1.76146150208606,0.945541079595766,0.655856701575306,0.163945650360872,1.26521095350889,1.42208309308597,0.782212804221297,1.71433377078116,0.118468204957933,2.69002668949661,-0.120592552993315,0.6462227118115,0.468855680752634,1.12247114038238,-1.44039367683921,-1.71355368552172,-0.534366678609108,-0.875095602480044,-1.16597772451929,-1.11305501883967,-0.639414524469068,-1.60660451703183,0.842821320173781,-1.50221879388194,-0.662443636997976,-0.639273987788983,-0.332096295814914,-0.199711871440267,0.0281923846705977,-0.112960840283476,-1.1360529845995,0.192348225757535,-0.394881381953646,0.746796353387194,0.867346312437232,-1.01627548380084,-0.36539778980549,0.0384810654728916,0.308737039938654,0.286830093442088,0.46661327012152,-0.140439588343977,-0.863706034010843,1.27724855671651,0.768707020253723,-0.089129374276967,0.828787485482111,1.7752247052357,0.949472297099707,0.404304982869353,-0.0866881481373386,0.893205959198287,-0.267767836908579,-0.164270031694761,-1.04435397298943,-0.902590740542254,1.1287547362511,0.0763573669362809,0.560636552042427,0.517286002030759,0.746475204104681,0.9717353605217,1.58814299009722,0.841980875195326,0.603785469539796,0.23820813586776,-0.678124268359997,0.121188798780031,2.18876269936784,1.58745501209701,1.67073877558786,0.98214561858876,1.58728193485369,1.27366664553766,2.17448332347038,2.52065971580655,1.14801675739733,1.95709887927884,0.834608258860836,1.77347075400134,0.883721748910759,0.420200028855843,1.27440814761645,0.621417647335059,0.365605494713834,0.319958122478865,1.5163881776765,-0.708721875639853,0.283334092075675,1.06215665390653,1.57045194195186,1.31080754335726,-0.685874528378706,0.887411726004848,0.114135820660794,1.02772054173615,-0.572315496353104,0.0238204876324918,0.349805588499884,0.746841209779289,1.2143293865027,0.919061977676165,-0.230714331515978,1.54523373368134,1.62662137040206,1.47642357176203,1.22773784192023,1.91416388672394,2.28950645710033,0.649450198034925,-0.373592659116299,0.331434228414129,1.33665411469773,0.0390449691785333,0.605289495204582,-0.226749231431306,0.840296081813273,2.12537575862012,1.1767768721833,0.288265061345636,1.44401384486517,-0.243596120933404,0.535920617630377,0.872831102003431,-0.574492837379146,-0.0497608672350806,0.38720619633878,-0.4200644286031,-0.298602440909019,-0.799636972373339,0.00527253419682942,-0.775434877116275,-0.821149536478391,0.737495133433421,-0.604913227477455,-0.178696645686737,0.631375519693255,1.60555604940476,1.80774481939742,-0.635076078323048,0.309244042314778,1.39201214571792,0.347415994191644,-0.0237298799711564,1.10783660299328,0.409918348616922,0.229620122901855,1.29662871487257,0.546062089234116,0.800249257227541,-0.130098502496237,1.31254830541257,-0.153840641348431,0.366002971998205,-0.0689715479018651,-0.13610781294731,-0.733824104275078,0.792271155872576,0.324465680466214,-1.65902814576792,-0.164713072537219,-0.00841710171846415,-0.532557731556339,-0.567740387060273,0.585074954293897,1.17811025482035,0.991376643874306,0.610909143088955,2.17605610332962,2.20744872739251,2.42478166988578,1.34423350747711,1.49184384226524,2.22463452358631,0.180731691184305,0.852978969844619,0.961859682064097,1.47859152999378
0.676658361150087,-0.0982248576222394,0.531461297884464,1.61409260813942,1.08694449510544,1.09504912414348,-1.04043087648966,0.507667730973286,1.10689042502349,0.340186093009119,0.134378435382894,-0.0998030697161357,1.10905938172253,0.560576866671288,-0.707824458198765,-1.1550044584614,0.143398955509273,0.232505125742042,0.320059257533781,-1.01298710141859,-0.148100235380669,-0.228727517278075,0.258859821507159,-0.394953426580182,0.699323631499573,0.264756510604433,-0.0949493306416897,1.24050637342413,0.91062084541236,1.40234288984456,0.0712078149651756,1.0109201787518,-0.970918217048629,0.806786404334479,0.322246872597546,1.11705120327777,-1.06129213807533,0.0749748758145873,1.72912534103143,0.728076608830541,0.00372159754958064,-1.5792922519302,0.324185445741004,-1.45516150263751,0.179798926386527,-1.76461809133351,-0.986367193733714,-0.441366239259648,0.451081765423687,-0.178642201727945,-1.112541981758,-1.21557985652393,-0.213754430701544,-1.18483118775965,-0.0591123164842891,-0.862462324363703,0.570059942110197,-0.0999334562738071,-0.514350973354152,-1.06163242456426,0.341167309020509,-1.80417984002938,-0.684354761316879,1.41534452124278,0.725663752536598,0.890255901921183,0.433446113356848,0.578094486484224,1.22001436843745,1.02568327348213,0.447408074545115,-1.26113217944264,0.536078371376164,0.839741805798554,-0.129262925348083,1.00138027405958,1.9300620324192,0.0665010427862511,1.29237721566957,-0.633332464431027,0.23304445966577,-0.619577638223473,0.198458164697154,0.902504165891938,-0.103400894825699,1.1882519445804,1.88635086470376,-0.292508514991938,0.294303562261539,0.405495412037451,0.718063039441279,-0.733355635787634,-0.116305872236196,0.240930932744231,-0.0533943721116272,1.08308345052388,-1.01385821001566,-0.959119786983643,-1.05482504609619,-1.18383991142363,-0.534109282815753,-0.391058696824364,-0.313895083533358,-0.438224943218226,-0.665379023071642,-0.118464131885077,1.00108084377754,0.337640570487318,0.853935458586759,-0.3998502850046,-0.412902909247844,-0.358613586924355,-0.849593534225964,-0.0491653020513254,-0.915973729572852,0.651654100030594,0.864674011187471,0.636698758233387,0.161534122874037,0.258693576219437,-1.17326314320726,-1.63440713334653,0.159093103122768,0.460868727290732,-1.25015554845153,0.883733104977531,2.13900202259552,0.149287770103859,1.04213138435104,-0.753290960619199,0.402400483799029,0.475468957933596,-0.707162610791308,0.485413597117892,0.685844209702842,0.548028669680796,0.720246052938105,-0.759233789408249,0.060122548723467,0.183245146165812,0.214053220164282,0.508722094094683,0.0505266879954949,0.963949230254514,0.559060204679725,0.826405842661354,1.82188188659365,0.70289097127987,-0.445560393313392,0.54326548214004,0.190927279892113,0.0512988939433399,0.244894333233873,1.39956460712423,-0.154718813415218,0.0579225951806925,-1.45886205558896,0.775490227076342,-0.628861303249342,1.44679792827416,0.533703167843472,-0.145085528027277,-0.181176169892049,0.618805074989091,0.771318511337316,-0.118368713717727,0.572183355459079,0.523614712379865,-1.07673871084155,1.2740690751991,-0.446957256415622,0.437823699655638,-0.777766843251274,-0.0970525546888473,-0.535349308246587,0.747219930978761,0.546081456472954,-0.92832072786558,0.651854827374459,0.615437214514164,0.0609172545908598,0.487756980678493,1.41003717368115,1.85465646666586,0.800095137285233,-1.65605879109845,-0.707065889187017,0.357710810085875,-0.706533987348317,0.460050179980528,-0.439394473169679,0.75618251801922,-0.935334883339699,-0.189206831297354,-0.448791929537693,-0.582580456909359,-0.461586115341156,-0.195820939912673,0.696679817557529,-0.749968570353187,0.428391596819519,-0.926558746372621,-0.0978843843109109,-0.12840121597149,-0.669972527314262,-0.217156684160011,-0.595980724405399,-0.449199445869633,-1.28773314205772,-1.08511213641522,-0.444159962073369,-0.903813146396751,-1.46010878787902,-0.356717723099916,-0.534571781418844,-0.824364665631225,-1.21932813458146,-1.03760865956018,-1.00236479513657,-0.336512372069994,-0.268347064762262,1.10185883744514,-1.27913102702483,1.07235066094944,0.578226986047692,1.45590649439625,0.78338077810872,0.819311881214475,0.0905681613777444,0.45671358773688,-0.242234975862664,1.28996513365782,1.00724789980335,0.911709774712811,-1.157510365638,0.171676735096629,0.447966083282013,-0.589574561552094,-1.18951681067506,0.666176673092028,-1.16910071804948,-0.695817376554595,0.0509357332396788,0.529292595521202,0.8247016739311,0.540376126264865,0.755941547343466,0.68906376552752,0.640232908601501,0.463011400209163,0.815650114528414,0.61828172994687,2.08256281267221,1.24292966233073,0.0846818760476783,-0.435363517689992,-0.0725484360263086,0.638870223056548,-0.71965989034055,0.0371253221084558,-0.948949680446881,1.67057858081157,0.419564369500139,0.626189877580491
0.134697951761854,-0.798966288399478,-0.547700414402757,-0.0990414347561552,-0.165187415651483,-0.468298841999441,-0.715311232249126,0.407697346750024,-0.128718015949654,-1.05463610731711,0.117309986279185,-0.274247946721394,0.698565225619736,-0.801721357551279,0.061927378322393,-0.379524627908611,1.51696524480821,0.866090900801904,1.51468301391314,-0.26880682308083,1.73623414376108,1.10008500141839,0.535548661693545,0.386314767261598,1.41685597026779,-0.0195145468816055,-0.796395262181972,1.71042681308016,0.716223131745063,0.632126029075378,1.27425626185331,1.53159972118358,0.715308538038895,1.02438687655656,0.69808336014827,0.715495875436641,-1.29098437276336,-0.450959310349488,1.41036609495868,1.44661434436242,0.221088214211126,0.433545116900967,0.866283958195551,0.585866037359398,0.695586272260824,0.31183010314392,-0.458763323221933,0.00272191291572466,1.42263831577474,0.550204511427142,-0.287960202595167,-1.14510961591191,1.45888596212816,0.155692974847145,0.617437278510885,-0.476875516803049,-0.930396890550104,-0.371130196081224,0.0932287654234638,-1.02031597180172,-0.442060625465498,0.29879115371139,-0.451341144078101,-0.276170998663279,0.271746513619885,-1.83546748350113,0.902508825584231,0.574401147929059,1.703050183774,0.299424456684624,0.312906657893724,0.294643139291901,-0.995979179203932,0.318001683169868,-0.20159784434837,0.208934383105557,-0.222621663707044,0.137670281195638,0.95641082518429,0.307414408570157,-1.37808866099023,-0.8105341643822,1.32584355217655,0.0357080122400239,0.623825014068442,1.06105360675193,0.820796222376022,-0.204529281920228,0.0481350175480881,-0.463967842720475,0.438439875327284,0.20430273433479,-0.478204129128108,0.553549004554189,-0.135762275168207,-0.0399521419349476,0.120828155025476,0.657185589889485,0.710226426899719,0.402834999527165,0.498805332649455,0.272975337370866,0.0411868210222406,0.314802527305799,-0.261055130390467,-0.263285053542279,0.358132824844541,0.37920386279341,-0.279899484016869,-0.437633327713999,0.687483036148584,0.297739693533213,-0.461597322493833,0.122245058984911,-0.0290385879181224,-0.729307663149873,-0.732403907217744,-0.614136735231016,1.95515877788839,2.0069238705536,0.986244972853661,0.303707789599944,-0.833306428650974,-1.21957919229902,-1.20566589315707,-0.556063835435217,1.32064455629815,-0.753865503981933,-1.27684814177782,0.296742089624607,-1.47804561538692,-1.01102787205056,0.992839920885561,0.358448097404826,0.527500798634392,0.328678630193478,0.567450604758724,0.686753148994221,-0.320420373993356,-1.48378045105031,-1.6452110128911,-1.01537041320248,-0.595649239770828,0.0177147068332432,-0.0991534420575605,0.0211630983867015,0.269981387078771,-1.4366545444258,0.351715922500876,-0.729759115652713,1.28306223707413,0.307099250654231,-0.340399244656425,0.0502218674077297,0.152455232725224,-0.185279987329579,-0.714479127148529,0.572412773047324,-0.142330963756056,-0.502420830389245,9.47603494553062e-05,-0.441912875443413,0.0309706699509862,-0.621970655097605,2.7572339677751,-0.0118698537287769,-0.0539043371344558,1.16838851660847,-0.26511480490011,0.405869912006952,0.798596032067187,0.757599726450912,0.086733497140231,0.689411004391115,0.425913257054832,0.267299346684069,0.933485422242454,0.407177322867467,0.297732037892622,0.159737929303458,-0.645597771017569,-0.491243326795354,0.235924274554598,0.949785267348762,0.304641077622928,0.216531600818573,1.34848924749979,0.521866794870978,-0.514454202733549,0.208214522943736,1.42564020784291,1.06069189959817,0.599873323018387,0.829149050904829,1.08343331905809,-0.36296422217846,0.325626065037569,0.0981965902733815,1.27723307386212,0.59364923632316,1.02004001850248,0.252754738490728,0.995876890843259,-0.169228949398636,0.301777161368863,0.437048712993282,-0.871975782786376,-1.00982022335937,-0.27470950918647,-0.327630736170411,0.359879495985861,0.450068299582918,-0.141102160227665,-0.313769578685067,-0.205901426775383,0.342399251148952,0.0734400645291456,0.0153963730527824,-0.387376431422268,0.0660354208929264,0.409702848545496,-0.779425191336946,0.355675353027393,-0.327647187759163,-0.709277305012941,-0.852711477003024,1.14051953622626,-0.0812869231372672,0.386968508822429,1.04514242258179,-1.45651627264573,-0.423135905973944,0.722192727643488,1.22899436330252,1.44412646513375,0.0742156333288393,0.105243089701328,-0.553973280611422,-1.23106071253586,1.35873577599095,-0.587380633617451,-0.514620500097349,-0.243965914585784,0.752218929341665,0.587459398660954,-0.119287312554613,-1.30266063236377,-1.26519973076573,-1.56901954385371,-1.48041527286895,0.302160577110397,1.22474747348654,1.20609846011497,0.319438933294073,0.198327268158791,0.957874841835411,0.109213127330542,0.831480537508281,0.583158225611446,0.751654068422362,0.201334350654277,-0.55765190848008,0.745859759324645,0.390508610751405
0.349665476797341,0.014750665031457,-0.521997087977608,-1.1134482130901,0.284358071300278,0.479337786007773,-1.13641685807879,-0.844888599195521,-0.132924594066668,-0.934424360734377,-0.404295707079853,-0.495093378223153,0.225606228422076,-0.607378534805818,1.37393492257149,1.42702958668644,-0.251236646498842,0.155524743712667,-0.627564768434034,-0.0584951337544665,0.265481594892528,0.338578432797097,-0.338648288432121,0.0860144980859371,0.36894436384205,0.882595866637143,-0.477257662836818,0.671906997514645,0.57995079997772,0.732767094185245,0.235689744546996,-0.403475287663877,1.24579957103244,0.267787570627486,-0.30877172873811,0.666930138594538,-0.620642662023667,-0.205499087283076,0.0601945316416133,0.508695466486031,1.33622494244717,0.0608663731256951,-0.700112576497131,0.32628482353398,-0.65889833866428,-0.290141115944357,0.732347356526313,0.41355729158391,0.248751399122254,0.205237332108521,1.47372662634478,-0.221732350885788,-0.32026679439049,0.975424083831073,0.612182808747159,-0.0585536769207278,-0.0179125737645187,0.342326312763074,0.193080221882453,-1.39912499254941,-0.343998890093152,0.465086287228201,-0.650679113773965,-1.06397408198362,0.712687376967974,-0.751854805474548,0.154123419261449,-0.358743336219529,0.255467825391454,-0.358411945835194,-0.518700570342044,-0.325690138351001,-0.492308469627334,0.361367473299877,-0.626566511843985,-0.0994315125623603,-0.81192450185431,0.266215745177979,0.482962579040108,0.777481570531781,-0.480405061065017,-0.191843656056958,0.514062467669349,-1.46560669858694,0.68771810227233,1.28333830808355,1.23973215132086,-0.824617868059836,0.460328781076424,-1.40186612163368,-1.99646985932326,0.453549133372362,0.904291522416812,1.08360971018526,0.158157612864479,0.993615627657114,0.534119143415044,0.748375770730074,0.874441045631884,0.482457440052977,-0.213299890731511,0.431342924783547,-1.16429070462607,-0.763948189459762,-2.10222469250318,-2.18054646484812,-1.84225311925827,-1.54416901549456,-1.43911024300089,-1.27041278358462,-2.06374148607323,-0.648083405321651,-2.44394760934682,-1.29173764463307,-1.80524186718751,-0.579085508451389,-1.02964962851807,-0.865261499035918,-0.211346072070608,-0.0147248672588234,0.805064790993838,-1.73175753051005,-1.02104128470904,-0.630989202132399,-1.69360107473076,-0.236260687633564,-0.286072376120134,-0.463444869524158,-0.626240765587581,1.70004287965339,-0.92382658450139,0.818292771338883,0.399815602970036,0.65707102360394,1.01732409427043,0.439608486360528,0.0145279860245221,0.854475345409003,-0.50887294915492,-1.48803056568663,-0.918454925776094,-0.618611261281009,-1.58747695408374,0.270984755115672,0.246551800189586,0.206243182182886,1.47661111209347,-0.259491506819362,1.37516735240574,-0.995674903137291,-0.245949474033819,0.226695299955385,0.333413488937828,-0.101287934592995,1.31973514364762,1.08665742577132,0.845945950216009,-0.331658192512192,1.14222151312785,-0.758573828756766,0.0947813659246386,1.15896389225974,1.35654007623882,-0.447993176634569,0.985773173973865,1.30341034271301,1.28685802851721,0.583592464202653,1.10912225443507,0.924344900505526,0.733193561554783,0.341532290250272,0.990551485848658,0.0295690743555351,-0.690265533640019,-0.219127150281151,2.17819869171483,0.485325174485223,-1.04226495318258,0.00371051731091001,0.46312574840392,-0.380815463784968,-0.456175542851974,-0.629521795660495,-1.2771241738045,0.556002408284952,-0.114581432395339,0.453954982586971,-1.25282523849846,1.54961331729159,1.81456513549787,1.55474191126194,0.8142082435586,1.40762684896224,2.14970096425398,1.09130364272246,0.184291157888746,0.495857885978699,1.28292226457873,0.454454618941364,-0.938465313531132,0.0839907531959308,1.22897531649026,1.42825595008538,1.20302870662725,-0.401699234191198,-0.00529817233830699,0.71476409274813,-0.546911893703127,-0.949866957337413,0.903871041732111,0.318209097765772,0.726392929863628,-0.774723982638647,-0.955834439626802,0.661866933501934,-0.259805659519349,-1.09593663966913,-1.49671903881922,0.329065733527743,-0.163426304240115,-0.106072635275091,0.728208748623646,-0.790802389233759,-0.68398496341729,0.119466942554807,1.77418506738151,-0.939348533097175,-0.338835224331103,-1.25192419733804,-1.49340754076077,1.71451174047153,-0.595727652638358,1.32150329716162,0.920595264267612,-0.358969596996331,-0.377787715991008,-1.56821058057962,-2.55534341365655,-1.94357504477042,-0.16806334948335,-0.267238001361424,-0.138778411762766,0.340824924999867,0.046538854755085,-0.769061000275209,-0.424011535626774,-0.753371426685497,-0.739663994779795,-1.24147226114756,-0.28465352651626,0.674078146808985,-0.392778396936665,-0.0925446346202518,0.714633949178555,1.23976634086121,0.0144343080424548,-0.0474460067332183,1.36943511463182,1.21179449753192,0.474469235511452,-0.665493414174175,0.337948463775061,1.06997658009307
-0.850351908497825,-1.271449660527,0.0181655388397364,-0.146496750108321,0.133717351550672,-1.33868577746156,-0.0617896696517389,-1.1515019093158,-0.0943065408726995,0.101094285695663,-0.116209398051663,0.0273759206094073,1.02281311414358,0.848013815570482,0.190452853279706,-0.479232837079962,0.837586267538089,1.72229170871159,0.902403359145769,0.478836806743939,0.257003145438669,1.03760745615589,1.03430432723458,0.519739138846978,0.276246734784879,-0.27128474669874,0.163920948637903,0.511672132771066,-0.0329174217273079,1.25636946261738,0.606138834978758,0.54483596201993,-0.406647652405114,1.37578071733678,0.959569366296029,0.194919698953429,-0.633528824942053,0.796551792240603,0.887397692106701,0.173388349532389,-0.346695035766303,0.551521056039801,-0.891584165077247,0.253630315550736,1.188608736154,-1.53297154773144,-0.0842302348124764,0.148628093044262,0.813616023706314,0.641920280374674,-0.0435839139169955,-0.424925322313788,0.836283521216694,-0.255416087472829,-0.839495631048802,-0.611428509902348,0.795219778055314,-0.149857849044896,-1.08301841669134,-0.274178312229571,-2.09790201177353,-0.463617995045415,-1.16082818395411,-0.990541263162741,0.144719067793508,-1.31129717269152,0.0232856473869097,1.134679559618,1.57130741795177,0.149904039977897,-0.893460647083647,0.824038418713356,-1.86095885359553,-0.938638144607184,-0.722711884054408,0.130797719303879,-1.4395757213173,0.175995793833378,-1.11389128228122,-1.39619046064277,-0.240220851300986,0.304470419382639,-0.765313464152363,-0.136536845661683,0.394177900340482,-0.271147381421119,-0.0973766062912266,-1.84868369277455,-1.90649812007606,-1.66644432672778,-1.57627643753034,-2.09701566364915,-0.355124610180995,-0.264703614126096,-1.58189438727084,-0.963193202909458,-1.4044215487167,-0.561106127567375,-0.390301037018006,-0.465464184619558,-1.61716623866912,-1.44072972946786,-1.67014216663427,-1.3969137493571,-1.06734902249748,-0.876595788606294,-0.42922554733405,0.617677004887944,-0.81483152564414,-0.198008735687484,-1.39714419699113,-1.14378082046682,-1.23488697370174,-0.564135624770912,-0.427594876483647,-0.262086364165652,0.18112773627078,-0.552619090299754,-0.292255057172159,-0.814959507893052,-0.0416863306328669,-0.947450786191986,0.0358839137312714,0.361117943338629,-1.75179520391726,-0.472458614660974,-0.340061045330293,0.193403329351902,0.320836363016979,-0.945880058964797,0.729914851807089,-0.171068782930118,-1.9029861941734,-1.22678120109506,-0.719853183250461,-0.255064533590014,-0.0348363907814355,-0.407352063611572,0.237948404044136,-1.8764604627825,-0.858683410567215,-0.732304009105926,-1.59362655461714,-0.526016610224438,-0.32667765371507,-0.432141273629979,1.23855052775875,-0.774960929078727,-0.375759382154656,-0.196092710872543,0.18474120362476,-0.0573351721263388,-0.80576155493292,-0.963202741591495,-0.00467762763487854,0.186742790956602,-1.03286508383818,0.0947288020499055,-0.132258338928717,-1.76743410883225,-0.515875696800271,-0.113672053804361,-0.321865982935256,-0.579952729253334,-0.592299308518525,0.23732464437332,0.230685759905287,-0.212266810767389,-0.702517065898544,-0.472582349705175,-0.291676025478319,0.246419786106845,-1.28047887589887,0.496034254569705,-1.84424942301859,-1.26754773284296,1.13327690877501,0.122700686482987,-1.3173974882056,0.147523573680302,0.0415031493765957,0.0676256300721163,-0.339638938011547,-0.447166007678766,-0.710989285362072,-0.994007901006257,0.158375715107827,-0.0820794757739531,-0.489030804903156,0.0731931574447135,-0.0132368459010875,0.111741297704746,-0.54796860455091,-0.287303022713344,0.396443374811763,-1.57617578057872,-0.0391500862400337,0.380649563830132,-0.0710450913151037,0.239235152682165,-0.65912566082899,-0.302413714095253,0.446511930522912,0.156991314323381,-0.288247261267382,-0.594295855055514,0.139012356192373,0.74220729625047,-0.181375210219209,-0.2474580255194,0.494715386378243,0.449374311902318,-0.301201999457688,-0.528694427260057,-1.40020074647702,-0.921417974391954,-0.143003344325108,-0.301426498956581,-0.293175135586263,-0.178975924296162,0.447119562617124,1.0487284307604,-0.592146977120972,0.091472952020643,-0.446483061558776,0.0884519056631364,1.0653166879141,-1.41397728620658,0.433003456985432,-0.410142561223432,-0.220910792427345,0.649257905594104,-0.388294985932057,-0.060400429881273,0.268250401366427,-0.349857726556921,0.236357717578947,-1.57060899408493,-0.415243398295621,-0.533923869227247,-0.208022764882823,0.0558838432989857,-0.495004408413542,-0.680512668204365,-1.00640566795896,0.692473323104976,0.513995256098161,0.656103321674169,0.391468835847799,0.397091157170339,0.367079075525205,0.247473839789501,-1.74298067077429,-1.4490278659088,-0.0364508356619272,0.185467194994514,0.00361950923171618,0.210293334459759,-0.173710081864984,0.46230986865247,-0.183382739900214,-0.274137024665068,0.983551427581037,-0.407718144448752
-0.809585012723593,-0.959993043930123,-0.270337974112498,-1.07783833187339,0.0323804108291322,-0.851736788505145,-0.104405721532479,-0.619234440520009,-0.77386017378591,-1.1058825262613,-0.885506633779802,0.0280583355579742,1.83373541555974,-0.0847907148080152,0.798589220394243,-0.0487619406076575,0.985755940028666,2.12752965870839,2.03103618179218,1.0213223517409,1.38937870708639,2.10399367212757,1.43112211512072,0.610023150266198,1.71430001740883,0.763590399187415,-1.07747285781733,1.86363625834901,0.834763983546118,0.997628640136092,1.35662447133347,2.0795980094341,1.21380876917126,1.25075289758674,1.35438380838944,0.625360636266709,-1.54544405426919,0.498738886229592,0.950029640036679,0.868433675834726,0.658148520331975,1.10241815985719,0.00143626079174479,0.397954045643167,0.640621009325289,-0.198976252124665,0.44283090783472,1.33637614700396,1.31961422930388,1.22068156222157,0.448924604942025,-0.563187983432715,1.24698423398458,0.0356354367070854,0.149596915056796,-0.666604051741841,-0.349059824900133,0.147137826557757,-0.740704945418185,-1.06783796215053,-1.40562540714502,0.816814849619084,-0.185463083030428,0.299471864926198,-0.134595748785661,-0.999516197718918,-0.626341064117535,1.13394683078249,0.315437661975481,0.916234274188599,-0.194517075764882,0.60007793734609,-0.451585838941818,-1.061688591326,0.110106844861772,0.120641443131068,-1.78194582092314,0.26158280715959,-1.29593586704991,0.167509607402296,-0.391124889202017,-0.797247455116362,1.00010637393012,-0.246677052979628,1.16304452440153,-0.296748461698188,-0.929771413984291,-0.146565876706598,-0.664220035635643,-0.240074161043425,-1.36284309320512,-0.490974630635739,0.25170716567288,0.651714998302954,-0.555821349251425,0.559613097990589,-0.740499588780123,-0.525299258437735,-0.319156730056736,0.0624853661622786,-0.918432188277012,-1.22626896473726,-1.16905502759697,-0.510253597352026,-0.449102276979496,-0.718872048710085,0.630008020584046,-0.168430816530466,-0.693008783221069,-0.157984860976617,1.27696515378769,-1.03137860077348,-0.54314746000868,-0.595745191047947,-0.866715713571947,-0.984976275671838,-0.353593538149239,-1.63837741611349,-0.65764770407419,-0.270603254717482,-0.132075414650374,-0.507480496579818,-0.933191633822041,-0.708637549140947,-0.896174479804808,-0.605885729707353,-0.512883130597861,-1.16446506988279,-0.263111410014189,0.483121394824405,-0.905363901955804,0.0125778091732135,-0.315967762584314,-0.448128778013319,0.464576887812724,0.612383348612369,0.54437988191861,0.424875269609168,-0.92875600912201,-1.06104437584873,-0.833373686214695,-1.34812220613492,-1.58964201727297,-0.773850823209321,0.331709216009156,0.123852132469395,0.86087589399728,-0.828861738374533,1.11568525142404,-0.492053639352945,-0.0334283277536653,-0.8210581146176,-0.796846440819885,-1.87209636136486,0.989403098584301,1.39509739140835,-0.37591536647664,0.961881204188328,0.672574622095708,-1.54314533078867,0.0838237925890839,0.523323867149004,0.774001726024298,-1.88539494203281,0.405506838593268,0.270611046408802,0.485046505795892,0.286410294176077,-0.148693525878718,1.51032439808584,1.11301022687594,-0.370626798420937,-0.207453499540066,0.680934720205582,-0.916655018794084,0.017985347195537,0.752322476255498,0.532420300738292,-2.6722192093193,0.064582898698131,-0.289471634399756,-0.351977397116184,-1.18871573612332,-1.05801945387679,-1.29655004212989,-0.151029248406753,0.6339816180389,-0.370428266877005,-0.190866113281931,1.6916467691709,0.821688445550942,1.29420344593954,0.296637765077207,0.40422194442775,0.658556235893828,-1.59951012256962,0.562999288286174,0.853318118165081,1.18652157089622,0.641692172209862,-0.0300795860044238,0.0241414651935855,1.18717964972316,1.17239289407447,0.451588379574703,-0.976177751045263,-0.0256821013585416,0.0240038533219473,0.452082925358803,-0.368612569040193,1.56654965564131,-1.20288734067422,0.0502093076838412,-0.811804199284901,-1.6077447693787,-0.18925659088766,-0.196826863678399,-0.270880659621604,-0.895856113830232,0.0894218922512113,0.419627311102968,0.657385425006977,-0.0943258016433339,-0.986341214819862,-0.0114390884752981,-0.207999427596616,0.919491570843947,-0.400629345046384,-0.0255829835217655,-0.0224430287491233,-0.730333855450273,0.396811720739382,-0.108084041225829,0.214280621819131,1.42544643923457,-0.739124000390009,0.0962643218689288,-1.05819964396367,-1.38821599179517,-0.417388548034721,-0.462576089763546,0.531406339682769,-0.592782806869385,-0.762966088595658,-0.70577115639912,-0.569080598432342,-0.858898766813302,-0.957260524412573,-0.963145813750306,-0.811318376979993,1.69981060038096,-1.82632279267782,-0.952613444937394,-0.961730586470547,1.2210983633449,1.11446364298741,-0.567601512951333,1.27620245213933,0.79442184804782,0.0285671770935725,1.08393820364526,-1.76666583246239,1.80990141059055,0.612092092287258
-0.180189133943987,-0.991936833585666,-0.820746157313469,-1.3038971259526,-0.341838953901902,-0.793692293285439,0.59135484175653,-0.826872626858999,-0.884442140644219,-1.3743075275113,-1.66512148540935,-0.361375813900977,0.462132797200343,-0.182016234648785,1.041210552607,0.186029874269541,1.59155186978167,1.86403155280693,0.688659228113495,1.46475906455565,1.99148496019052,0.838945527526256,1.57735045456777,0.683041955125338,1.52691111244506,0.546927802788204,-0.834329187656596,1.16792186460435,1.05591527415609,2.07416687909839,1.75377722282527,1.02112349967311,1.13859225418538,1.28557744691076,1.8216287717904,1.44757203108333,-1.102039869346,2.07218528899331,1.51961354926488,1.32924700433512,0.34416399656073,1.59843131807191,0.594505838746184,0.834860819197448,0.882335708213849,-0.236247081175498,0.80140413403183,0.294392813450793,1.39306660875709,1.46206971577766,0.696088775449435,-0.556032651233425,1.52366835220752,0.186661434149472,-0.919491588241121,-1.16161079251432,-0.629003675895331,-1.18612534244414,-0.378998313880327,-1.22308291613211,0.335969985698293,-0.362185654565824,-0.345354394270248,1.86404208607581,0.475166311893314,-0.368868828169832,-0.143292799272814,0.396722946756273,0.33330834214735,0.540909495458971,-1.17435373606043,0.458525292527853,1.11284258441263,1.46975067337186,-0.281294011939333,0.0640767300374575,-0.953857299167518,-0.0860323923993688,-0.411676203322993,1.25920379494627,-0.360549789345713,-0.451464172441009,-0.191484034765267,-0.783400033890402,0.989894061568625,1.34100241343361,1.69521303824511,0.508234589658615,0.701520725473474,0.296820127806733,0.364847147993328,-0.0558459152813185,-0.371593163692619,1.1954874442182,-0.174688687254685,1.30359882877988,0.137664802524968,-0.014536819449498,0.302435275718996,1.0793239843659,0.00604019948111277,-1.08066099906777,-0.00105657182229616,0.238740377669412,-0.72130743625505,-0.675768103712051,-0.107117589484442,-0.57470435637343,0.220750911332172,0.232580249993691,-0.499345405700668,-0.169866762783771,-0.941796760660816,-0.667754793159914,-0.794156327520719,-0.602163789162552,-0.856920272579959,-1.14454327104591,-1.05092756000961,-0.103329882678117,0.860211886935262,-0.794525404513209,-0.635405889536928,0.46882765436135,0.62132346598647,0.00163483177474404,-0.047692718152177,-0.738642690878106,-0.690523583073971,-0.241298081307309,0.311360321276347,0.345900944923208,0.262240652971319,0.86505396517992,0.195067224857206,0.639143157679231,0.124978133394375,1.85799479785075,-0.76098241099708,-0.81798562529608,-1.33020233476709,-1.30505100113158,-0.0349064896874076,-2.10826784207873,-0.534353742805168,-0.695740983930777,-0.680930357716731,-0.816834725954113,0.452392143734722,0.27314052181376,-0.00185321950530882,-1.30336639982962,-1.21018711101798,-1.6288290057701,1.69320215172791,1.79395384573731,0.349102058869095,0.547151849823794,1.01958449183967,-0.0703359097297366,0.81191780713952,0.880419221527023,0.369888633622873,-0.811414164205641,0.283220121317422,1.57841198895064,-0.160319490884853,0.57188010071509,-0.0124039983618322,0.314270140041843,1.76725473253584,-0.742866745736491,0.59406822199843,0.979159624271981,-0.68472671386257,0.535899378893734,1.32370290421721,1.56126063939769,-2.61718338055468,-0.744059786266431,-0.594515056739898,-0.229294429292003,-0.217666457018861,0.0904229165826103,-0.449259282817344,0.395105413610762,0.816042528271034,-0.238380406301172,-1.24837545677734,0.757559302741043,1.2507581616386,1.29162003125259,0.770315172183562,1.57140613833257,1.63535818345489,-0.848827116725187,0.371663623737337,0.43562819377229,1.00116903411309,0.325411791214482,-0.102739333425448,-0.0522444258028404,0.988062764210059,0.465044143534535,0.335614765138463,-0.627379500561107,-0.0892359628935445,-0.0446419200415197,-0.976613530471364,-1.13590560950004,0.251058368298382,-0.163751533954567,0.205587036658407,-0.664207635092545,-0.890471011573405,-0.0670318638810029,0.271666142461672,-0.737585434437525,-0.944537355645785,0.388026951842069,-0.0707020818746828,0.462113510112293,1.31288343846908,-0.46032176728033,0.901354371327625,0.344734898304384,-0.987478913384218,-0.908270534675452,0.336808976237187,-1.10702354289653,-0.11837785339956,-0.916461709964692,-0.705061109014144,-0.0850438573195067,0.23689451944649,-0.347975845186107,-0.136183090821131,0.120285661139016,-1.38869833921172,-0.566333318391358,-0.122971703505684,-0.337194470108995,0.0213083527795947,0.676060405728036,0.419587857885767,0.095600217526453,-1.08441126150245,-0.4563273208893,-1.12248025143234,-0.501737331813181,0.491422504824943,-2.32299055550673,-1.25407301123403,-1.05842662626875,1.3531193349114,1.20034284068975,0.662099954437691,1.1220412690395,0.995927343883031,1.32117678823385,1.06722505080488,-0.833508263759333,1.26789833998306,0.226905002508748
-0.402271497139827,0.810496446603826,-0.85929686348693,-0.811025504529549,-0.00836047078793637,0.286599544833867,1.1907006874796,0.0624619363332652,-0.00447429584238941,-0.55502328679698,-0.373144963184514,-0.468204514209408,-1.60787716674938,-0.914494619626695,0.757314603392555,2.2681400988308,-0.542705696671666,-0.310694088766351,-0.766519884639984,-0.193037366480948,-0.679379049690907,-0.887057690889405,-0.424591690375439,-1.25155047861706,-1.4667243473631,0.619393943391279,1.15851868944465,-1.31643299223225,-0.458779334463902,-0.798450361972385,-0.376323758748621,-0.512325050364107,0.285917239066323,-1.61212165348849,-0.514399402479713,-0.101347327776058,0.722911878224983,-0.711244272219028,-0.575032982849452,-0.517400884703023,0.656973088232466,1.14210703630674,-1.09732265783311,0.819317777370711,-1.03466557291221,1.27052531414168,0.93660397972967,0.117895583202782,-1.06597411602687,-0.713502770990217,1.01389562783148,-0.0511026336463664,-0.670289692131738,1.03650848600081,-1.92521695154759,-0.702642075672243,-0.314451179928459,-1.51089732212415,1.12586529400585,-0.97428323567319,-0.374904697906025,0.678982154444871,0.993892498923285,0.45452411722469,-0.0947746429767225,-1.14926771846758,-1.30429221984467,-0.2076448133628,-1.56532947212591,-1.86195638120138,-1.68864312264675,0.153611019892956,1.01681401700076,1.24527381698923,-0.0744837173958284,-0.223350502374606,-1.52292857881415,-0.000886192523017801,1.32704824248725,0.862640523206034,-0.434647802252282,-0.0115426018979053,0.327697213869924,-0.41927261982728,1.06508757588067,1.1869012469878,1.22245299525779,0.985007750468279,0.573415125246008,0.729202682028054,-0.37911417848764,1.26594256643288,0.609743721697227,0.665399804871487,0.0829410592999063,0.658450870690397,1.88170127731409,1.7819485600374,1.61021413331882,1.60733957605624,1.13493308038517,0.967983290394554,1.64400159012294,1.3133952053183,-0.243390246145369,0.140230166674904,-0.41439972727828,-0.341967714829031,-0.607186409647194,-0.923323456187769,-0.874594151031253,1.25381753426777,-0.509304393517399,-0.427112951510114,-0.467197666674877,-0.1602047922946,-0.32416554328129,-1.24875179252853,0.160387697326202,-0.0792658427343561,0.744646639145219,0.136219044053847,-0.293972455772554,0.320832862164749,0.487723065623117,0.231352270328122,1.21798643054443,-0.366697964572675,-0.224207713516742,0.464648954094995,-0.933653274689772,0.62365368115799,1.5394955242741,0.388677215069441,-0.0284875903731909,-1.38465478200969,0.308250916211262,-0.834932132078175,-0.251608035627536,0.371506413679252,0.295363998528566,-0.2265693927032,-0.814403583754206,-1.78250231772484,-0.754071988501785,-0.454204880463845,-0.67162333545784,-1.65381043568859,0.148599873022876,-0.59081896637202,-0.808077813224348,-1.12504445277448,0.13729094634524,-0.683767717523447,-0.0817330023227911,-0.15679834307996,-0.527812276103442,-0.933613819784299,0.425438680586441,-1.1258548985192,-0.607466343888207,-0.542810979793205,0.765850460227249,-1.90791471250891,0.190018638148436,0.0881466112122617,0.227965828753383,-0.37819788238629,-0.402322057168805,-0.752247523642288,0.32917922961897,-1.27102470514953,0.72226239527698,0.424251374834362,0.758289359991063,0.588468091607495,0.317698555453814,-0.550576874298523,-1.80895856312049,-0.783855890624796,-0.208457713774195,-0.207242805722976,0.558182826912785,1.21006155845901,0.657649470536356,0.859389750527198,0.308190234312933,-0.836107462170267,-0.513680918612655,0.156450702515396,0.352901837285172,-0.0522506243375493,0.722483092388982,0.501842520853226,0.802752109775867,0.745135485069827,0.173308818748578,0.46115643890746,-0.106726533224869,0.103632730258538,-0.226639463782741,1.56062089786015,-0.637305237031387,0.260584339331293,0.673197575579893,0.799296394224567,-1.57207914737625,-0.749018835891226,-1.19348144412045,-0.335632923705605,0.673565583760592,-1.57700671803239,1.42067982020653,-0.384125627102384,-0.0288621329251164,1.44367696982343,-0.341284772851951,-0.254178738611444,-0.400357713515503,0.417462391280991,0.136774657688942,0.758397711083763,0.39058350796194,-1.54737705483455,0.0357096482401189,0.739892500977525,-0.403391917017213,0.269267017872665,-0.0636093197749564,-0.399826832851481,0.866472954194823,0.212887140621263,0.261641539386053,-0.975447812543878,0.00182392026136619,-0.0815923679424886,-0.738660418661515,-0.0246196804561018,-0.409288375899018,-0.397718584052259,0.130972484527669,-0.474102875659439,-0.00370009968239152,0.714294751797555,-0.104124541368155,0.676866328981324,-1.20958429743894,-0.959069049365694,-1.03959032570605,-0.708035289720764,-1.10241985006856,-1.47770333467081,-0.699012567294689,-0.823211840411027,0.0272979617068577,-0.386494907304667,-0.833160803300016,-1.13406327246581,0.117773585098399,0.164241394896781,-0.299254564144242,-1.16030051768816,-0.986192407796481,0.139954135687774
-0.407007931152818,-0.157724218991524,-0.3233548828088,0.743673762747004,0.829698817509248,-0.0265361536861684,1.1444390625867,0.170440387891441,1.77875347723916,0.421613685361861,0.842084497065886,0.0219412890492956,-1.68128472353645,0.0233362782759675,-1.14992062749325,0.386237889878345,-0.990874919431868,-0.00857386817478859,-0.13450514181273,-1.35497277761666,-0.679901586297737,-0.183499352970713,-0.391040421859955,-1.22234651715608,-0.932989990020662,-2.39582586291782,-0.216978556762722,-1.65509285955683,-0.827614272947207,-1.09786094676902,-0.103615256961962,-0.0825716374003247,-1.88658463727721,-1.37604753540251,-0.0982142837936732,-1.16553769037037,-0.21227883244567,-0.640976981424453,-1.49162203204159,-1.40577893225099,-2.10847747577015,-1.6389383728192,-0.73800020821125,-1.77082361351857,-1.1124216066754,-0.587824132337405,-0.839274231406906,-2.91554019074202,-1.28349972426541,-0.676098171182914,-0.583115705846782,1.11354942098939,-0.664425330021733,-0.836162166870933,-0.862989031598558,0.641727576816263,0.979617928917698,-0.215004668559155,-0.652006840253261,-0.178732317233914,-0.974033001223679,-1.24132519135828,-0.0733655527000503,1.18398891514433,-0.985850329437391,-0.335498173416978,-0.555212746573134,-0.859375258907623,-0.779894545475573,-1.14359728011026,-1.20987314251956,-2.34493244613454,0.57593758950575,0.941756561009567,1.05710340030602,1.37784867158709,-0.621778278823653,0.72064557653944,0.563703593369645,-0.120809392127971,0.846297618888404,0.959835226213774,0.9633065780631,1.26480817466818,1.27613369945348,0.946819254299034,0.19431348864504,1.04034287396465,-0.477072126359275,0.972968449762552,0.916469252722419,-0.358137503272147,0.168604412501742,-1.2883908469514,-0.345865453065102,-0.526011271322941,-0.111427907092143,-0.00689097687729417,-0.0594415216944854,-0.66991199722803,0.0175503096206559,-0.316023714170101,0.473218095265549,0.129545221689816,1.23395394860816,1.64240110783402,1.5606553118952,1.92951645930765,1.47353775229067,1.71757613772198,0.187735575394032,0.325323941210806,0.747823267213152,0.191222281365316,-0.631516454323672,1.147086123063,2.09970611374476,0.831914606276061,0.690677709293082,-0.0689318682356185,-1.44799174050958,0.0516493998381598,1.13109668255323,1.3340225736873,1.25928585917813,0.746032310661058,0.845418789267461,0.72001821382435,1.05601735982599,-0.602376687941633,0.0595448953563893,1.20425371698606,-0.422285447915773,-0.59452495485718,-1.52008652661819,-1.34456473770937,1.15098053513531,-0.563896858082305,0.787787079347357,-0.246485456857092,0.545336609252266,0.065018785038847,-1.02491870830516,-1.74752752561024,-1.09042316672634,-1.20900420756169,-1.05048063308509,-1.54340211339397,-1.10442739969942,-0.275312535090865,-0.903048128042876,-2.17772750980884,-0.231416733335573,-0.544332578822852,-0.933544084547825,-0.672034589611068,-0.0350314959426612,-1.86560964344826,0.159119064190103,-1.73905240187159,-0.866219540183709,-0.993903161776234,0.213119597230867,-2.0124670679503,-0.529154864896103,-0.42028488977902,-0.476581444029571,-0.939185066603312,-2.03311129143148,-0.762195071086284,-0.986933993805361,-0.433705538880383,-0.691382647183582,-0.256971023847319,0.229321737931384,1.30970346629196,-1.0369921090237,-0.964306019904382,0.324391022788968,-0.537680889364722,-0.23113452046359,0.3077619234742,0.341521779817502,1.12219133731335,0.667698993524011,-0.854371890400175,0.120366797442717,-0.731758682350395,0.80832001105352,-1.72461574229495,-1.27789726216344,-1.31136945891689,-1.443729495424,-1.12602000882664,-1.08284825526995,0.872300138939904,-0.235343687482064,0.752904667389773,-1.37041887208289,0.140322869005351,-0.172609210642844,0.187809333127829,-1.90868473904161,-1.76966231631825,-1.71655926723392,0.267921950928427,-1.161464189949,-0.28538615206659,-0.718599317187652,-0.249439741778835,0.0829887923918666,-2.62200275220452,-0.353300936037845,-0.347579726198563,-1.04466369049792,-0.487685452436577,-1.89969748338941,0.542361958569911,-0.0770241334800687,-0.10535663961827,0.959761913165742,0.617536049887777,-0.507995467731618,0.00585108013879466,-1.49555804296592,1.15342524490679,0.0981737653922576,0.899507717891775,0.334022601133335,0.715604855420842,0.440165563211236,-0.19538629556307,1.34780563754556,-0.977457292207274,-1.17965243142465,-1.53435032221081,-1.54341284141021,-0.332827506410582,1.02279755656399,0.499827539909922,0.679859281894835,0.0762677339157336,-0.714602246029118,-1.16150362940016,-1.54114003291554,-0.74756318267833,0.1065817994009,0.349084256161499,-0.0735407630507105,0.244820890520897,-0.693009871606783,-1.61808314949803,-0.128674404865878,0.800601334272642,-1.37878703464962,-1.60238840806999,-1.61375390700505,-0.17514970560458,-1.71398309736628,-0.116995749390658,-1.16655477126473,-0.353835232493897,-0.468668454429671,-1.78632094347326
-0.436371702065686,-0.940793288008784,0.709300623061063,0.85033563036567,0.933882528359116,0.977438297180894,1.67446042094197,0.986998725432833,0.431655961252261,0.500393151815248,0.552275526554372,0.546677583646244,-0.570439390107498,0.450510554999993,-0.848879390016441,-0.324188895113402,-0.415518295544217,0.736554577819082,-0.163620412388874,0.992646687548953,-0.367538528179627,-0.00192448089565077,0.0406557209594409,-0.0656967560000839,-0.330407359990918,-0.556659759678066,-0.485903510306036,-0.883622135061502,-0.443109002077701,0.276122670449193,0.447378446367466,-0.539087128898835,0.932796801706921,0.00645870318181757,0.238062615721494,-0.295340968695931,-0.619742339953978,0.293669645867666,-1.09271043252012,-0.827979439934372,-0.789101419235314,0.442076304510151,-0.310103019509095,-0.192918604472197,0.0389890954257945,-0.116443805185977,-0.820263583289455,-0.912760432454937,-0.240375743076988,-0.150654860744746,-0.288186958897446,0.163260381453221,-0.102240064689867,-1.12207354644693,-0.467098648041338,0.64826630379409,-0.336299390076602,-0.303302902729934,-1.08032986826811,-0.130168768671302,-0.430344689167897,-1.29987991524014,-1.59556341597182,0.341132183067681,-0.916750480617356,-1.12230384915413,0.540771379307659,1.17054975650886,0.886713965955763,-0.25167533193025,-0.880739102791347,-0.308975079984989,0.408652363847522,0.468491954028861,-0.0554920137502492,1.25663235619825,-0.263828903501135,0.491235189289812,0.185377590845479,-0.716314748441689,0.00628138645388118,1.57782792881338,-0.473096980117907,0.125205586023272,1.57682553736963,0.0919574846759408,0.555206250696178,0.593802325178968,-0.279044959922758,0.274348020758385,1.6438202422115,0.0136764469023044,-0.996821060177417,-0.576724894442933,-1.00538177240856,-0.537070710419796,-1.44018051717005,-0.991537632360586,-0.789771186106732,-0.367124348390081,-1.76464640620591,-2.18924407355022,-1.08592892542101,-0.964485119969579,-0.950691873958971,-1.11283046604332,-0.879075946392495,0.126079065536788,-0.0171091463259685,0.172380242545984,-0.973262301096111,-1.44831742586347,-1.68106807895263,-1.07835777941024,-1.35444657800766,0.639673022966129,0.277521049355498,0.252880494777628,0.332088862541047,1.44689431641439,-1.07104469680471,-2.26648805529646,1.41969066336805,-0.187404685963411,0.962566967628163,0.540789921007775,1.15801180997574,1.51806861266373,0.394016094354708,-0.944661327061782,-0.0202722640536496,1.30544639285728,0.255747816580813,-0.224042043124312,-0.257925232807192,-0.526095021979223,-0.523776887882289,-0.0338254104810418,0.18904508973055,-0.194846122334013,-0.505796974379965,-0.580802996700118,-0.322705734639494,-3.09508638744041,-0.805532510754575,-0.42002370213956,-1.16851252445668,-0.931102239852297,0.447163008786409,-0.458596605188816,0.38947125024382,-0.781974808608723,-0.514621242471429,-0.857816015587766,0.415215322327861,0.134635024065655,-1.47274650935079,0.0279033424009222,-0.188215608223351,-0.442126199418209,-0.288536578839675,-0.125413410132721,-0.41276557849059,-0.474305343816832,1.14564695995373,-0.154691769125957,-0.698341006673487,0.778029271315552,-1.4024414425847,-0.430004170174772,0.285652238970283,0.565769193318577,-0.125356665860209,1.52458457952452,-0.479372897499871,1.1849036152564,-0.574336007396737,0.288078752835548,-0.33675100341259,0.566228328525154,1.04362750527652,1.62091092833042,-0.419654169478571,1.67206326058329,1.31770010574956,-0.337298932086669,1.82448327856443,-0.262724475696733,-0.567998064960816,-0.510768557963872,0.496166192499993,-0.684236826590326,-0.616062159560544,-0.434795496805754,0.0478159473140585,-1.35869246597112,-1.42514348152318,-0.840167685344807,-0.260974827213086,-0.335535903831836,0.417693467800083,-0.911969722980048,-0.59794793706945,-0.665383697626452,-0.537187352954173,-0.109234988939675,-0.770305962113064,0.262536036752081,0.339568346383104,0.069802465364339,0.904504344089904,-1.76662226980705,-0.805334336523198,-1.50805959934037,-2.03221640200935,-1.329152736202,-2.07039141764946,-1.02871745824332,-1.03340230581163,-0.305170861871638,-0.277487190626199,-0.0270521863001821,0.114018498114961,-0.955363726526393,-0.51336408807024,-0.0498589293104736,0.569986040419082,-0.431005151091118,-0.618702726009691,-0.396425192054377,-0.354270019817715,-0.724715127788023,-0.758008020350992,-0.227148917101886,-1.37791800144857,-0.677937982514716,-0.666175065673917,-0.493355799061188,-0.391090131354235,-0.849175853992633,-0.523583208599341,-0.140957371400907,-1.74231169228206,0.915663763846045,1.47291291514533,-0.719618267679298,1.42576183234271,1.42857810978995,0.947971131473268,0.792824162354104,-0.0507907520744532,-0.804492778715494,0.611321258075484,1.63900210210839,-0.341104043667065,0.0766329879152981,-1.77112488278614,0.318379254588412,0.196810823580159,-0.0461575683647822,0.938426970184153,-0.288838270810494,0.216426835157068,-0.779329074459413
-0.881599974646927,-0.394595503594553,-0.701483913358726,-1.3100439582306,-0.215262698307389,1.46255879790672,0.760821788478911,-1.12460734307006,-1.13298872203397,-0.832116896193587,-0.794202481960806,1.43249695492983,0.838831659422851,-0.130730669108212,0.00590398141411362,1.49149692407293,2.0415688784006,-0.319898480028935,1.18690261158237,-0.971014740236185,-0.0147143657946338,-0.203879464885887,0.0339998846468352,0.766465038144504,0.620058269925198,-0.271359307441913,0.00151096943752934,1.23976881149588,0.646221622588816,0.181199968842117,1.29032407056058,0.647512895629094,-0.516808969211982,0.189411109681718,0.665983623329375,0.667092123594552,0.515488488836102,-0.750995958271385,1.77446816126343,1.79082146039837,0.269288098329142,-0.630725505259711,0.0964185496019825,0.177027976780636,0.202255945738164,0.933101039173617,1.42812716738098,-0.14325184325136,1.61409194562376,0.986643960194545,0.859225173918954,1.73622885452489,1.77670825837974,1.29209176606795,1.92163686977728,2.05667436666252,2.25168319589098,4.189387355415,-0.173725769073794,1.52340099149357,-0.72057116107221,-0.135058286819735,-1.49693413927304,-0.688924195087242,-0.778483378337591,0.50306688093739,-0.0783762440658747,-0.308068982445656,0.31466187656035,0.889329164391459,0.854477208321369,0.495641349424599,-1.24529892576289,-0.841480355310661,-0.202318052691042,1.55133044282512,-0.0570286395493766,-1.04167970756176,-0.762761568406121,-0.861960498835472,-0.291815326628583,-0.253077734427697,0.0630324479531358,-1.01917866907987,-0.969488773622261,-1.335489273813,-0.126046344345445,-0.710737518480045,-0.868180177756129,-0.656331802920401,0.128749028010057,-1.28058330685213,-0.827571020553692,-0.993940712658741,-0.94049326352274,-1.03731226379271,0.514598326734606,0.513688104384647,0.545767264528418,0.153073415891862,-0.370335363395217,-0.51995043369464,-0.145035059985796,0.21454289981475,1.46697706751127,1.39458687868976,1.54432920595205,0.303906733342052,2.05479491998848,0.4609616176482,0.430305533951213,0.262161260931325,0.374379198109251,1.95499069604544,0.715254761368563,-0.917876622585529,0.150813352242207,1.7045039747527,0.329374215700734,1.17538436117542,0.445508012941206,-0.62651263386133,-0.866045771297245,-0.940866346439803,0.423073487803307,-1.40240518637641,-1.06511521998661,-0.452543249764877,-0.858751458113345,-1.04092075752594,1.31891410085254,2.20790499788547,-0.0196587187868913,-0.163350966889906,0.0651641700919678,-0.16815418032682,3.59872562639078,2.03496389167523,-0.264502380005529,-1.22876861033377,-0.77324120638634,-1.39044578539402,0.211769808066106,-1.40993946750181,-0.738415398593918,-0.974109356049317,-0.661423735585268,-0.487221270710128,-0.917428021017542,-0.184207618151241,-0.21791641565486,-0.294527492358571,0.432726637173239,-0.68760158237249,-0.40429506878528,-0.271157265297794,-1.29355543297394,-0.171585028415656,-0.103859478775007,-0.189430607819052,-0.835476377865998,-0.628061827080356,-0.768605610876104,0.483951817537243,-0.892793976620909,-0.0484816527927624,-0.816726353223644,0.265850520101583,-1.13007711734386,0.262751995714973,-0.517669265949905,-0.089622355474418,-0.662144863056965,0.848948482592798,0.893270854228567,2.12634325455707,-1.08445706602803,0.702723143958967,0.571492283806988,0.224236733426516,-0.944149045677662,-0.750416543283999,-1.28038498827446,-0.080197598486085,-1.10415146164982,0.378625369061998,1.05919116067966,2.44119037286597,1.08141106832818,-0.705202572018323,0.34723816214571,-0.541318007252137,0.620725305705908,-1.15906708753102,-0.828456261601559,1.39464580788934,1.72602708060515,1.7523084380026,-0.337048753486204,2.85376926766503,1.45514618084364,1.34501823611444,-0.224286263676197,-0.851744254997338,0.51500204749124,0.294651030117462,0.963632518390582,3.70374091106026,2.92710441930165,2.55166764424142,0.527349852527965,0.640196419243924,1.09400016977685,1.96550908416298,-0.285627806741471,-0.0371308144241376,-0.348364636987078,1.50325293081806,0.0262802468046579,2.62171293220442,-0.270366128524922,-0.706162655671589,0.662549466407987,0.477868439648255,0.0487953621031607,-0.00896181568658641,2.51946432354656,-1.30734407937354,-0.953494786789882,1.4374915599421,0.137162890066035,1.55347171911708,-0.809119866456624,0.54366373732474,-0.395356455473792,-0.0892765095956675,-0.0402937368525883,-0.712040376720411,-0.451765867921707,-1.53518679197989,1.71602398782473,4.38478305662313,-0.735836307176349,-0.384749126883749,-1.08750750840685,-0.560328595604781,-1.06749151517834,-1.14876674549462,0.95170920765893,-0.400907611168413,0.194625107692325,-0.224606947730292,-0.0934068261524465,-0.0529582878392381,-0.297633646501566,-0.657610434216599,-2.00529553348305,0.0929760348867808,-0.165621750723161,0.0569510216430321,0.859397162300482,0.568195009087271,-0.00569651521775336,1.62390177177224
-0.914145521967717,-0.697205617566784,-1.21988850211112,-2.08142239324842,-1.229568020096,0.573441521605223,-0.531409403322334,-1.6697734850128,-1.32852111346311,-1.67620391881339,-1.25174770956289,-1.27589289740783,2.01931197634486,0.213042394572162,2.1092993055804,1.49296378089004,3.44288255267814,0.211318326698145,0.630066626010869,1.57013347051221,1.33485518274734,0.120519442563927,1.18019083466135,1.93817688873095,1.30322629515003,1.46556275006979,0.0858976277869177,1.72355267893172,1.34179222434313,2.55964612229247,1.43711741355079,0.575356577135083,1.44727972910893,2.34005038097985,1.99753492741964,1.21272369560689,0.139899455994472,1.84112972141018,3.43027542140493,3.8636971857438,1.26963779912049,1.13105601961634,-0.541525240521998,1.03916829445793,1.23285741835777,0.266136056637483,2.54402606516294,1.42472531461591,2.01659472845726,3.17358630486775,2.16181235644527,-1.66449056250482,2.0585077756619,2.55658918937172,0.750719211715397,-1.6156997307211,-0.257986326174102,0.500473374814183,2.22906219891004,-0.683860496901072,0.267327185866682,0.0755863278253715,-0.634195400646366,-0.320953245067952,0.625134623845158,-1.11090698220981,-0.864688586181121,1.55540104544766,0.80495831039748,0.735246179133038,0.292799570044802,0.0953468141092668,0.044818798583956,-0.466348777469832,-0.542640380849884,-1.68119974693692,0.0938211384915711,-0.364786061061864,-0.476584819021178,-0.351833646202742,-1.11993068191967,-0.86316757520583,-1.41151837773338,-2.08251053090143,0.153944579336316,-0.266599805050813,-0.23452628296199,-1.31879468156531,-0.907367593665174,-1.31821789031916,-1.00070179232091,-1.08518469270559,-0.471422922433324,0.682912684601441,-0.434286573785951,-0.485035497783597,1.49511795539173,1.319067296557,1.54881072226007,1.5073132958054,2.25568742426568,1.55837335414868,1.16129783679642,1.43096262963729,-2.16624753321278,-1.32418092131492,-2.20807477497354,-2.20358190359786,-1.73548935357122,-0.986578177346171,-1.59585064442335,1.22330611985497,-1.38639940554569,-1.05719123238295,-0.772745222441243,-1.77326500381973,-2.30449790758631,-2.77260809883956,-0.341060112973615,-0.635500653793963,2.14064710904565,0.650367106920438,-1.50991252413984,-1.52790322801753,-2.07072516216641,-1.58371731919758,0.878490154220957,-0.935762377607378,-1.49058939045721,-0.342145157455611,-0.708506490770486,-1.22452842238376,-0.385289939493716,0.0550649476398538,0.947061051383832,0.584972729073468,-0.935112900903278,2.75558660413949,-0.628274920445623,-0.812376243039564,-1.59488065657508,-1.18343200980324,-1.08802303653123,-1.57184917243563,0.00523931603591131,-0.0787051774020247,0.755466759036492,-0.780528022952788,0.749364086048512,-0.852768012920295,0.0148431001206014,0.706321113107136,0.353911714759298,-0.215252397447468,-0.0378347311598546,0.538424639947323,-0.00822149622702649,0.864781778781124,0.337860718947039,-0.809731324063844,0.160150277038832,0.288568365909748,-0.319136276913016,1.84359552511392,1.24789508641703,0.502479365100915,-0.0922293969058704,1.20429231208699,0.133579852047956,0.141688949641848,1.14835627345914,0.706054461243588,0.208759344259956,1.77628555061139,0.867739103638815,0.695766302044573,0.843623711677417,2.13915683613747,-0.59912427372571,-1.61514088055411,-1.15721996945044,-1.22969741302005,0.0509976682892388,0.179000720394929,0.168044420322332,1.41592001614925,1.07939515107178,0.473500391592232,-0.311463189949535,1.16964064104799,1.57332027448863,0.858662936998439,1.68835133821172,0.20868233976324,0.47670921168046,0.537598413469316,0.0616714707084732,0.522540368414238,0.614680343031565,-0.421980158162407,0.916283450425629,1.61983488329353,1.23179373583285,0.977709002483976,1.71256616706182,1.43094855706968,0.490530172584447,0.441230784466978,-0.282907252369415,-1.15528415842002,-0.239210699589741,2.20040486190674,1.97207993070961,0.0851990186536265,1.60528938076136,2.03436762448826,2.72735411859856,-0.631800840367579,0.888034769868205,0.329984224530076,0.450637819199687,0.379572806156744,0.111115344173967,0.332660757151689,0.205352124930841,0.320378072890901,-0.247232516219732,-1.38202302651738,-0.463588398373763,-0.608862560954862,-0.723319434786504,-0.329089268790346,-1.18102816836249,-0.031675634891265,-0.0322710351658876,1.35122858805762,1.19804176387832,-1.45762944507623,-2.15400320275775,-2.07530333768618,-0.276057206710744,-0.0812317592993164,0.420103601497857,1.12652104513115,-0.926066004417442,-0.317686312845376,-1.35655177330053,-1.33319539135876,-0.953663413707771,-1.57693776968427,0.781788287221346,1.45720807565221,0.357911086145439,-1.60541853908467,1.57586165334947,0.735526550495628,-0.666458137707699,0.440118567007659,1.60654552684636,0.67591933651007,1.47848298319815,0.440473642568667,0.922328600304068,1.47274523939386
-1.00851841253396,-2.35426313577232,-0.879808921668221,-1.23869074187629,-0.24673637486005,-0.17187466707741,0.0794187683855908,-1.5328450589088,-2.04983143389062,-1.26347639160659,-1.7668108224093,-1.40754286223033,2.14637063216492,0.968013280447931,3.02187053738974,2.34336948209351,2.1958005549489,0.494557225124412,1.03772601042214,3.34707423993979,1.62152162420045,1.22741487215793,1.05162644082942,3.1769069744633,2.93899077117426,3.49204302968089,-0.745108819749473,3.20292934935945,3.83199865910029,2.37807416469279,0.219284951134219,1.32561405039135,2.96129766537468,2.9999978354181,0.722396802800583,3.2081224745921,-0.375097234378624,1.08962084505174,2.6638282918148,3.13209715878711,2.43588809269823,3.20432978320892,0.889817559774503,3.11398433492725,2.69299476274145,2.88270080351213,3.16987962494917,3.62190874115653,2.32492154572864,2.14319305080737,3.07555089239361,-0.952792186916794,2.16047755158949,1.96591350438173,1.15901805280533,-0.682035674153384,-1.31443260091547,-0.0120595024258059,-1.06084839010881,-1.27139202864705,-1.93174398997781,1.51228192705802,-1.68944886045987,0.149828436560218,0.00977193874677586,-1.62582096821404,0.176697183841218,1.72469006897211,1.62286553035633,-0.220910885011971,0.416607236722257,5.06946421222867,-1.25992314540449,-0.172552020788244,-2.81718849971603,-2.08222265473475,-1.05807600940047,-1.64553035360313,-1.02666783775685,0.758522571520744,-0.448719147511533,-0.861842722690058,-1.01598410886952,-1.18858089046548,0.616669870125021,0.0701650822635438,0.270856065962866,0.303385418346734,1.37377957246141,-0.547269469099578,0.301995992459951,0.650130175972601,1.28868184931656,2.62223049966195,-0.55178137327136,2.545099639548,0.402280754373867,1.15383036379801,0.996714203298601,1.61323480578367,-0.680857109577657,-1.37976694624925,-0.701238529118495,-1.34267608305859,-1.99133208269304,-2.271913999681,-2.59334754389837,-2.2719112172627,-2.77899316929422,-1.76713164941731,-1.01485308283848,-1.53336550197601,-1.74127826747732,-1.62259413842271,-0.969259813150497,-2.4768145155798,-2.12918273073473,-1.67476939645411,-2.60515516969137,-1.56710209160584,2.03358868209017,-1.49706882586276,-1.50891817089228,-2.29547160329856,-1.25217956725839,-2.41644407187235,0.0266744071087918,-0.863234798232162,-0.37065304636221,1.18346296255424,-1.69404736038693,-0.837270124493811,-0.109499130814579,0.913709259971366,1.48566197487786,2.69499576452081,-1.34151367385051,1.91980477739877,-1.82788378494252,-1.57382699433338,-2.03777258050134,-1.58181318044625,-1.13637369805896,0.164196768756267,-0.452532062636912,-1.05959233474245,0.551883685444788,-1.28736535556565,0.534113788490712,-1.6645772437276,0.160312211752734,-1.00975617035149,-2.73781198164777,-1.34453892851562,1.70900837150176,1.32908264265141,0.421529233967436,0.500338150443326,0.439113428544906,-0.940745927514947,0.117707002857765,1.19428682063942,0.84869842360621,0.878620353817445,0.187614462461819,0.238072420348739,0.819809342730708,0.605142603640823,1.41718303204177,-1.26365360664703,0.748394433505411,-0.610241597045841,0.458557899892732,1.74076882102964,-2.15151191678995,-1.14302256656018,1.73209898753602,2.81819613256453,-2.09963557487625,-1.10047448752165,-0.905582126657924,-0.802836995197862,0.0677506511979979,-0.883686287732507,-0.0260562702002292,0.720501788081277,1.06815966490617,-0.836818510742844,-0.414200641543474,3.08734907050673,2.22530191266182,1.61397541603846,2.14911828595759,1.68710985562697,1.49164221185583,-0.543952027254109,-0.540897776861852,-0.5447942276608,1.52897790628044,-0.217095345954336,-1.53261003439619,-0.131989168410576,3.44929922978383,3.39290437217696,2.48524110721082,-1.39337295775688,0.36630192315953,-1.28809339768575,-0.427203763749003,-0.713664930092055,0.210268964143694,-0.0453768885818318,1.07664732237104,-1.36261114241499,-1.99140001391709,-0.897853736408028,0.585031010595662,-0.616167488214081,-0.81183678333415,-1.08083293149721,0.959016529549363,-1.40751780383475,0.262198412034775,-1.49260191506649,-1.84284876866396,-0.00600353609850385,-1.10175825343651,-2.17617976474143,-1.83743160893976,-1.70199685876003,-1.40245176940233,-1.62331139036407,-3.11690517061691,-2.53441592714269,1.80983296086983,-0.855687814837692,-0.995640420338846,-0.754216491376658,-2.19767802608224,-0.0169496662426296,-1.20824444800315,-0.643227596994144,0.189616931158185,0.263436440985042,-0.80293129848624,-0.418066212962096,-0.561934946362425,0.393375252135803,0.132984386330831,0.266268966752426,1.7248585180354,-0.52051770434954,-0.755076242423583,0.409964057372658,3.71369628660416,2.73136413900695,0.458733615690887,1.7790709431013,2.65857121575201,-0.20168590789927,2.46354994437694,-0.772610366087867,1.58741568839196,2.57073446766174
-1.38579910750039,-1.69335139378694,0.667348682935633,1.16566621839551,-0.0285194343574078,-0.300643570181617,0.742714150137531,0.477264788403623,0.60297789992024,1.69874309003849,0.437935382829818,-0.55038797045918,-0.969369635542408,2.38918910283115,-1.235302655954,-0.541544780245303,-1.53759878693692,-0.465804045749647,-1.15496017430003,0.302340083703679,-1.00910335777831,-0.763690888798164,-0.741361043419688,0.205286468350161,-1.24167268674445,-0.964398516845447,0.301652919997419,-1.11511669075441,-1.15615370139241,-1.29109262956318,-1.22819707144249,-0.873162685745524,-0.697287624331859,-0.499656532225527,-0.60512535004484,-1.69794675663014,0.933584369934564,-0.562714220500773,-2.15656093121092,-1.85538558215672,-1.09800140898102,1.25044425774193,2.13202289369317,0.458699641028936,1.21641642377456,1.22604876804418,0.120940288346154,0.0517090756310809,-1.41942925896144,-0.466934039922246,-0.147724764311484,0.3407880598541,-0.789718086625355,0.128274358573986,0.0779187288786967,-0.016062855278533,-0.331446389351627,-0.42055587258052,-0.892819548863646,0.0926454616671006,-1.58484192000466,-0.80228489375469,-1.03972204042165,0.504982340683535,-0.231390879672822,-0.747379748904409,1.05273849495333,1.11782370084885,0.775668917200867,0.412065749302553,1.08645956027998,1.03629106785496,-2.13116922025247,-0.528691592094977,-1.87815052121066,-1.09437831353067,-2.0007621094656,-1.0882237283576,-0.83441150074773,-1.069551707747,-0.146828187962207,1.17876152777486,0.674619549274275,0.40113840346163,0.285481815599949,-0.375023086877965,-0.645349057979801,-1.04523275998826,-0.676775207861475,-0.840393098138644,0.609219503156867,-1.02702306727629,0.168931494549703,-1.78594255779737,-0.993516346961044,-1.63918587949931,0.0401434986891027,-0.626987297592313,-0.667844304373992,-0.312951283436239,-0.873319805735652,-1.87829883804147,-0.722148263557149,-0.548763039855608,-0.580002595494427,-0.778732185583201,-2.31523853308868,-0.75959224306846,-1.77953066094514,0.201978634816587,-0.555329440234744,0.0705356860104845,-0.660703877068214,-0.172810987684507,-0.227682470970811,1.08010256871424,1.04355439167268,-0.447072779277432,-1.35534570329363,0.109414769191822,-0.636456377188778,-1.46658433680655,1.31763090875081,-1.50738844592824,0.0592102898304166,-0.177932379566299,-0.171601600698276,1.3040679780249,1.05537808038185,-0.319692765277194,-0.721539149658306,-0.611988904334805,-0.954467278136641,-1.44470428452214,-0.70900013842615,-1.59534377723065,-1.02094521290772,-0.420294388294509,0.922407779624946,-0.845031636920243,-0.446250966275906,-0.698945857461214,-1.04131855428285,-1.17314481010187,-1.00752405866962,-1.60420901284838,-0.556577754264236,-0.0448111748752459,-0.675367453246109,-1.32003445105487,-1.47800973231121,-1.33729905713487,-1.76347205427365,-1.56374140428785,-1.53028628070299,-1.23906256820152,-0.935195203417771,-1.20283827022326,-1.06382122974632,-1.61222185353431,-0.0874968565099117,-1.23411934517681,-1.42978929284112,-1.12522445541924,-2.04126786791417,-1.54024499948238,-1.66011162913778,-1.33466160087982,-1.55585873634854,-1.74225768282788,-0.905271687249288,-1.74170887894091,-1.45297284082026,0.60362231052355,0.00732593977519525,-0.101778726994489,-0.466024604218395,-0.513362914466218,0.122785752808276,-0.503891436607541,0.601475620501728,0.216009910693882,-1.49024114516238,0.522015518055678,1.19442585454702,0.129478544662329,-0.239045891819909,-0.712071386207651,0.78791316569862,-0.849703977921227,-1.11762002063579,-1.02831538061528,-0.463786414392728,-0.856807206042625,-0.866655448603475,-0.0321694524490259,0.562695568971936,-0.28427121754689,-1.25925999223018,0.418055312399305,-0.0633285441383227,0.273732838607446,-1.29357857082603,-0.901749074321947,-0.392726413409495,-1.11980744631353,0.279471324653102,0.175355925856283,0.340240461839077,-0.603910764376456,-0.297275811104315,-1.80862528171163,0.206313051662364,-0.305151941912443,-1.78879935630355,-0.840152282214891,-1.27916231499341,0.507545423974941,-0.543921391673846,-0.393697091089051,1.30022733995992,-1.52517564697401,-1.16269097620914,-2.04030900450054,-2.45855449083062,-0.90648134449485,0.209541665648438,-1.49517043498296,-0.809965176982617,0.705801766738595,-0.520761666364906,-1.23748054438034,-0.453490513562434,-0.855918137831393,0.60840233150082,-0.432205625242601,0.499134592470239,0.459834689983227,-0.440658164813805,1.65502420912939,0.727401317351042,-0.0540624129316238,-1.48703704424672,-0.138872598269038,-0.0847025663743048,-0.864142387438929,1.62585244388935,1.72392672566024,1.47613023504159,1.57023374541124,-1.26919807153431,-1.2418912113536,0.256061770087182,0.202641354032734,-1.12682496117737,-0.881564395199831,2.12013942808237,-1.17515732541903,-1.19196980610229,-1.58387404918842,-0.447538642614583,-0.605587355436594,-1.09883997663007,-1.22198669306848
-1.99297759239419,0.0165956963917425,-0.0728709446156267,-0.300450227297965,-0.284171981706847,-0.273780168397143,0.515055942340036,-0.682954738329043,0.180806924795005,0.6918490281824,0.543813511085079,0.197806078635799,-0.350625642690305,-0.0879603720930072,-0.831045425169943,-0.0910794797701557,-1.03285644831664,-0.0739235527964633,0.216425859209324,-0.187611759369669,-0.496043714132357,0.02955533917614,-0.279000247630476,-0.492331410641945,-0.398230413767592,-0.456705612770256,-0.476943845011134,-0.193082443356358,-1.05665463830763,-1.06269799648525,-0.804472334500346,-0.184288267696897,-0.604026799143603,-0.887886570001604,-0.34472756554458,-1.35284364594025,0.094005453429907,-0.467988230010946,-1.35959168315409,-1.58793456750235,-0.274856602483484,-0.00505418070980911,0.343794489258162,0.612678416296769,-0.305331995026632,0.231959060628268,-0.676190473059783,-0.540202061588401,-0.736295396441258,-0.446302176583519,0.326361463528953,1.80364761411015,-0.507895284331026,-0.219640841387577,-0.53128490519382,1.52919429936751,-0.343503788406408,-0.391833892563736,0.195517599360824,0.484701872503558,0.226322601746063,0.595537143656524,1.65637048716423,-0.206857801323474,0.3620286065617,-0.0585729546798349,-0.976981982993073,0.0675640174858385,-1.18848522747733,0.0148808163399791,1.00510859909261,-0.136082280074232,-0.540605778948233,-0.212891937484262,0.0630778482383898,-0.0982248363551939,-1.69603175714974,-0.0355887141248896,-0.506057158536548,0.187932114671324,0.0331459810087455,-0.0739723516042777,-0.315877375723678,-0.254252289511938,0.942176369994142,0.0751139271196268,-0.0920588008485999,-1.26454509294681,-0.65761973065265,-1.5502960684751,-2.7299625394427,-0.965563579749638,-0.296007079666104,-0.580469967025972,-0.755625438523854,-0.635650879115796,0.721481886237446,-0.213042625622845,0.127605670019807,-0.229631021767649,0.329771039759446,-0.0590201179981825,0.285600114922713,-0.228832034080666,-0.333692949785131,-0.000295833646006876,0.271041150781081,-0.517449815831906,-0.418792328955164,0.171836358937453,-0.833401163822634,0.485634455967627,-0.545931144894594,-0.419789287769955,-0.154108612295441,0.213364015193603,-0.192894338047772,-1.94867404078065,-0.676484944769898,-1.71281249884505,-0.180059335533832,-0.567877794964237,0.500199244283747,0.862784205033033,-0.315373980367677,-0.0793078550031256,-1.18515036847997,-0.383929613760284,-0.19239124907907,0.358784550493382,-0.147744431640649,0.710353609289132,-1.40174566315355,-0.786147137449002,-0.303210899831413,-0.297049036951533,-0.15087828674859,-1.21899187697852,0.215251181314089,-0.235148292952898,-0.0682581480978235,-0.569485792404995,-2.1376229177872,0.757219742562517,0.278478373920054,-0.0525610187122885,0.00302836513282206,-0.502714336729606,-0.620433172220917,-1.30503904461383,-1.43888197696281,-0.570580091893825,-0.164484482258422,-0.508697830341406,-0.474670691919125,-0.579322420038261,-0.0657311136569397,-2.38111757026151,-0.309886669861906,-1.66076766360613,-0.442741277331394,-0.202096982429138,-0.312386821014923,-2.50951583663073,-2.80020436246898,-0.855262166859536,-0.149352249299948,-2.30637208090457,0.125107560393132,0.618074101005219,-0.3597949959497,-1.61678963221314,-0.987292956714684,-0.72343765134651,0.758267238960865,-0.906247122031744,-0.419666216522221,-0.565726848456397,0.423159546763101,-0.242058468248269,-0.436320585348745,-0.60231666149302,-1.09917891931681,-0.597280918762978,-0.392840141424808,0.892917575171383,-1.13623802404754,-0.869840649919191,-0.110285257253209,0.125940316008113,-0.635819744860367,-0.202614030865453,0.271290555309094,-0.0372759698999183,-0.464488798122246,2.11761658376198,0.515607033968927,0.932149742063736,-0.0454971604651973,0.35475507639388,-1.05388379809996,0.564237613473585,-0.149164844941183,0.0384474379549507,0.231665723346882,-0.241950172356031,1.46711413485493,-0.378036741191469,0.950183070237225,0.258249838889719,1.46358997530492,-0.392696968990026,-0.15685597491517,-0.499789753480913,-0.457280287780955,0.237857524610909,0.453720073571759,-0.146807132701887,-0.206093150271841,-0.501656780242423,-0.19413070708972,1.50442614572399,-0.503745911937236,-0.0884809363487737,0.176931139635658,0.469842956025353,0.372421758045741,-0.574157557298684,0.533666168711151,0.409803279164195,0.693694552902571,-0.885544570345847,0.471478620725431,-0.00994463473370427,0.0316520558743801,-0.926253305808496,0.518673824722895,-0.152263747822159,-0.44591096285836,-0.655070866994472,1.10669290540682,-0.0540889460368221,-0.754550426748834,-1.31270842898659,-2.71395491076905,-0.809853212108939,0.110683240643648,-0.287060756196808,-0.309113713125035,-0.172054524176602,-0.228691174105317,-1.04493446510146,-1.9853207376359,0.139706078723972,-0.208028001686168,-0.0153035544330294,0.674004263624053,0.0899842443967777,-0.833894630438028,-0.422890421368108,-0.773137941579245,-0.763024852272214,-0.262740711725935,-0.778173678799374
-0.168467492594494,2.72082840338395,-0.458913403078555,0.245172670860509,-0.700874151834257,-0.317244207431194,0.342324245090584,-0.998268963359826,0.546721051983151,0.859755562335663,0.744338259430876,0.572618811876136,-2.28642931548604,-2.01078677844311,-0.729564568795164,-0.152047822814179,-1.81359718892319,-0.797934419466083,-1.50140453634901,-0.726303655836201,-1.29621932095068,-1.83678000317353,-2.27839218630418,-0.774547744829838,-1.42643695006421,-0.3836133684339,1.34491888721879,-0.479835757991511,-0.995273748753907,-1.17622215194188,-1.68769645371733,-2.27495018573393,-0.505153041449031,-1.36494695766387,-2.28093133433041,-0.977755126908305,1.65098596713083,-1.89943216907314,-1.70464661964886,-1.41488478118558,-0.0887635756662997,-0.115626093857203,-0.721112009837071,0.0327614267804864,-1.32292885605803,0.505659422013939,-0.669154787621702,-0.650549582283908,-1.65687517049999,-1.90035310396653,-0.742132709214346,-0.208651315349981,-2.07192926561226,-0.284996577937491,-2.24224186814972,-0.661786277557564,0.0870066418610663,-1.70218982250506,0.548838754971137,-0.113182538752029,0.795313182765007,0.787405118266969,3.07646102740575,0.239590595935518,0.248367217438342,-0.436198973172038,-1.7257938876108,-1.27777389534752,-2.13906315484168,-0.984782770334967,-0.311542387406267,-0.338767204712605,1.27352995362136,0.378480626607144,-0.858880614258669,-0.548403836028232,-1.63052280906782,-0.163707314585497,1.05797904711466,0.269670919100126,0.423594251822327,0.238981971661412,-0.339235889393947,0.905102982884496,0.787854947520006,0.820063944925904,0.37238806432187,-0.0711856010483698,-0.687536265133753,-1.04380459686805,-1.94366336358698,-0.0100305294041568,-0.217825085154641,0.0455697519219218,-0.728688026773555,-0.408275312813425,0.783237866389711,0.178619050203515,0.218341644252254,0.306509497994057,0.624565656496982,0.741069450778708,-0.141601917398771,-0.637221566330553,0.622104477074688,0.460447987039696,-0.851101939058359,-0.569041435680536,-0.928920649531429,0.0289795809530351,0.843234481657458,-0.431299528456289,1.11303411764909,-0.635005187190258,0.459794614518598,0.577047961644751,0.184994765154637,-1.66139907051513,0.6543412238281,-2.92767257271161,-0.211587639310489,1.3132605937865,0.872540524534681,1.06362011436034,-0.282124971624682,0.0781230661109917,0.499625653491357,0.0246818760110142,0.664119646039922,-0.10684872061265,-0.513616604230734,1.07220553180717,-0.307582801447719,-0.786084836967483,-1.17659640339708,-0.347645064308663,-0.165918493503278,-1.23515581722561,0.163139039643467,1.90542768562157,2.33537826360239,1.22642067757774,-1.45030083107202,0.945107648573497,0.0535497116815348,1.22302864060888,-0.230903583989227,-1.7198536113363,0.199269973906197,-1.63476819635717,-1.5463356333019,-0.986190475519348,2.18927380824194,1.31432727835402,-0.386934498021869,-1.43643108240502,0.255406775617156,-1.83905248778757,-0.205879932992204,-1.71050578165383,-1.62076259842052,-0.743577252864142,-0.469472956905959,-0.995552394085068,-2.19673592008254,-0.452883281666935,0.334440408638895,-1.89608805269174,1.80381985153503,0.0891206058025583,-0.175034298193135,-2.2834573213146,0.609190985933837,-1.32816568407418,0.0735234159321225,-1.67313955607963,0.686107543414649,-0.56052602742491,1.81343615564487,-1.0437201552782,-0.28486786583304,-0.637852682905112,-1.03268410312617,0.634935205118163,1.6031973092194,0.363706427057529,-2.04645463870261,-1.6164377474608,0.596056618068787,0.0115993926188811,0.0459543415597855,-0.169788269782504,0.357357763850448,0.664355829416826,0.501587367235153,-0.0594210238989139,-0.134976216782205,1.16544342758003,-0.428457542050207,0.0834519649708776,-1.59523435706348,0.486882754017738,-0.0299783344411045,-0.173818297773475,-0.266129962253153,0.000444153098921895,-0.577507516181794,-1.14709318919018,-0.672442146933824,-0.19785528731798,0.159535238972588,-1.02089885233467,0.201163569841815,-0.79851884772914,-0.465018665381993,0.661180028064165,1.02052203147886,0.264355237602146,0.482083510454621,-1.31008175181638,-1.42630829118892,2.05281296203665,-0.605358571555618,-0.142814840941325,0.569513393386162,1.33851233811769,-0.804706700978104,0.098096391448685,1.35307671144866,0.61990536397482,1.47651492479996,-1.74365795368586,1.22725348607802,-0.785741213259609,-0.0923311883516394,0.49219901719202,0.602659768784981,0.613334296408252,1.87839133906572,0.156496000341277,-0.292403143068009,-1.0141560392123,-1.68240587138198,-2.65438955124897,-2.79230878081838,1.69768231261111,0.452776512105286,0.143936030786873,0.0302300406099559,0.130647756118522,-2.05811400523648,0.112434326792865,-2.47222485396716,-0.949383552802138,-0.231790614785616,0.233528798008576,-0.176943008886862,-1.97170937747619,-0.0474229084168377,0.171173401812648,-0.82047334308813,-1.62522306606941,-2.4319083256188,-0.525225876944185
0.184580970144707,1.72638977640278,-1.49306454582572,0.228559904992119,-1.37740180097022,-0.85995184927985,0.442573327841316,-0.835173685257421,-0.423518100313417,-0.0314830124713815,0.205499466970517,-0.443780882589585,-1.76959453610157,-0.406200922631427,0.0455047489772583,1.1445539372528,-1.12595596812218,-1.00144476271732,-1.39262603362976,-0.561164269428244,-0.866132061230149,-1.67590260868823,-1.91249764275394,0.11568162661016,-1.25807430252314,-0.199311022199078,0.37857943818919,-1.02655581533002,-0.853352735307361,-0.958817667075494,-1.22649223322609,-1.84325747402839,-0.0437451987105881,-1.32435995580887,-1.65682199868079,-0.819146722299284,0.47770243286027,-1.48561421549637,-0.434396762667544,-0.165205995789705,0.0914009077102311,0.558313473031002,-0.171332628397635,0.683612862949372,-0.967846722641514,0.744309087148116,-0.0167663719909138,-0.230632592194265,-1.31412004123347,-1.68855372305255,0.0590414573692096,0.225220434467527,-1.31746018749248,0.475371177687505,-1.48969595565657,0.303803635740587,1.37384116657539,-0.266258176426428,1.21683060892661,1.47621789301564,0.50719737707434,0.852537885152448,2.53311755165941,0.69285373788929,-0.134730040999745,1.11740917834748,-0.356898048392402,-0.668012535582566,-1.80813370680376,0.118743147373568,-0.135693033223485,-0.528518835798859,0.694487578783828,1.42403566435933,-0.687532596196721,-1.26129984948452,-2.04261394618806,-0.425603211852536,1.89810475678218,1.1933218452594,-1.44601497859081,-0.944581889540073,1.25560305574282,0.907117135829089,0.650494055502646,1.95163353043404,0.955882987295995,1.05905340430077,0.32530418901421,-0.304866811800456,-0.616439712423705,0.724382861483849,0.645766795687632,0.287516195617587,-1.1149867861672,0.802581188385006,1.3115454341678,0.710734928172522,0.633557284066313,0.181220534739508,1.12003680402241,0.649069628413824,0.98090132551604,0.521761546238533,0.382235758243677,0.442873901477994,-0.912952950611221,-1.20327893016353,-1.16087402417065,-1.13846110709907,0.88557512895775,0.279683450720771,1.77990936975886,0.0410269843221912,1.84860164278056,-0.0965493759593929,1.8820755049021,1.20978016403782,-0.169229071399901,1.54198270639393,0.203325184920713,2.07236738639278,0.00583704234874259,0.965400713493181,1.06616565714114,-0.592987120149259,0.323783028983585,-1.25875401399713,-0.279544226376834,0.73826966637611,2.01573277090746,-1.62415251114322,-0.196230881793948,-0.120280924556299,-0.641858601583077,-0.336178055876228,0.480237378730914,-1.02386228679498,-1.3612639522984,1.82646986758175,1.67858907621433,0.83137003072707,0.519753292962659,0.253704417212557,-0.921990174891644,-0.0279153615428576,-0.602506193092165,-1.08141980040317,-0.406667952678036,0.274861759133171,-1.293198255462,-1.50095471172843,1.04192906405126,0.776038315041401,-0.215856697953523,0.0624714677640775,1.0411895917606,-1.16404939008562,0.755723370854503,-1.46729788570733,0.173506487951187,0.223588441234893,0.193105058519164,-1.47008106951668,-0.692058741481928,-0.225838065281754,0.251732844219143,-1.58601133227214,1.00869212827495,-0.453905830009165,-0.473557855986398,-0.733494318157704,0.820624757398665,-0.617009307616332,0.824351248073065,0.0200268220124829,0.846374931929192,-0.736293411428059,0.032248677234068,-1.71500855364023,-1.3934740615283,-1.48285686886775,-0.968213408587114,0.472738701311058,0.440853206085424,1.07727149520354,-0.888088772288533,0.0703593195958947,1.08419628368778,0.0642575230115399,-0.387391545313591,-0.516344227871764,0.153121277248073,0.78172759253412,0.219677600064788,-0.401023584185839,-0.0320112692446728,0.512364541203116,-0.459133150491697,-0.202136249953347,-0.161200610220697,0.567954859529859,-0.799545112666615,0.577961647418228,0.0136770007629217,0.499865121165741,0.927215326600843,0.288033706956184,0.227135673102826,-0.0152788057781946,-0.164963639658645,-0.635686750088168,0.908992627353107,0.948532898804378,0.9262314488455,1.11507831720005,0.699669797296009,0.644103926668985,1.45503019537068,0.298285347098673,-0.814172357279707,1.38644079885611,-0.352838260021857,1.23339502111264,0.778827519506927,0.920527687315726,1.10251079863042,0.842869289212889,1.83713372004742,1.83221710341798,3.28929234019345,1.0474516266346,1.14089374327961,-0.425056022316019,0.284528255222269,1.0795736386846,0.610204144509869,1.50043287058953,0.553725772532299,1.1485194873224,-0.326140772886489,1.07975344320044,-0.512040835601848,-2.01414837619409,-1.03931761336355,0.846181607584283,-1.11100649357674,-0.966164566839154,-0.707251256756969,-0.335563031656999,-1.41860299499852,0.277468439674658,-1.78870951550604,-0.0512340484057658,-0.0552078659954691,-0.297824908888276,0.597655835224867,-1.43005159541285,-0.0329553557209429,0.00899391262298534,-0.790909311140834,-0.326156623935489,-1.95928910382458,-1.05603127812064
-0.279493512946578,-0.116639067085375,-0.0244226953770668,0.114886190473825,0.31809325885341,-0.457694004255325,0.815749874973898,0.235265227053221,0.4988345841972,0.763568170328996,0.163340475358091,0.324011616030282,-0.0598542506879372,0.409922845640914,-0.0636585336966413,0.533345761191975,0.352669417214724,1.56768267896713,0.995486406758749,-0.0831920174949734,1.30592392695859,0.875914196902988,1.330795190752,1.55365766214683,0.706227054462862,-0.303429556892625,0.14273190249838,-0.112322482886731,0.25272315874826,0.401753443502948,0.780162619718058,0.915842359641905,0.261251206369041,0.997057941128058,1.24921429656436,-0.00597275085691221,0.0633501869782873,1.67664798108222,0.0228965543740124,0.115873611733634,0.273646949590782,-0.65847610421741,-0.293513587266119,-0.995415627701774,-0.747849962529188,-0.38254397213668,0.493965416625292,-0.00406548275015521,0.440663760417658,0.926893935697554,0.349394443914135,0.591810786029204,0.721486248426629,0.400199812682437,-1.05667362663456,0.387259509374134,-0.0346379599005129,0.212612063348483,-0.0373215408032179,0.128027681157533,-0.547758248045405,-0.787212226397065,0.223674261858405,-0.782668340030798,-0.887175190283768,-0.163607929262607,-0.347108668047801,-0.269787082331867,-0.378148909300905,-0.685521884430702,-0.307545350696639,0.0298996298912377,-0.790368197906173,0.805194983236361,1.19081349790911,0.937871098142541,-1.70677425784774,0.370494367767967,0.143324096568505,0.120079053383484,0.404907996675789,0.252732294516316,0.425552637835551,0.4122213047002,1.1843739755779,1.00715724029531,0.928893020955673,0.708100604269043,-0.362309334364787,-0.493457725219083,-0.597017048459552,0.166392491785891,-1.09924405626205,0.393853356794485,-1.41742140283089,-0.181035360896742,0.313405687384869,0.162985618656091,0.523405580939495,0.248190922040156,-0.0999421179649476,-0.294191084283303,0.554865702523711,-0.261312064488961,0.439450760036291,0.638248295570944,1.0002859148394,0.645253039167533,1.53304913941632,1.66921842312642,-0.0239962806374191,0.036063728282386,0.14800535300196,-0.447721117411757,-0.217450619375386,0.897918204044491,1.24297065759322,-0.0387749179510779,-0.159951379548134,0.0109607225087964,0.611231636764103,-0.209049677998336,0.959356824041918,0.565789832236263,-0.174396896161131,0.018544587104464,0.480724731865805,0.0661747965285632,1.06101510815003,-0.015492991545577,-0.203943531259885,0.201604697442467,-0.504978494343319,-0.694914631426631,-0.774559981265833,0.156198930897065,0.854094163110168,1.56499142251876,0.451990056736805,-0.338115101588377,0.321307972255898,-0.302360336524979,-0.913316417907153,-0.431944465161147,-0.507593495798391,-1.31126221956524,-1.57095137283816,0.0466351992929969,-1.43463587993932,0.489172498148361,-0.445155399565256,-0.751899180169625,-0.443085950128504,-0.595660023446186,-0.212537629120975,-0.0971967457495383,-0.918212366279887,-1.01682556119403,-0.515582767925016,-1.61088356769077,-0.638503131058027,-0.892763981579993,-0.340902652691981,-1.89876377905156,-1.00809308283248,-1.28530063323259,-0.304616823023944,-1.39532901361936,-0.664385256609568,-1.01304438939048,-1.83610534515059,-0.559878323576495,-0.835832174104222,-0.433348209495186,-0.502271776330698,-1.34569620673744,0.23364180792442,1.24566286987225,0.533442807476571,-0.436460544269591,0.139480437019898,-0.0287758474155611,-0.491663522421578,0.5889230574189,0.863394137110472,-0.205959997814074,-1.04599889946811,-0.713657249627107,-0.803118146816046,-0.0414350841319375,-0.576973268691572,-0.749129163976081,0.619815912287467,-0.677858196992783,-0.306141976830227,0.984689474383833,0.494251705002095,0.987781798885324,-0.192048787277446,-0.327954761655939,-0.723631656398703,0.258028058314487,0.296349295888349,0.041926544427352,0.0313313426191196,-1.30475059351333,-0.947741077872244,-0.132165387459154,-0.817958059900314,-0.649326119793634,-0.215890536271689,0.272296778515029,0.290156830440587,-0.455157405126932,-0.0450500228030142,-0.220560389489767,0.468419149059342,-0.397026057499687,-0.464935106241937,-0.109526869547103,-0.398764531414165,0.107343248651606,-1.11497888899191,-0.457281552240911,-0.611107816598796,0.715712494423716,-0.403390686702799,-0.200871275320248,-0.246941736423938,0.0501607685539791,0.849655953013572,0.058354250992824,-1.23987400445015,-1.6143050376731,-0.891490026215295,-1.14351274047416,-0.7708209344749,-0.252572036770741,0.46774459905708,-1.02756567325732,-0.291160433415186,0.289364014282352,-0.454414148241107,-0.939453060124197,0.168539711756481,-0.801303845806788,0.252559697303184,0.183550922506587,0.0251153622072693,0.544004531074952,0.515654126616515,-1.91442601865818,-1.35406947613273,0.108727687072474,0.277928334869056,-0.272701298505438,-0.349380731206539,0.887113077960124,-0.0917678488985495,-0.965640033673572,0.0431651260079346,-1.68558266550948,0.645119349945328,0.423002048621013
0.190863199601928,1.13566268361818,-0.738607245828503,0.164421843753945,-0.452749711288711,-0.013885449553881,1.51201300853055,0.486863355078793,-0.297914011653481,0.0826249863157067,0.270067149120007,0.82847327156522,-1.22614297542978,-0.251654020744589,0.577755318886721,0.862122075081654,0.325138816706637,-1.11076183651707,-1.89264889774243,-0.545446811989693,-1.39367122948009,-1.50226831992258,-1.95443199881565,0.108624293464665,-0.697395055959011,0.761445618470496,1.06126469438085,-0.604739261183167,-0.109347854380453,-1.35112620608601,-1.70093633748215,-1.72102204918937,0.0331546838497004,-1.29572855075759,-1.55279636743819,-0.00705510431506806,1.04764384195621,-1.30827050015351,-0.575297112321834,-0.0810841050782055,0.552128993460841,-0.871841854962338,-0.673710993781344,0.291333210356507,-1.69989722765633,1.46437614532222,0.884208460388543,0.500550212827168,-0.433113622697537,-1.09123960045042,0.99871765028642,0.317919757411756,-0.638713790617167,0.817273592491061,-1.52084211269746,0.189949625691867,-0.0900165669194354,-0.520723774162737,1.87278605116685,0.815981880818677,0.536155482052998,0.508589653870906,0.908347351836888,-1.69815289753975,-0.253302703010912,-0.101256036000664,-0.495804575570404,-1.36618261853959,-1.16995269885849,-1.66019531035109,-1.59824645215816,0.676071471124651,-0.203380688925882,1.14740967293498,0.371983568826205,-0.382588052627684,-1.27284955516964,-0.571201104356337,1.20406781125387,0.770604298891442,-0.110343819892104,0.036813033406426,-0.0745851215258752,-0.275571924897446,1.70396997907485,0.865455855852634,0.208058675768763,1.05461511984475,0.371474648940568,0.187932339093368,-0.12744264981428,1.11900533950413,-1.07824510984668,0.46029087433438,-0.310648353221144,0.093662334126206,0.887841104855987,1.23253483826008,1.200560661803,0.815782015271297,1.16512922262775,1.75080512794308,2.29524702682541,1.5403016264649,1.10325597985823,1.19597253122565,0.439874311893729,-0.332213720235089,0.490201146699436,0.0860281244644649,0.214314211239952,1.84661971810838,0.866676960411854,0.232988947771314,0.706140171567774,-0.167820473247172,0.193374206796433,-0.678693712098195,-0.97981068601267,-0.258687884156451,0.65728268996078,1.24775953514969,0.38379490327049,0.408261446890184,0.600045878393514,0.0700004147351912,-0.749348091627029,-0.376357092199557,0.831230924059484,0.251440601903626,-1.04440084898925,0.680339453790089,1.09102727969512,-0.167736839817709,-0.279291837852907,0.0626456227866502,1.11518526393243,-0.359941942580993,-0.335776639869065,0.383885892346004,1.01012045981719,0.400402001162046,-0.538230032996161,0.303390716303658,-0.950022435881678,-0.606250996686041,-0.759706324060894,-0.605089450588386,-0.184314454719346,-0.182779694228701,-1.17248155028717,-0.588305961508229,0.704515484773425,0.47814905317767,-0.241882099879768,-0.460601858276323,0.565923589775959,-1.42566363183618,0.310729388125407,-1.12032048153384,-0.347093179950825,-0.519964462344028,-0.211874383021919,-0.591931706321138,-0.773763361640213,-0.177214543321453,-0.516602658246993,-0.540922616045041,1.00233578162948,-1.58846798441104,-1.31455238034487,-0.482798470233727,0.862571480409689,-1.15536596855743,0.721084625598332,-0.407157234455641,-0.714542075415005,-0.0725102637282178,-0.677418085890325,-1.01215563887333,-0.567373174566168,-0.198517186679817,-1.25276126770929,-0.683496143311582,-0.334247786682774,0.993022993278925,-1.32673958424442,0.0579860132016719,0.212248078254231,0.0553720385275722,0.222370199230357,-0.308622914734321,0.897496542450438,0.14171314616757,0.133227621465466,0.146182608931471,0.588102804174032,0.611330259280955,-0.0305349297585346,1.19188670436936,0.354901105318384,1.2576887079915,0.731283069666872,0.147585213869413,0.339322365875811,0.945903687573574,-1.96939658426243,-0.434621633586983,-0.446356413395303,0.704212842191081,0.778892221961853,0.728576745983881,1.41330501465966,0.0237459570194749,1.8213681434331,1.79145697897997,0.810913027078321,0.261591554882599,0.791164250968579,0.0103145709480845,-1.64103108460866,0.343037603793099,-0.514327698923704,-0.492632973961059,0.23418727291212,0.623474738332226,0.170101596160871,0.438930807445975,-0.103424426094972,-0.263272653420083,0.977318389732498,0.0740079299433431,-0.452903320100341,-1.16860742795209,0.0227103335196347,0.172571445707865,-0.45808182678467,0.382093904605597,0.300043486176473,-1.30120769547837,0.536048190782276,0.639067894589485,-0.501147936223945,-0.817035927679985,-0.184877523863381,0.399780448574182,-1.16843461686231,-0.834997453351305,-0.817476260704395,0.138034943553921,-1.34759504925206,-0.476746199634613,-0.671514060866288,-0.474625757981296,0.480632436774361,-0.112493463689812,-0.188864794161376,-1.96773648080073,0.442517547674872,0.164192100576729,0.485501860222265,-0.723998758031306,-1.72558767805571,0.841808766552428
0.82125016337339,1.33258910310542,1.280323141227,1.5024184708685,0.958796172222546,0.670562847143172,1.84624861207901,0.931357038457111,2.19690585001694,2.35650880437712,2.02476533814914,2.27724142806104,-1.32555568098934,1.13397385236923,-2.48323504487161,-2.77944945847402,-1.03540334483182,-1.13673301430123,-1.07928190842341,-0.606539603684014,-1.48414720994818,-1.02923325316676,-1.19148855737749,-0.700740338704057,-1.22275970880267,-1.93968783616687,0.396292234433037,-1.61179468088991,-1.09948771303232,-1.51781169613885,-1.24288746054569,-0.984130275292574,-1.39819246054451,-1.40934383797573,-0.772526660307586,-1.31529498935949,0.251561062614092,-1.39345406511378,-1.24762947037269,-1.50118934665487,-2.41575363484156,-2.49971504875521,-0.572305025436715,-2.41481927433877,-1.86972100879111,-1.05220901890024,-2.08175580061444,-1.85482724071394,-1.97686693786755,-1.16125663867588,-2.6116231198101,1.78701067571698,-1.28808956748547,-2.75669309557305,-0.705576088196207,1.40215438175905,1.94531567458542,0.684900110563916,-1.38036895320651,0.707975209734544,-0.0514001910832913,-1.26290454365721,0.627004498894141,-1.85879282404621,-1.15707255076932,0.619813394203742,-0.820279633478754,-1.16580002732627,-1.18474769857278,-0.787858653625474,-1.41760742413127,-1.32909022748648,-1.04843240914003,-1.12448810892563,2.40020996713439,1.54699340984584,1.12464299785906,0.737274757394767,-1.58943214884473,-1.69070550449138,0.702696496540782,1.37518391614621,0.0620228093175628,1.33902548261,1.62325105125641,-2.49500823892998,-1.36420076837605,-0.454177482385296,-0.0192873027233277,-0.44502637613368,0.827921326812109,-0.704456669910639,-1.75203087438202,-1.94825523075541,-1.07483982333241,-0.715670966126247,-2.06985217567641,-2.96446985177194,-2.95283093690633,-2.48211854178429,-0.109905323405724,0.379284191764607,-0.19142749377395,-0.875096641042112,1.53226769576576,1.33889712337922,1.81980209438648,1.63339661866283,2.09553002326339,1.93442715656427,1.02395333427153,-0.735118868510865,0.951891719288539,0.109594874531842,-0.247132910241384,2.79467268446812,2.78426361533008,1.0652473436438,0.787827480135454,-2.27656927578254,-2.46915185161566,-0.112557356934373,2.79320493645725,2.49375229578615,1.32875464573942,1.73730102813461,-0.399245168482202,1.50692885671155,1.47792710150624,-2.39397694645639,1.65721087574783,1.73496903938195,-1.70759679734153,-1.34695316194715,-0.850712334234611,-1.34685693438841,1.03828834553353,-0.835384498049671,3.0802677730305,1.6644467833255,1.66136287057336,2.0089351216513,-0.225524628855941,0.0388823185896084,-0.275990771412326,-0.0332951676410991,-2.03430527197006,0.419090465203806,-1.91932006912913,0.0293396648227306,-0.449024709615515,0.1053178635027,2.02371253411211,1.08398247225742,-1.3091649488861,-0.96098393862394,-1.28337960586148,-0.3491112420333,-1.71201727692182,0.233273370163052,-0.679635124824853,-0.916305246152824,-1.71946463220918,0.129176577781501,-1.07198820102191,-1.4545424942553,-1.63247043452836,-0.357618058581289,-1.26147972661869,-0.257286132006461,-1.0404071259922,0.222174916298324,-0.760899364300059,-1.68745323652259,0.802993803914245,-1.83014988353063,-2.62910026051342,-1.27692225334543,1.65109165285703,0.8446803362328,0.723986699238566,0.786798826579076,-0.49436393245044,-0.0394853752091557,0.428200144453633,-1.29056308094537,-2.59447658708901,-0.025179367617434,1.04364860511418,-2.23636940253504,-1.76594745886452,-1.81298051962345,-2.14224347538366,-2.23127794534032,-2.23208314605991,-0.943039677020838,0.477917079212813,0.465911196351439,-1.60968604446134,1.24601016299859,-1.50831870965512,-2.2582115461837,-1.93597529929303,-2.35700780396649,-2.3174484716109,0.842583883570547,-1.05096713611579,0.686111003412381,0.260755320203906,1.81140719729343,0.611872159170509,-0.147747433430377,-2.42079754446401,-0.0683848663011663,0.431743695278345,-1.60602204821299,-0.862052139521141,0.496567080546357,-0.325237561564866,-0.562267234154184,-1.18913699814294,0.858414143982368,-0.700783853197021,1.11721041825417,0.483933447381009,0.737352667949246,1.9025051521815,2.28185507045945,1.5092208922238,1.72528995797898,0.850128350204361,0.285294098000595,1.62880327599737,0.680815474220974,-2.24271865219053,-0.821317984663408,-1.29347199055108,0.00127729096537761,2.0705035832302,0.678708582378551,2.4228824822079,0.982922142640562,-0.124626258794318,-1.68439014837454,-0.98470865582949,2.1423486499514,1.08583328382475,0.606780321371613,0.611642953307444,0.382496955994719,-0.782903092578562,-1.04188514675982,0.161464559498067,1.02685107138203,-1.31803520123395,-1.97113885572193,-0.987227522499649,-1.1629304878219,-1.60580918713291,-2.27497240094344,-0.682254345451999,0.139716861717376,-1.33659239334601,-1.5263476671077
0.0756882109309012,-1.23513378310612,0.775647146086882,0.147540409935568,0.854891074650918,0.0225684469683407,2.17505336129457,2.38009167223874,-0.617504395595167,0.559386738110808,-0.562420789783858,0.656319315434842,-1.05845617298073,-0.729635986231668,-0.49220852653714,-0.242878353979241,-1.02633141552281,-0.424434744083479,0.0142203886105338,-1.06326941647732,-0.449153675265019,-0.386811180000685,-0.48518161894008,-0.0556548862866288,0.106112808087497,-0.0935466080101334,0.0283301496482385,-0.150591752321612,-0.340248850403919,-0.163371299707237,-0.270403436626068,0.0749818563398904,-0.110188446893996,-0.420145263535967,-0.584021808086825,0.11047158832941,-0.0927624024361494,-0.924788811443565,-0.705059243881094,-0.60788692381128,0.125840338815357,-1.10028809760606,-1.55522188025464,-0.65456038893301,-0.282123016384121,-1.12738405724298,0.00950595815220605,-0.492505890909594,-0.437900178717547,-0.0918544055556748,0.152124090200486,0.751252518247731,-1.16414874122977,0.155468930289143,0.190232518961029,1.44434390078278,-0.729002123469556,0.570718460611389,-0.059906421054361,-1.19403541767189,-1.47170866534383,-1.16858504107742,-2.79770675007582,-1.57875742049732,-1.44993725112658,-1.51888459197683,-1.27763575665838,-1.83326952494539,-0.489461724086324,-1.42031719533641,-1.11515435718579,-1.01181046594604,-1.28616495343481,-0.517690289725729,-0.406631797523645,0.470135536038503,0.934707548184005,-0.197318607338341,-0.684344196571438,-0.249577207529637,-0.164739823038954,0.822769353855815,0.0234609713046777,0.146432990133199,-0.571179856666321,-2.21109933566284,-1.2954561144656,0.296068369291817,-0.0667722732644045,0.266284021096805,1.58269546590299,0.927181942308107,-1.39212001066758,-0.617822482650531,-0.0238912038091697,-0.982894073892804,1.19023523798475,1.48811063440287,1.34793680800718,0.447585770069402,0.375682050410214,-0.0308726132822287,1.94018503235699,2.01066445479819,0.692069844335165,1.30938553849622,0.097376621892995,-0.517236140264918,0.664127682057998,0.554840653179615,-0.476302213226954,1.0928110304382,-0.310075929872781,0.336522904275249,0.555861146300446,0.254712516340036,0.353472327647842,0.767280199536181,-0.934852131373683,0.316092284888922,0.580011922754217,-1.32429340481154,0.328615279177484,-0.603098695451277,0.91412417185833,1.37838909834854,-0.668116197729873,1.08624818606288,0.529210821008226,-1.33827399147215,-0.141815977560928,0.693551274464593,0.069856057456161,-0.573496756204731,-0.331886950493041,-0.529009564555042,-1.08803901043432,-0.0536426951890221,0.654815162193375,-0.815838353477275,-1.16434272475565,0.135059123293373,-0.174990573934544,-1.19377900152102,-0.550666384663276,-1.20131439655777,0.238209404692623,-0.222141256567384,-0.665881824895079,-1.15531304144639,-0.219077016390175,-0.747395909640092,-1.18374120632247,-1.2160096361563,-0.55038111140122,-0.47900174295249,-0.951369810099069,-1.37291105488577,-0.562386332130283,0.461417042763666,-0.849846128104289,-0.728268392993901,-0.295868748613512,-0.0253258005179154,-0.442168553766894,-0.755621633370186,-0.912984684800007,-0.275073774666753,-1.10887288967801,-0.98840019810173,-1.93495274971433,0.275499320630982,-0.737928876726387,0.723793390198078,-0.0882853283807332,0.35199667962463,-1.47533190655926,0.114993620895747,-0.200618090991314,0.822028268393165,1.02968276303046,0.474687289670403,-1.26927459071824,-0.766839301850983,0.0266144967884465,-0.564741657098088,1.68045327992501,0.425161757987231,-0.266695596121862,-1.23202346483273,0.176795249759348,-0.645642393240605,0.140506874703889,-0.928377831577869,-0.707309097490833,0.809387262436705,1.06499544757897,0.591975347024691,0.0936858870439492,1.96051792846554,0.724387266814895,1.62106564170131,-0.23138875902571,-1.78704058520737,-0.195575541196809,0.374683254985715,0.612396738079033,-0.0923378039132442,0.299134169076753,1.33161738941074,0.527538757130791,0.0767802630944528,0.769340303553475,0.226833862478771,-0.601135932856919,-0.115236310715875,-0.233021547647945,-0.625780124795012,-0.376958649389951,0.920474632960764,-0.146250976694134,-1.01295867490839,-0.557080357961492,-1.57974568821583,-1.14552740985485,-1.13226510439002,0.37328742312886,-1.55614497740575,-1.92568197398265,-1.32629244243512,-2.23870563612352,-0.290136474541091,-1.7324606314075,0.689831034826898,-1.22256809816406,-0.625976408311443,-1.58903518961002,-1.47201995783263,-0.229919358163708,-2.14636235450637,0.826213177538792,0.249956760978917,-2.06566684140629,0.589080929700536,0.053420637836751,-2.19314226741989,1.11311343256085,0.637897609471426,1.56467909903006,0.878131253233481,0.0752018843256854,-1.32999484617656,0.0250821569321683,1.58516271949266,-0.0283764681314084,-0.28848957301131,-1.90907226910742,0.239099106879668,0.12708200399437,-0.953740242569722,0.938167312281005,-0.728771450968063,-0.358487170525132,-0.0269591348659598
0.380603323873654,-0.135076009801487,-0.519892890624884,0.187387940313001,-0.670376015615595,0.173186809862983,0.61440014143951,2.25144847650448,-0.560043599412303,0.174228097781624,0.0988058331886107,-0.681138607469583,0.508603850726706,1.24876541161935,-0.912274550744539,-1.14049647653326,1.02647099121759,0.174319071623698,1.49178826660861,-0.900900357267361,0.697699988288822,0.882639271052843,0.58684091249142,0.113428845311926,1.27291185627745,0.144126883370422,-0.356200642884064,0.886686167889166,0.357547045590159,0.226440936422926,0.896593104727875,1.3051783839383,-0.808258114962438,0.198903848580079,0.475543751975756,0.556517919486063,0.140448233559846,0.302864454652231,0.660342076365272,1.13393054997763,-0.0481009731618976,-1.48730989041833,-1.18535016508603,-0.334376993304124,-0.305979873269187,0.641727195155086,-0.86146218991311,-0.124270290812605,0.712317753201413,0.185418499887703,-0.531457694503628,1.43835436993747,0.488133196514837,-0.67005482901021,0.14571096644328,0.854418448998392,-1.2969516452648,0.125075524951205,-1.02072673552275,-0.119589312468321,-0.21083267997929,0.197888099016979,-0.754766089384297,-1.09222659911422,-1.78044852859995,-0.491634110595545,0.443894643708282,-0.0962661704817146,0.22779303253387,-0.664347917975953,-0.238696172507954,0.0886386586374534,-1.47405344694291,-0.228672979367861,-0.91324114031241,0.548701944738347,1.05295022850475,-2.92785880811343,-0.128409539395753,1.00202855685522,0.0475739836066942,-0.830086086342619,1.13377783641149,0.350669061719269,-1.24930304628921,-0.970844037317759,-0.488328131785153,1.26858216032293,1.51039844635406,1.80586170529594,1.52358793322694,1.18697074082999,1.50640883636337,0.0685656837837322,1.39243165478907,0.790154676667213,-0.599193064666141,-0.685616216106206,-0.641247693829636,-1.14334740507635,-0.309358718602436,-0.265714551173064,0.564560125080215,-0.000353589448445175,1.30651351850265,1.59475366492938,2.11395468326939,0.903045113150788,2.39181640035553,1.6438044033536,1.01729836211843,0.352354943675087,0.581209552944372,1.52923965472411,0.467728818577763,-0.105986418735715,0.343731375904765,1.68110872420702,-0.148658322225129,0.927465378682113,-0.0565408278510184,-0.33662432370254,-0.873913778995827,0.118992513386048,0.925065301052126,1.29273092023361,-0.864027895341159,-0.573149392676284,-0.215238173153467,0.528042997661357,0.267873864657816,-0.00610883382238674,0.35185356883721,1.29299799706638,1.90202501311548,0.134250316325306,0.883064028453266,0.215662913766123,-0.899655992971336,-0.601442076720807,0.148845610139369,0.665113299848535,0.482529919803731,0.069754514389197,0.373692290928412,0.405228652517062,0.2356453861335,0.644443888914409,0.144295183765368,-0.23335668537607,-0.440850306627879,0.457200264623831,-0.36105082270184,-1.45135537948751,0.820295077856017,0.643300216776598,0.788819417455142,-0.923223359175815,0.449838666143448,0.942342748237245,-0.33665312422841,0.884544135066925,1.19611380771678,-1.22862252898981,-0.89961257696084,0.463353204475922,0.674815507449031,-0.635316415226818,-0.598160562916375,0.768193985834743,-0.721996791715225,-1.09350328949334,-0.170554559008563,-0.532562246969724,1.12476126597762,0.650216840225802,-2.14544456798112,0.0172368842773432,-0.231414154449255,-0.204889262351757,-0.852568764210799,-1.15090199320591,-1.03463973602568,-0.0555517185902765,-0.161055649985866,-0.272780023370063,0.766629661148337,1.00833827621866,1.97728420873851,-0.714694087410575,0.604467619358937,0.595271748202637,-0.421811531314171,-0.214281607921892,-0.530834836278725,0.619648336677838,1.57827061967498,0.246192541067422,0.977999745164739,1.53161842031114,1.14265033254424,-0.120435635649227,-0.00560737847756545,-0.49096096851785,-0.393070585284206,1.16107362941062,0.77570694735186,-0.487490701349336,-0.337772440653302,-0.111908701885037,-1.26913623057978,0.858587218747934,-0.669895632345242,1.10510228826229,-0.0766208635910046,-0.77813462977704,0.529361500368525,1.64023989708529,0.227830191318148,1.88278701698351,0.948530263489015,-0.421692382671455,0.189466940756045,0.324300848488389,0.406168265055395,-0.692402171145691,-0.588770173436579,-1.59837625759874,-1.43021587367498,-0.914890263655881,-0.819168824789561,-1.42112762810384,-1.49551810628415,-0.647355651092017,-0.044110793822154,-1.34141493974142,-1.36691326123324,-0.106278584133163,0.832821501803264,-0.382385393879278,0.679175605821535,1.21875056624925,-1.91939670265185,-0.809230583064286,-1.9098297483362,-1.30680254505615,-0.264471879712389,-1.08564217664792,-0.0927401651758207,-0.364753818595455,1.53078482156918,-1.45240340603587,-0.112536837812285,-0.0503101640414125,0.366449575784705,0.761140163330999,-0.778355442687337,1.77917702417727,-0.179065134691345,0.348604312893688,0.0590472098787362,-0.547673696503376,0.869296545074851,0.313173681525587
-1.753078853913,-3.29580897847286,-0.770319836963443,-1.65115980189469,-0.887703996530044,-1.84773784037293,-0.771506748600098,0.64848107545217,-1.69178101711424,-1.47390541383252,-2.02735154885888,-1.88249405367164,0.667481242203108,1.3589169600862,0.101959560799478,-0.111674385386822,0.622909915071508,1.69574545312044,2.92309768321263,-0.340017780814546,2.28155110759518,2.06605287712905,2.43673997379854,1.10552222640265,1.99760812480765,1.28752702054323,-3.88145525094226,1.29132907770312,2.22890355255332,0.929919490591714,2.08479348825727,2.35373293055331,0.375859320796075,1.73981564455539,1.61296396607909,1.78748590754929,-4.86848305898591,2.28215468961496,0.0518189509730708,0.392413792739077,0.866398815935662,-0.521324159208076,0.399425906086905,0.759891606979093,0.863571156793483,1.70713695754437,1.22318096053789,1.21263287346861,1.63995482518412,1.28496104887238,0.941454718059744,-1.11917168695676,2.75779404713196,1.17648594506894,0.294562626943544,-0.32209235032174,-2.76177620869399,-0.446008472535609,0.017988912189108,-0.872052266686441,-0.340491339342327,0.0997473427351104,-2.27041648679045,0.0300931678732771,-1.18271526951957,-1.32575321677034,1.24999708993698,1.11208852031678,1.40515537888772,-0.691385451788069,1.00828832031509,2.14655950741306,-2.11003547128174,-0.818788518144489,-1.17751826976299,-0.347727971507219,0.682929058325656,-2.47920974566673,-1.11408438118522,0.298583345267294,-0.904145646776748,-1.40103544583694,0.295112609793025,-1.68040106741576,-1.30409865741449,-1.31914088920114,-0.621249006494347,0.664207776115924,1.59615748984803,2.35923828969092,2.77802079811498,1.32960777500853,1.13315679073434,1.25728358358041,1.72029766517635,0.729647807965798,0.994526731445664,1.4809793023085,1.30255938742845,0.896050077007305,0.84508100418887,0.304145211099817,1.80353458250033,1.59765346110248,1.01220384196155,1.23912950059752,0.870963679445793,0.548687037586964,0.832214588203309,0.225954531399546,0.343776061222301,1.40217636913938,0.295985113583238,1.81048461772721,0.995254583130245,-1.53293880618808,-1.51300911944958,1.45178794927448,-1.77853063558563,1.12835586258522,2.32008386311436,-0.266189356782901,-2.12933530718731,-2.69943627038203,0.0239813791771687,-0.689205831869055,-1.56591364916251,-1.07305892043822,-1.11350606105702,0.33198787401004,0.292132009039388,-0.682395293402038,0.764068226178376,0.709529672294848,1.06431280066421,0.753548374553332,-0.713427416005815,2.66735942225067,-1.09213321896599,-2.64866965776153,-2.55784879508705,-2.07605937528695,0.0758389429779632,0.309476261314317,1.14187430781105,0.123976637719721,-0.213207321493523,1.53778681765513,-0.872000468442448,0.254381111768397,1.52332402264801,1.27045721659598,-3.59475569308115,-3.42852782568145,-0.0641261351273998,0.216990025053285,0.126753382785461,0.262586756040401,-0.32926881231166,1.79985212735882,0.236220060800135,0.38652545630877,0.763048250655854,0.874401020833391,0.427608993822652,-0.997359970912413,0.282644472842535,-0.202001722340749,-0.94922274314157,-0.199710243541103,-0.992546086644992,0.818560544166807,-1.0869792123211,1.38803867127773,1.52287825574717,0.809887692328114,-1.13269833475422,2.23831520339266,-1.39324295508354,-0.544461034703506,-0.896134360388958,-1.46664561697131,-0.82565013941474,-2.46474292476059,-0.792615063773012,1.17255482406222,1.56251611638112,1.40630002356868,0.746454116554001,0.476910910739419,0.137603918091912,0.938478003687587,1.9505947123622,-0.341003784588879,-0.409280108970545,3.06722129272133,0.744406396316861,-1.45541146508378,1.67792872027471,0.341098223696455,2.02881097485446,1.93537020465337,1.06486023387737,0.119329209447509,1.72045219219123,1.58565309394713,2.42809432305467,-0.919957619690671,0.149068311959705,-0.679904275334161,-1.70389633387701,2.45956344115094,0.918752537010428,1.30423240282002,0.190652313283838,0.393591952801688,2.10863361646168,0.874995527713788,0.41798475263635,1.66125197776522,1.67953897328063,-2.75191659480038,-0.910112498129978,-2.0473936388266,-1.17085102247062,-2.63879861250904,-1.65887775046114,-1.76947382513778,-2.42268620445774,-3.16097732705573,-2.40474763411508,-0.136761239201792,-2.71239690404061,-0.843171282337918,0.164803313394631,0.0250061637491631,-0.761344159655495,-0.206472600976249,-1.65056411897122,-0.0126226765378266,0.474897619497124,-0.408488486962191,-0.611502405128268,0.591191114856337,-1.79352209248855,-2.32698642671261,-1.26954442231746,-1.43097234574695,-0.6984215384798,-1.54220912510637,1.20787478920703,-0.398630997978312,0.169764871847783,-0.365245895353835,1.93848266124238,0.087974703327257,0.90482368108643,2.35153830661877,0.356807348731203,-1.449123183482,1.92023233347643,0.711442688817036,1.06223537853979,0.866193203704111
0.387082084780991,-0.913260120080572,-1.17902033288696,-0.845940598735435,-1.53322676549348,-0.70067506963655,-0.84069274864925,0.886603444906134,-1.34291305768755,-0.502501067647718,-0.832966100090953,-1.48970950376598,-1.12240348749041,0.40357727286276,-0.762595910168413,-0.803284805177579,-0.602006613467995,-0.196593504994863,0.479542533353198,-0.944896408753021,-0.767242160819166,-0.0882210449138505,0.0725838733106904,-0.490162711511593,-0.548951161239914,0.0474808169378163,-1.17238426728119,-0.752811566626801,-0.301281205896522,-0.30745899779942,-0.0697121620052139,-0.468462159552665,-0.539051770755568,-0.811248627343949,-0.0221763383323555,0.508871245534417,-1.73499537286502,0.592880014201727,-0.771362624383237,-0.573049622864815,0.123707163236364,0.0242787670499053,1.54829150401371,0.864999611808332,0.813095352779388,0.825309653508994,-0.00382992405244309,-0.413925580360487,-0.419309049429477,-0.930771331135207,-0.166824438368333,-1.11542276149154,-0.556648653795501,-0.211776498337912,-0.46466822714069,-1.07144768451223,-1.31235689494275,-0.615422651475936,-0.374178181915892,-0.825874432934861,1.51040284519575,0.630446872693767,-0.729155175675351,0.371485582030079,-0.396430778060667,0.357518403867736,1.47695703334299,0.0474527453545229,0.976132378060322,-0.421602165392801,-0.558514708816743,0.668484313828437,1.02119169252196,2.11536701400242,-0.996554159037036,-0.5985309366422,2.15661491845924,-1.2240528841484,1.10443808492952,1.23783720065675,-0.233652057103677,-0.935871440352418,-0.0292147937492086,-0.887366562132976,-0.79573398884039,1.55157643882787,1.42364733544673,0.738417343119399,0.715221136194335,2.11526213650166,2.11061546933656,0.957870782458198,0.271038885659238,0.400679497333477,1.54067516876737,0.670448102715143,-0.845749391133717,0.0437275657089245,0.191786074526593,0.296281681953371,-0.649150174393146,-0.665691233946768,0.494170928004006,0.370201605594042,0.679798892767798,1.07892845295474,0.428478927006957,-0.349028483611409,0.546267229508791,-0.984551125556542,0.00445949155966274,-0.120101895483653,-0.0172861153732385,1.44986566078179,0.513725948665249,-0.56695750093558,-0.777236758266131,1.25387680565855,-1.41807433504964,1.15449608283898,0.735583233625984,-0.122152572658196,-1.20532208724247,-0.644644863939638,-0.261120747760213,0.423147365006417,-0.074867144856497,-0.679869503844242,-0.503735029808834,0.06640188659974,1.47553074221533,-0.0399090666628786,0.867449674545387,1.71457542462253,0.166888173492179,-0.51468900906521,0.481492177420456,0.815696567663216,-1.05830179212635,-0.668903384034898,-1.0141650252544,0.0882149630614932,1.48695600071731,0.800745199618579,0.316683837757004,0.219982982893615,0.748957838335608,0.902612677626165,0.221027250800462,-0.381370067779819,0.0235432472937464,0.851205452510136,-1.22482627115392,-0.952157352961732,0.887649490021399,0.604682016406119,0.795676486638607,1.16100646722659,0.633906299534198,1.70697515197345,0.354546942901741,1.19685857035505,0.608142280147377,0.638804819387417,-0.00697824013691176,1.47706894235877,0.0408226137217914,-0.0556007071665263,0.639623050233099,-0.0409043057503814,0.588729234290953,0.683543547979898,0.596438424057467,1.03946110995834,1.32255137899185,1.35266327490489,-0.502745573186657,0.00195443483312158,-0.435337722326585,-1.1733415598468,-0.992284179712583,-0.915408157197546,0.31607694011739,0.289824173310943,0.495446138116678,0.756183206014435,1.53836627424535,0.737800949150175,0.702389614289738,-0.376437595026885,0.524623493708881,0.257410862403914,0.57919265806064,1.02815219567909,0.772570257953533,0.904195644853471,0.816047672333351,-0.657980309988251,0.306832117806978,0.473010722121477,1.39483074128672,-0.374233221500538,-0.582672695006802,-0.580371245134289,-0.237560226739892,0.471176819613501,0.615835399807738,-0.654721674413646,-0.696975780038334,-0.24372162619791,-0.459625624576821,0.525190748214651,-0.428151690219613,1.17943538451568,0.334865509882521,-0.100438170432439,0.565382489349091,1.38212176228033,0.203712474677974,1.94431661095685,1.02867911375857,0.0963953940810711,1.64394139553518,2.09152833809572,1.83314494131545,-0.736629112134118,-0.985196918307434,0.562891164160205,0.597584471436938,-1.52171771863659,-1.09538086585981,0.325160055435451,-0.357807815979758,0.772768893405637,0.570792116821578,0.666663726716405,-0.680915117957788,1.51625172121508,0.732166759238502,0.754027200882888,0.142650898115652,0.0991545613748808,-0.293682819068727,0.285303747356217,0.278675521014916,0.934390136358793,-1.18824903575446,-0.979600454000907,-0.690042998549239,-0.538034166651943,-0.453249251336914,0.551882900567827,-0.646762143009384,-1.05284841785437,0.453160041319594,0.292022754608017,1.17139735782972,-0.0162025164905608,-0.162786618716829,1.2903064801886,-0.145414156482627,-0.153162146434176,-0.649878170128145,-0.546333962064764
0.244528709886167,1.56618169253532,-1.56606348845552,-0.483185355810276,-1.84227469996173,-0.664578494617066,-1.15281579357654,-0.750666924981616,-0.454279774981024,0.134527037405981,-0.0297958048308818,-1.46613521356675,-0.268825286774367,-0.270685031593116,-0.992304121501,-0.472764809355073,1.05180267299051,0.103848653958967,0.110126815365152,-1.75629738819226,0.673757354866543,-0.835522923019142,0.0875364162256717,-1.48875637758145,-0.54377681668545,-1.21479334629688,1.48435738598083,0.354446929737347,-1.47264766281069,0.411491128154688,-0.317885825810924,0.772928939603307,-1.57766664925165,-0.522564605031836,0.0943173181442797,-1.07701762764658,1.06994554083936,-0.0926813253969005,1.74372713233398,-0.280527281864448,-0.45133264422792,-0.322194804897523,0.0377172550698977,-0.553960143994002,-0.0825603097599628,-0.301187134704504,-0.316007294220317,-1.49093345759749,-0.74696847256029,0.042780729186513,0.138873906105145,-1.60967028193553,-0.919829568330691,-0.257686778770479,-0.84896625467812,-1.20683534521826,-0.990535288074549,-0.925183908873927,0.721323755507743,-0.903294662462812,1.38023436771119,-0.282382097637467,1.33759215839901,1.5116975878655,0.0617090233732536,0.979944481321394,0.275472147652244,0.249378718095057,0.0988042367327367,0.138038696735879,-0.514310347751032,-2.20129738906326,1.7591737558881,1.452861693586,-0.886397866554414,-1.33781690337175,1.92213491221844,-1.60075512806591,2.65753950590232,0.866475978452563,0.0252716820499666,-0.861774777712755,0.487774031487123,0.176653849091097,-0.44090942905589,1.59451762533272,0.663684462327484,1.23513320763253,0.467278067535189,1.89019726029279,0.713733317076742,1.3205097620062,0.955920771382528,-0.78439403774561,1.67036264638428,-0.41797375886689,0.0964573551795977,0.354052073337055,0.0753567509537313,-0.169863634239446,0.529397856191511,1.27883437103094,1.47900390226373,1.18179536930082,0.987492345282363,1.73368164086728,0.0846668470121595,-0.410852314251644,-0.145857445624398,-1.15856560824157,0.61016939080451,0.706827295297927,1.02911472233467,1.52238991334737,1.43907831460985,0.0207616268134922,-0.382818865734652,0.796055120863801,0.0846019276869938,0.579483374309236,-0.118552012275802,1.7553669644973,-0.957494989436776,-0.0280339494472864,-0.887664721908738,-0.0918679646294207,0.459347637463983,-0.505219646343335,-0.13340480304522,0.524733049876384,1.76370232853654,0.0241097633422453,1.07799297316474,0.365982811948547,-0.663883764394988,-1.11071605285041,0.850557874485432,-0.0899154592575376,-1.38761858223016,0.755238398573353,0.938749490306183,1.18183820277336,0.750004970893558,0.974994295377804,0.399299043746934,0.675398501313113,-0.0863501182859879,0.817637929567504,-0.156906886435609,-0.36613628943757,-0.90796631145923,0.762387010696377,0.99480057976417,0.481632706724856,-0.878038877906403,-1.0987659924106,0.0778643665447621,0.0382521253781817,0.370196101135243,1.98564257259652,-0.729159026630803,-0.367418370479998,0.946218786296399,0.630526248759695,-1.17980085679523,0.553213082211459,0.241129202952945,-0.765374907510851,-0.231473531059263,-0.0519509449112613,-0.172403845177941,-0.787528611990286,-0.116421583593508,0.818437584235804,2.07666614287536,0.543054086230342,-1.60322536418019,-1.22060691194146,0.67517002470972,-2.1341914609838,-1.58663250262614,-1.32876019814944,-0.324896201440591,0.408926105204665,0.519745344574905,-0.307616278692056,0.667341152712142,0.00590492518780605,2.0959222234548,-1.79466986268727,-0.850141731260369,-1.28020322374766,-0.822139034951005,-0.281051506571415,-0.861564564894421,-0.112827340409843,-0.666346531832666,-1.87935364211121,-1.14255506342702,-0.068010897796702,0.95862088349738,-0.0982903025360634,-1.72868957690386,-1.52331225448331,-1.1766210422135,2.0124207324673,0.635322945600747,-0.856976147415716,-1.25739713291127,-0.746969996019635,-0.444521686588734,0.67067094818423,-0.134440909140416,1.6443287000233,1.67594428119045,0.900718433534639,0.217267973050149,2.11168118486262,1.55775915815133,0.966582073559736,1.14104755610241,0.109509213300664,-0.191044491921812,-0.287509939937474,0.15934483797425,-0.378410692905299,-1.56134723588948,1.83733052248356,-0.513787567440451,-1.07632876656335,-0.207044724845017,1.18234405008786,1.28424556943273,0.105277797018835,-0.136389695313931,1.55841561313475,0.51487646252479,1.92216464014734,1.9549389819628,1.62622983375573,-0.102700600720295,-0.480803955553316,-0.572821608366912,-0.648106621164128,-0.536992695728574,0.693878775369587,-1.02383935973718,-1.46763731539451,-0.55803553162375,-1.02778888501444,0.191537686886314,1.75298711681898,-1.38898035853582,-0.326774528153791,-1.42217916015836,-0.75685263919528,0.417304190082213,0.0221911015263276,-1.28861442153847,0.468962030455165,-1.37176553612817,0.423595007157347,-0.642247377551518,-1.63629595121099
-0.880218867692439,-0.611008082298276,0.158588495402446,0.410153996194827,-0.160810721275816,-2.47931051029532,-0.732659750271689,-0.783209186907702,1.15411384327087,1.18392637130305,0.476288567421572,-0.35654870925243,-0.329957296017195,0.777419074343672,-0.848508251907823,-1.47578345224676,1.68864750257769,0.718603847631748,0.729785475536437,-1.64638341050339,-0.282952940354061,-0.428747096275146,0.287206680280578,-1.2782208066887,-0.11648818454894,-1.71589269676077,-0.562354206638851,0.824757902164479,-0.744828341102354,-0.371617379998704,0.0816378691580399,0.202234091467876,-1.73931436945564,0.246095445756106,1.05347373570768,-0.964957346923162,-1.37954592167548,0.328468499316052,0.794361458386833,0.25010101740354,-1.79946717388759,-2.36734551090787,1.53417770284591,-1.99105986455293,-0.578231058104425,-1.46117946901724,-0.0193155630906947,-1.8817088820218,0.168696147715743,-0.0375799602018626,-1.47170283477273,-0.684145748134811,0.0460007202745619,-0.590464036747675,-0.487677391381786,-0.384922215758705,-0.589130562748937,-0.43087699248799,0.267322299638888,0.331414782346113,0.700219175465935,-1.74165411603732,-0.787634948411767,0.862688526585694,-0.177993540435249,0.248953965234686,1.04129284929347,-0.0382164517412946,0.8067458107935,0.0699359456289887,-0.248127652916109,-1.28842858689828,0.610670684383677,0.322192080289013,-0.338502031336202,-0.94214532257691,1.05825804326094,-1.29504205722779,0.783018548607164,-1.03159563770507,-0.100506662314144,-0.0791290883962256,0.875662915257749,1.32604716367717,-0.461576697496353,-0.13071938759224,-0.788919693711641,-1.39051374988568,-0.722930363069739,0.531980340383555,0.685741447723094,-1.48030201566893,-0.630602949292651,-0.739153820400613,0.101342991843666,-1.44625450347422,-0.295280327734873,0.337925857059892,-0.220784640314576,-0.601923282083191,0.774618804374785,0.439895058903595,1.49042376515255,0.720214402213026,1.19238694026348,1.48252338180379,1.40184196767314,1.34417441905139,-0.16558987326629,-0.272303040886466,1.86020594462412,1.09816261872926,0.327086536462976,1.76117245326788,1.24896321928924,1.4628999334442,0.578375883336343,1.16817321594815,-0.750001617160549,-0.436242623799693,0.121891275623134,-0.292625604715688,0.900207716862035,-0.309213370222171,-0.339127056155066,-0.127448228491022,0.102887958194873,0.581176899732745,0.567792801045127,-1.13876325274904,0.763995936397353,-1.20072410848859,-1.40357635444517,-1.1961500595663,-0.287281408039118,-0.711244565589147,-0.305560723389693,0.804447453501898,0.0212855138046792,-1.07170019113923,-0.169769833614106,0.418222891145129,0.29129143379602,0.931945118855459,0.305447888476577,0.0785579777111338,0.511356174456285,0.315926492785338,-1.74691523314537,-1.000467110107,-1.38214911084949,0.13603931868848,-0.149416946625988,-0.436774990678512,-1.8873982251574,-1.9078480114358,-1.41082550896084,0.0875610946504388,-1.85011468029595,0.908598019533989,-1.11855805489732,-1.56147552373617,-1.40685272007552,-0.186751748963361,-1.5520213654075,-1.41652723095532,-1.30271813865465,-1.6327724511778,-1.42007757865353,-0.0307013343410708,-1.56766203887916,-0.613806691264502,-1.27174334250659,-0.59938842124951,0.985763690493529,-0.3241727604607,-1.24992259185888,-0.241276134506698,0.559075418947228,-0.108407536977662,0.258384375665453,-0.0012955318494211,-0.235382087387113,0.310730176703923,0.566027858926402,-1.0734736115376,-0.785036753921722,0.0206056948901688,1.78600599181422,-1.35828285441845,-1.04688736915598,-0.627762631634408,-0.967700832333219,-1.36407605037661,-1.07342947599259,1.104005703501,-1.24111326163018,-2.55084565542657,-0.695357171362494,-0.108861585512722,0.589294627931846,0.611707021506582,-0.418594192911253,-1.82286586264824,-1.58027826518988,0.606095037509792,0.262556640988284,-1.03413963780519,0.0783701772927615,1.721419192582,-0.0347412625552018,0.0437228070814855,-0.499579943815484,1.37240217748136,0.172906831228819,-0.0296077085699662,-0.176395352360675,1.8762317306774,1.09727734195042,-0.311712465947682,0.281619318398469,-0.739043245755228,-0.66846125561148,0.2004018719798,-0.191438577640172,-1.31536244936471,-0.320671133377468,0.474594719497069,0.220700249326581,-0.793739009474839,-0.536503915535797,1.1012757484592,0.480853842528076,0.666350649023207,-1.84498583221963,-0.428745359936406,0.735620828862507,0.258490253975035,0.280489183854418,1.61250612879719,0.246125100904341,-1.47277930671507,-0.625684069577516,-1.31241223885143,0.104160481298914,0.504560114094646,0.590894432515268,0.712613585050893,1.18782424668533,1.04587065577492,-0.852575140347005,0.378509250730316,-0.852398267459895,-0.499364375316696,-1.2498019737519,-1.069408767452,1.14753310208775,-0.452357371476492,-1.16549170961636,-1.42692744477243,-1.50946290386744,0.609222576760122,-0.282511575572268,-1.02520581046139
-0.298273126924097,-0.933076611583439,-0.883560891479572,-1.6070591428332,-1.50579493365189,-1.0030140102754,-1.55459133234155,-1.01691997721084,-0.830288450115791,-0.523546939283952,-0.213529346623889,-1.40384521199829,1.00572752713322,-0.248456351719764,0.751670089820416,0.787476917354736,2.25064632891994,2.11368543300493,1.57168563400871,-0.108705965338991,0.127095213250649,1.15953929336892,0.627641332928256,-0.787561461185656,1.08179966433902,0.848254104943944,-1.82716222310409,1.15884449134479,-0.15669854752551,0.0925544814477225,0.766321069774053,0.725627635607933,-0.0266027198851735,0.881817491073641,1.14310390387653,0.00839032910430557,-2.44998251053153,1.05452515586907,1.03669103545015,1.14106339556772,0.767985999786345,-0.114484853975884,1.22816316007192,0.306403608503247,1.19315676256775,-0.114446136319709,0.967693246507849,1.61353531412408,0.827219457610326,0.323926570774336,0.518137786692364,-1.42531504685917,0.872112462003213,1.06943210073152,2.13481676034164,-0.796802411728041,-0.440015112649303,1.26120070135049,0.145667752389873,0.109013023104595,0.974409080940132,0.780420524797212,-0.783714166876617,2.23741694104815,1.34761335387824,0.304658211879685,1.47238979501942,3.20744530736312,2.85132923750533,1.49201037933118,0.00827258800778782,0.997487054148453,-0.693322811874233,-0.543218775122176,-1.26540690446696,-2.18558056911617,0.31420231046573,-1.54936555052344,-0.824383569295676,0.200372518682706,-1.26200471409456,-1.03974721624212,0.776833905184874,-0.939050740403893,-0.337318254573286,-0.293799857256216,-0.494964295493628,-0.171849815957649,0.633537458223722,0.217237526079578,0.754484678805603,0.147630228331512,0.765600075430144,0.657526175784468,0.314922241723966,0.246736705535201,0.0378610285297205,0.312633073024089,0.102297324465555,0.419435885019332,0.0811403219737246,0.878820155320287,0.83609723240446,0.925363427137596,0.394684697633519,0.981399845907067,0.555476911771222,-0.0538057715620447,-1.13713759808902,-0.854911885482166,0.0839543176592707,0.297123039438354,-0.337141656048112,1.1542549986009,1.21983777093207,-1.06248851977194,-0.58334067047332,0.688877367210312,-1.52958055722136,0.952125619976251,0.903032166780226,0.520354460113665,-1.69000160804289,-1.53778706575812,-0.944919958021093,-0.792701987666935,-1.02188901213405,-0.601596740212766,-1.46294052483115,1.26913044865873,0.501644810011856,-1.53802885517642,0.471853908087078,0.414023175266974,1.50401532511518,0.623346446774146,-0.79480304185825,-0.0124173890017047,-1.8863038837246,-2.06203024218434,-1.2459717275305,-0.873128675108218,-0.338399684688088,0.326747278048743,-0.187363850523825,-0.147950183293272,-0.155456012889895,0.652156295361272,0.20856677750856,-0.282771230141577,1.04829175683926,0.67159033661391,-0.592622892733153,-0.109082075129243,0.0519487381756808,0.0613250420959345,0.275622106115094,-0.0780879448843835,-0.296796190205616,1.50206799926472,0.627268449684402,0.610445007954362,0.0691801298974159,1.96032702290898,0.109658209811483,-0.165860947658818,-0.046154730981531,0.512379017744305,0.619820158030811,-0.521450864175894,-0.100866721617922,1.2094719142298,0.337076141418228,-0.194574852501967,0.276225124857418,0.912874192545714,0.311810711011026,0.30001079216145,-0.296910661745566,-0.291367466524603,-0.164205317689119,-1.6654792061988,0.398358616587266,-1.40418086123016,-0.95510066477115,0.261587204914259,0.94263518442331,0.275044558763837,0.404184013100194,0.924024945106373,0.701619753398464,1.15690259767409,0.61577795357695,0.752040413481,0.390889736674779,-0.586394414101154,-0.623190724083671,-1.22719737072603,1.17808774291583,-0.354992865013408,1.23850081774864,0.186607276641209,0.713313008241215,0.894224716865609,0.509276421966762,0.297338644019835,-0.461359662483682,-0.0269568429344758,-0.304576196333518,-0.432200285773286,-0.167144951234185,1.49655772541014,0.139332683850189,0.551362959561345,0.158313571644236,0.209812745794085,0.57347692643247,0.39672152355661,1.11483323090169,0.222070618585747,1.12464235165063,-0.980302555252323,-0.296013993081465,-1.14274019665358,-0.0892294901077627,-2.42003655715364,-0.265187248244954,-1.04648566597483,0.444128487244359,-0.970406965260624,-1.19485798556001,1.23962798305303,-0.941591481153944,-0.390996611368777,1.58990441522267,1.13942005653303,1.92627657971705,-0.418055684391658,-0.528240183210891,0.875508111796551,-1.17576307270394,-0.78159680871973,0.133897928047492,0.900786204400307,-1.56228261812115,-1.03923355042892,-0.946889564728002,-1.14809421251171,0.295671476682099,-0.729855932978467,0.283926624568326,1.1198439858389,0.114314487727587,0.492915461000927,0.632305162508198,0.991903489384692,0.991722640457989,0.834173777691478,0.534412321347652,-0.105441510923134,0.0687633145549397,0.991957964997455,0.987255033033221,0.609581708461417
-0.521542454932409,-0.963223279934779,-0.448632072508496,-0.836370073064257,-1.4847206389854,-1.50798362198039,-1.72372990189814,-0.685551870287382,-1.02876329729575,-0.122612143598816,-0.189713821985491,-1.50494223096975,1.21540893483407,1.38313770272551,0.75314673900142,1.45250352673094,1.58627229293696,2.39110219694074,1.53024006162389,1.08906205027093,1.97987740530919,1.6509517840121,1.87204750802887,0.975101198037178,0.971417559987991,0.787588053345968,-0.711212465269818,-0.141024899134743,0.545638954995717,1.29951120073793,1.39811224573475,1.02388498403903,1.26895258503833,1.64553666448284,1.97937532874072,0.446416274117772,-1.64866371215937,2.29729066937787,0.739659564595376,0.0646968838344469,0.805855787148768,-0.0113338067045745,0.401523953572125,0.296368139139669,1.28437228064865,-0.0379478499652161,1.16774315746806,1.06670738003018,1.45776499293273,1.77756913530511,1.19278021169226,-0.799374529251127,1.48462078654485,1.35363433925959,0.165450181017726,-1.26272768118547,-2.13988682925616,-0.563051847631549,0.128366622253431,-0.484194832987408,-0.0463147948689032,0.588777711117075,-0.417859159482838,-0.727759013178906,0.83649820058449,-0.914055504503514,1.39615398580834,2.06791285938298,1.64371805448576,0.407723164378404,-0.80042406898209,1.05575976493712,-1.77235299431982,-0.901067500945044,-0.836727064796092,-1.06318075520188,-1.42807054372526,-1.14477873749415,-0.356869894132821,-0.817243726176864,-0.438991310738168,-1.01908991186959,0.540222705894672,-0.720016609134782,0.0398084304739139,-0.700758682498524,-0.448625102707001,0.0417370506588925,0.418704379404273,-0.0329988893507716,-0.232482727436587,0.815468039724111,1.06272458069754,0.652529496231189,-0.319994071338946,-0.0859374330764068,-0.284060842017458,0.173694386519078,0.299380343983297,0.475820398340016,-0.395800512149593,0.424168591091731,0.180113315621955,0.171500673089039,-0.270909880386486,0.246636623721775,0.15969541539206,0.319622578695548,-0.363924423837197,0.175114639339623,-0.32513107795841,-0.438500488024438,-0.982740392969271,0.363074279578152,-0.240988007372152,-1.1110503572925,-0.4236193696783,-0.668956217471148,-2.56518316341488,0.258015822032674,1.57002877735075,-0.632908839019895,-0.967404706538588,-0.986813990885398,-0.88959984058776,-0.289796283201932,-1.79797512335361,-0.891391187025498,-0.52701654998129,0.897381402981647,0.224873320922817,-0.804983464337438,-0.102255831552803,-0.13932343825115,-0.0580867772720718,0.797385736542252,-0.79719331848933,1.52925603105557,-1.37341567952157,-1.94829470104231,-1.2680414971433,-0.858616271982499,-1.11269907965075,0.589590409128437,-0.293524928503033,-0.831019842346077,0.763904464759637,0.280068268160708,0.0809456528238589,-0.857795641716173,0.525433665130671,0.615461534056351,-0.94755180538631,-0.888596512443482,0.49213846574549,0.314274692757014,-0.772563639373506,-1.16947181366231,-0.646640461418883,-0.677090030806834,0.510014655126427,0.283795085364466,0.722485928543283,0.629719270490149,-0.787704243737993,-0.586183951370389,0.545684845286402,-0.793173256963979,0.770410840596514,-1.18931941104322,-0.233285711865176,-0.583273040694049,-0.0481959257659609,0.130394376982456,-0.180433236089636,0.00597369595589808,0.825290759900316,1.19752002281528,-1.21140070013038,-0.25702672534622,-0.0569160666673858,-1.21826758756115,-0.484610144875294,-1.53345879156703,-1.41012053863574,0.333675240083693,0.400933295017262,0.299306885273109,-0.500541984551495,0.482136742406089,0.0186303763167637,0.433226511192224,0.688929072174053,-0.16998398608308,0.414198717247252,0.341152729843688,-0.233962998586408,-0.792142345053041,0.4782828111423,0.569023207525388,0.265871114495372,0.280094957815297,0.777254340050703,0.640210326533923,1.25902513991771,-0.809858123081556,-0.286538342071462,-0.914047937301774,-0.525281971220473,-0.40828305207214,-0.356143812435407,1.14615140508173,0.648198494976184,0.106127168095762,-0.413495516562277,0.262372824360948,0.518751352147206,0.307596601361985,0.277524068842392,0.00556158194057296,0.57535130983333,-0.348099671754406,-0.679109303208086,-0.407743138569954,-0.0915494822555225,-1.68497349300962,-1.16396485423446,-2.11601289942531,1.04998201437175,-2.03754919266947,-1.41767171958903,0.264570050479966,-1.54755736908603,-0.352119089924487,1.00682346877192,1.2778783569471,1.33511527043737,-1.14573930997275,-0.930814071550708,0.304893105440315,-0.724845402806189,-1.15910851918454,-0.376483816237765,-0.108301697761131,-0.375507225320582,-0.917676079570844,-0.629430198300093,-0.393838134976289,-0.634721940279918,-0.267085280377148,0.955203279574597,1.01498110988792,-0.74145896954237,0.385583857859849,0.770294300624878,0.605076323340404,0.50202238882653,1.43469428877786,0.706424044684355,-0.308030689166039,1.18071381321089,0.326061107222367,1.47968462653268,0.256061692435608
0.24362959153447,-0.11998623657362,0.548985621614271,0.427938931287247,0.385812125495068,0.973079823448082,-1.21887141413792,-0.247719746591203,0.103907315490958,0.500133175663635,-0.0690630191616038,1.14354421059934,-1.53570708485744,-0.33640187502694,-0.235776068339312,0.414027678596959,-1.47139844480637,-1.24472023828251,-2.1074906342347,0.231005457275811,-2.41178359004385,-1.72022551815599,-1.67403190301424,-0.289796183470031,-2.09409948446195,-0.853992533360357,0.82361647554155,-1.47836835411824,-1.73359285699214,-0.485650768788175,-2.39635283157583,-2.53409419650074,-0.491409358749407,-1.2918264988128,-2.12537028526478,-1.24639834695682,0.454793835130755,-1.41653330901779,-0.608644445400996,-0.725167078354342,-0.237755217948412,0.158192321198983,-1.42644623780144,-0.648359366966916,-0.216737777421403,-2.21373320544782,0.579351128093773,-0.9295569715234,-1.98643642424379,-1.49621358812511,0.416752078444573,-0.525120137275337,-2.60592933436239,0.136200979223352,0.374295090179151,-0.816067056267609,-0.132266560757811,-0.40808732370172,0.791799979234388,-0.361955848233054,-0.997917405800233,-1.00413303409748,-0.219670393672501,-0.247961271878889,1.94347934518247,0.652658556472412,-0.849447379404141,-0.494563432916239,-0.165659500533583,0.629196166185697,-0.0610432476875168,-1.57076962060656,-0.396960399872317,1.05378790869057,-0.338096838443096,-0.907385006692184,-0.278407106029508,-0.542904028167262,1.35551971654353,-0.0249455852661195,0.318489114671898,1.37197704739229,0.146546753526066,0.00160044338681384,1.08282280665642,0.780921539927408,-0.185761232973407,-0.212829897247012,-0.0430721907809037,-0.519260891699988,-0.986665528076226,-0.267997970988586,0.542833839842551,-0.799571195831946,0.0513356397668372,-0.706151668576128,0.153726408156815,1.12566985819545,0.843591061746443,0.647311274976081,-0.151189789054705,0.471633015493381,0.336371742217791,0.0541238648562414,-0.0543348991012024,0.0720721123825916,-1.40886517375927,-0.90302326282147,-1.91819138553118,-1.88073968430256,-0.67140300629775,-0.0620916650798974,-0.16216427828107,0.61860513177197,0.637425327432515,0.552078019087703,0.358496781866258,-0.241107403039499,-0.718906319100383,-0.272450874471034,0.283575058873197,0.327257901383582,0.567037412395035,0.230986775538832,-0.0949867042671694,-0.123928733342677,-0.699848400661762,1.41735204959262,0.213497914763314,-0.00546233862677688,0.324764545070301,1.47400901962465,-0.381084274459638,-0.409971233434741,-0.715973372972028,-0.531116560530873,-0.160191537536443,-0.709518914698651,-0.244766973899587,-0.634876329181053,0.131079475896665,0.601909583677344,0.507787794366058,2.07582123305964,0.0785053442459962,0.229831208882217,1.87487721754757,-0.457279694346369,0.395138927225279,0.124782272722502,-0.17112154264582,0.447367498285442,-0.318139054060897,1.01140529973129,-0.19250370349988,-1.04390033967187,0.643648109237393,-1.30655910383812,0.318145279553818,-0.395237002839323,0.174726936752278,-0.0963101643408805,0.13534482291487,1.2046658576422,-0.725280069187622,0.115682595781795,0.410476938778616,0.0482346055901013,0.779023261488029,-0.348310538492796,-0.382748069687493,1.03098301692368,-0.477176272024803,0.677777426956066,-0.788708481329081,0.504665552024439,0.364898275767475,-1.02110669375112,0.25185472308551,-0.063449754985965,-0.485096113647341,-0.135656103742285,-0.568744949412426,-0.812482947204806,0.143553882522633,-0.214839379585237,0.283351719571609,0.958008407408565,0.557393278187678,-0.37654866774053,-0.160098714151989,-0.761010196761025,-0.549314819379826,-0.222262727276785,-0.192787799843112,0.589909936931378,-0.823836460374183,-1.59465937618952,-0.793722032439065,-1.84893472748776,-0.172061416908448,0.52776767967541,-0.164613409466103,-0.310141742791724,-0.354846769046023,0.0499737779735586,0.64715725861469,-0.360702999044487,-0.665867460884589,0.63087693274325,1.51205283699912,0.511774202282549,0.49443776938834,1.05575187012945,-0.284039178784949,0.416958703106832,-0.492338925432952,0.212244375305619,0.169408430210241,0.0677633849774196,0.0598307054232092,0.286606132000961,-0.10223902893773,-0.0937195900554256,-0.287480900358561,0.252391441262117,0.260233833401729,0.301750927968514,1.43623526630906,-0.900726318225617,-0.949008160694016,1.36975681078001,0.260732783834068,0.370249497669462,-0.441657099765627,2.16638157285175,1.34462253728424,-1.36155550550637,0.155834950548365,-0.594150720340744,0.260573736907044,-0.685699176386105,-0.0633635593112108,-0.038565439810411,-0.72843761074818,0.0790708630661607,0.814614513737948,0.0476969772586917,0.900070172952076,0.088328014426788,-2.16891544515017,2.94849833245255,0.371997028838378,1.47807480137546,-1.17562069921263,-0.586825307619594,-0.313331736924644,-2.13219925967885,-0.133956097594723,0.0470397174523469,-0.792925448507999,1.24658843252093,-1.4610037176753,-0.666188185079327
-0.894719839085184,0.209323218161647,1.29925220527107,2.147497337813,0.148043964830714,0.310027534492354,-0.45188949570741,1.2236214229262,1.90493111377559,2.05306340805096,2.24565902797323,1.02288514855294,-1.55130370181916,0.582482072279626,-1.87665482339548,-1.74625733923306,-1.42130780462621,-0.828604742753533,-1.2628429901662,-2.29238265004904,-1.31019761554228,-1.31763190658964,-1.35251423283702,-1.04842016393386,-1.39162599994058,-1.50835203485918,1.13633833043524,-0.761598496848249,-0.0231862710589847,-2.70223708611296,-1.26138057709195,-1.07688015679557,-1.8950243901008,-1.66284238209394,-1.50725476237826,-0.475914679322871,0.764775655225901,-2.27999205833629,-0.0279765589515603,-0.647424132339886,-1.57486001075792,-1.84152077398815,-1.5855406566794,-1.15689438732122,-0.334397722893817,-0.922827946428766,-1.59584986316449,-1.74032154385054,-1.05012078778571,-1.94156163392489,-2.60209175897537,0.302132436039576,-0.686840907772339,-1.9077750278404,-1.16668171148664,-0.444492220943413,0.51783782139586,-0.217817090778876,-0.537159171226449,0.293560369556005,-0.479031502882959,-0.383519865128815,0.104392041764076,-0.139894873302021,0.308103612470427,-0.321145048290502,0.891187780967678,-0.735228606831713,0.0681891134323783,-0.767540657272789,-1.43719908373832,-1.07732731475569,-0.0499009323736151,-0.105888603105062,0.412926767342932,-0.147386974608366,-0.559759537625663,-0.400475967990998,0.797703403479611,-1.12171435553963,1.5942242348138,0.917236297132237,1.22718510345979,1.4211615987057,0.386088694507056,-0.849948725633597,-0.649799359728602,-1.88866563773239,-1.96507319932878,-0.164144423210369,-0.666847404580212,-2.55797699166898,-0.952955804012035,-1.50923877847497,-0.537128643345956,-0.387427283451075,-1.01765686037282,-1.77653562242566,-2.04521548753396,-2.30385024301102,-0.0319486620118603,0.64796096136206,0.27674350481218,0.0919321980669909,1.31776268518391,1.06058859801605,1.4890709392421,1.38419397253644,0.215565050751137,-0.0125955867114305,1.34656270286265,-0.322914417715286,0.369269571749404,1.51728861600041,0.278763028040083,1.75268705666012,1.00326972013577,-0.974942140414403,-0.191806058410201,-1.21520463988078,-2.06828860902853,-0.0312619396761216,1.70336656055912,-0.0406234589646683,0.0877935966423602,-0.0438049045628511,0.0318823117938522,1.38598789299988,1.2827713332438,-1.24210219947304,-0.807903721091775,0.409754576118627,-2.06813178595591,-2.13951242902213,-2.15553154688361,-1.10759220942242,1.23645566700635,-0.873052431877405,1.55612318485833,-0.755119601788993,0.662903557747599,0.591801495533415,-0.712374370768324,1.86765694376278,0.349178238347772,0.17648850082576,0.752767944003281,-0.87205057006894,-2.12079765171127,-1.06657116378476,-1.37977691678198,-0.800662040043196,0.0892747443717301,0.416933414253246,-2.28173368667686,-1.74194021490475,-1.31488077709765,-0.830452491201271,-1.77076987402564,-0.745469029745093,-1.9833752650631,-1.79427186937805,-1.59385981045565,-1.34316627231511,-1.78360624983906,-2.4972783428385,-1.49552574861524,-1.65297676802166,-1.61637556090638,-0.0515028503771595,-1.17441633786937,-1.00569510247979,-2.21038212737341,-0.14833155628153,-0.00870859336776027,0.231325702390328,-2.01326855358852,-1.86317825606569,0.622412474826569,0.52916628588117,1.21496906208491,0.0503276839786815,-1.37914193844653,0.0214812356098167,0.795329758750758,-0.863348985758003,-0.834933918704459,0.0628550094069183,1.05832917694795,-0.759721904874811,-2.67519735497286,-0.933943174213747,-1.63369636832237,-1.26617765483377,-2.55950494741604,-0.870169374140608,0.442549701479957,-0.0266476905608371,-1.16918805516366,0.736265086834581,-0.225423966293753,-1.16134004153007,-1.41294425830879,-0.927721042259808,-1.04433049293422,-0.541207209505162,-1.27807700004987,-0.423789644865218,-0.881264304099337,1.00836725657056,0.172984884660474,-1.12681877466905,-2.29446723393099,0.941246860172663,-0.817883145340158,-0.578381148523414,-1.53805032628362,1.16934646985499,0.184875010734324,0.105900714137399,-0.247403472702097,0.601279847780483,-0.802356863352043,-0.103868320361178,-0.149065240932755,0.39105719226312,0.0158035419799047,0.0653425558122088,1.06234299008865,0.780993525101198,-0.122740315612568,0.408258661173763,0.838112539988584,-0.250458731287294,-0.261942374831878,1.10697996743533,1.16088957060126,-1.47493421376849,0.414045521121672,2.405098131635,0.416214719071845,0.0141554238552588,-1.39399813313029,-1.57332119276227,0.169059934883869,0.952810731455915,1.32193914117108,0.831049041950468,1.07614427179275,0.999566532592761,-1.72823474145901,0.72415066528617,0.693144045960687,0.133109179260435,-1.42160894325915,-2.52940786579012,-1.35641290179443,-1.43835210415054,-2.75658231638828,-2.34140957304036,-1.41422097198936,0.225458492373005,-1.92926460061987,-0.593685433485891
0.15561169571697,0.682227759492767,0.981037204990746,1.53797820471574,0.728699843085181,1.29498419997994,0.200301363939872,0.686610196417585,0.751998531825697,0.822619377947713,1.27972306795889,1.56464995740603,-1.62599438026103,-1.65316680331763,-1.04363502379174,-0.651723153157647,-1.21565994386283,-0.104531888275209,-1.09149741959813,-0.743215635244095,-1.03336328670146,-1.21009946328733,-1.37907849468602,-1.30873636476113,-1.41777476413897,-0.537745930885537,0.985861461224707,-1.07967895529677,-0.582028397401041,-1.8155024284041,-1.05670141537187,-1.64795484947298,-1.00882649743773,-1.54966380701329,-1.51896039676057,-0.707023660799071,0.748881548680013,-1.66691188023651,-1.53843204322962,-1.25475030317883,-0.373882483961392,0.41763118579267,0.126407214188392,-0.829635712914473,-0.71931502172526,-0.32812040575082,-1.18423826235154,-1.25548843051317,-0.790983152928756,-1.50949441539885,-0.906403685297176,-0.685246680137715,-0.954921048608027,-0.641545183812317,-1.26827164518306,-0.835076697290655,-0.619570793652362,-1.2528289877672,-0.429789620125672,-0.54853662223652,-0.392221839077562,-0.434652706427984,0.792845216101417,-0.0131716927378888,-0.149945557748041,-0.425325949714367,-1.62840580426859,-1.11530850225673,-0.936323568620824,-0.288031852873068,0.00588282198012815,-1.15819598430179,-0.319933687746435,1.0762461315985,-0.177121521303177,0.443314312145536,-1.02809002163843,0.196807514030537,0.542980787088812,0.206182340758642,1.89022933366275,1.80530890554529,1.54010285527048,0.970508507516069,0.732215232706737,0.767513194747861,0.63091062736043,-1.17095361685583,-2.63933875639726,-1.55442770185533,-0.570647515256601,-1.87703579324555,-2.00903714079088,-0.842600686341026,-1.40553130409632,-0.869169514725768,0.399293984676367,0.316848524166951,0.343841925408121,-0.13784094399561,1.0702252289529,0.309658109081874,0.155505071323345,-0.338373610430709,0.0411238110710816,0.0839963622285622,-0.872679186807041,-0.186715696571183,-0.860718353451572,-0.687312820816662,0.31786756268115,-0.227101249210553,-0.161600617067045,0.0737929211659647,0.584242279699634,0.771686109890577,0.4809424005326,-0.673633574175786,1.21728994389388,1.05502300536963,-0.295559572850413,0.239942009448957,0.955587684300935,-0.879716419523702,0.299420489783136,-0.233216310214557,-0.615236504304368,1.8625824484737,1.24384822220818,-0.916776287224445,-0.794196171461812,1.03149574481237,-1.73499539980217,-1.53327384981715,-2.83646211223207,-1.18969192172746,0.0667257539968526,-0.895499229245831,0.182141338330659,0.360048486033633,0.793175061716538,0.601293113745013,-1.00837429534886,-0.538487987412424,-0.883692758784302,-0.965108789537438,-0.0842939567791936,-1.87305096188046,-0.719840235944165,-1.05571018521598,-1.06908286935123,-1.522881467852,0.200337652874393,0.461240059392856,-0.788595780339651,-0.895918237543117,-0.651573760905166,-1.34901582681829,-0.614200370086232,-1.97825298780497,-1.15810438299093,-0.766529126636951,-1.1379647683041,-0.588450969870028,-0.256513373349501,-1.32135370969719,-0.617396315916295,-0.161154775807224,-0.817279915511588,-0.71646001767905,-0.720013903708732,-0.202042360009021,-0.312717504350885,0.238327787912739,-0.152394982765064,-0.327644733384882,-0.377561679276904,-1.02476519798288,1.21100492569364,0.798606218025319,0.666395652206364,0.819710272687454,-0.746096167009743,-0.306437959841308,0.21310220729823,-1.06389411246259,0.0936714228233836,-0.713532332845778,0.0443638047677689,-0.730921365549802,-0.967089165579914,-0.734346000219329,-0.359112256019935,0.0691814785369553,-0.56913925041637,-0.199838987716255,-1.17929877824891,-1.05930850452631,-0.944888515067964,-1.19033258060624,-0.447895417666345,-0.565727448558517,-1.07344868573443,-0.889254742206996,-0.552706750261469,0.746851294505689,-0.593658306905706,-1.89451349562987,-0.615944047606808,0.50191332263338,0.913462456367236,-0.317943249516899,-1.04361354699216,-0.374507973945592,-0.4447326444922,-0.225919733753299,1.17375794347964,-0.487438588216226,0.103437088041577,-0.632129980058424,-1.94215192528658,0.0679516725955218,0.375800462312681,-0.209008497019682,-0.411269154717851,-0.640207453999443,0.0306805036403723,-0.138811389613642,0.0576563654383084,1.01151828297879,0.180323827249084,0.493029148676647,1.26064040806956,0.741838725363288,-0.896594073255399,0.880141429808252,-0.0734386001253228,-0.467350583213311,1.62192654794617,0.0204032323697806,-1.49597743063271,-1.30318100877129,-1.13948064520254,-0.380048456322798,0.405754533979472,-0.503783428852111,1.1798043538481,1.39934564558232,1.36530545362185,1.2982482779785,-2.08967724850769,0.25627438082871,0.703096790393371,2.31405892884519,-0.988148261713892,-1.10730375386417,-1.41025035003467,-1.54463773858143,-1.24267924473326,-0.652461291573345,-1.06032271492605,-0.481627359239933,-1.35453343840242,-0.208721387996087
0.218022421111794,0.095767791640032,0.579620739992338,0.738262184254005,1.0243595276297,0.328622440177735,0.813836306866788,0.0491721833536337,1.23758640683785,0.874554297429094,1.52306795120694,0.641236364305129,-0.1735980192306,1.1014772051515,-0.765569869656382,-0.462376849692087,0.145630122264312,-0.284808778185347,0.322134916831294,0.261356358381988,-0.185969251858876,-0.121409462424842,-0.0388738154798244,0.543071955661713,-0.277240092911965,-0.930000526642344,1.01918635635525,-0.195929202170226,0.0806363248551047,-0.628120783584527,0.0600381785258763,-0.321679371054221,-0.055775814196411,0.0496528558563633,-0.20019628563815,-0.199219701664063,1.4199403209628,-0.753049013805602,0.597461766658831,0.182277324881092,-0.830868655960048,0.0275246022798429,-0.716854129834341,-1.40908303922859,-0.00736083245349552,-0.80935175556779,-0.48027767747538,-1.35464045692634,0.203573872068341,-0.315791108925554,-0.4472542161852,-0.718017450641178,0.134610548729429,-0.580541159041803,-0.959901313336947,-0.906081480297144,-0.607157314677843,-1.12621770384818,-1.82467487873394,-0.741227486915241,-1.28742407955708,-1.22158545730662,0.132290695941129,1.57776387665637,-0.493872633611553,-0.431533242304724,-0.255343312302013,1.5958589281638,0.515015106555817,0.144754481148586,-0.383695332162619,-1.05051612261422,-0.587927223126498,0.631341087623482,0.43231672813592,0.355628044258691,-0.785688524662316,0.0323886117026129,-0.778907891627887,-0.678059515827344,0.933478459755254,0.816366592648469,1.60730879629581,1.03459831433242,1.26999133698839,0.540239796856998,0.895646911228514,-0.24985920216883,-0.957891156159231,-0.393563012148543,0.647545675275953,-1.2180001426117,-0.873337025260587,-0.514873638819696,-1.34545291127268,-0.861812230746511,-1.21014221496518,-0.897689867717184,-0.465943222728701,-0.376289055422632,-1.27386971639904,-0.179917554322125,-0.820377896416918,-0.496124978854827,0.494813446545704,0.314540449569639,0.0865068081605281,0.81557507509272,0.149719193093206,0.695467772060231,0.982015900587664,-1.63199895817891,0.605373315517883,0.37235149440669,0.374939650550931,0.536127405304948,0.305984957147156,-0.0619243555777422,1.66478614147585,0.263580732451392,-1.15945543700133,0.520605181420761,0.286154073177367,-0.0183381969293626,-0.216511624242747,0.415858517659984,-1.114992537283,0.700231315911476,0.503321937854788,-1.21482946375541,-0.375839861697559,0.623135622189334,-1.20865392881914,-1.0029876547489,-0.852520768521532,-0.410113502074318,0.26807462805663,-0.597917140435199,0.329451140505872,0.752136942502082,0.643397945248843,0.361869715121423,-1.76385298814514,-1.75736960555432,-0.461638541875966,-0.743450339678002,-0.201602163629015,-1.1528837499807,-0.641041051001368,-0.308209376301662,-0.517852230089038,-1.04341889733241,-0.0429867216769516,-0.406747017872307,-0.466069643455721,-0.665948147070657,-0.783631319302034,-0.545804042155237,-0.723229059455146,-0.7536608166451,-0.519087001374223,-0.65724213440665,-0.699862285147093,-1.34321759320036,-0.30455726780121,-1.05197020508597,-0.346375177141244,-0.352586364927547,-1.50468654726965,-0.337631548548082,-0.407638331858701,-1.03479842859045,-1.1300685244109,0.908823292268545,-1.02415569559367,-1.06349464714508,0.0463822491585414,-0.565053961454762,1.21909481859498,0.985638436808277,0.551378479715572,0.367366875945631,-0.931615632205879,-1.10390330175014,0.221121857828027,-1.51770490366603,-0.114160764226297,-0.671103169954091,0.179401559293833,-0.661159718774469,-0.800548138966201,-0.64933201055473,-0.639444909183527,-0.803681379560159,-0.649926122482462,-1.62292504903434,-0.190062979002685,0.218884641091251,-0.768620368230192,-0.532844206906557,0.107456248681754,-1.52035499390671,-0.402888909713905,-0.805965582461616,-0.648540183463767,0.635956727478668,-1.72491452266427,-0.855872676218444,-1.36652787938095,-1.16504144768698,0.814869019530281,-1.6615758268145,-1.14483091872719,-0.062085054578175,-1.49001553269133,-1.62083457029245,-0.616842397171917,-0.141449365777045,0.643090514611817,-0.710545139734935,-0.0266422196622864,0.673748831740803,-0.0889037900283159,-0.273907843616741,0.161050822837313,0.686692662631415,0.320789312594471,0.213573561865319,0.124757842692379,0.374425285158667,0.908873748152398,0.286592843610686,0.759394614825577,0.534557024862365,-1.12093947850377,-0.464582072939381,0.182272078845184,-0.501083759509073,0.935808803517438,-0.211506159094943,-1.23009537475895,-1.21580070709076,-0.920641944540109,0.0612115054295764,-0.389967053381771,-0.00798167233753201,0.561681608949277,0.345369404995451,0.723335017376284,0.208951138547646,-0.946011611808861,-0.730774202065763,0.129360866264998,1.0207959919643,-0.909184767552734,-1.23395079278724,-1.78173340962649,-0.513589014501895,-0.732324050908033,-0.980720895029186,-0.0568090083637282,-0.988207705550596,-0.102934088104469,0.441047741377371
0.537694813041394,-0.924382048357278,-0.222750392629785,0.264292019439707,0.0441928432304342,0.0878709783866247,1.37698692414771,0.875239310391467,0.0601609527613667,-0.301329876553163,-0.119049140801716,-0.00134724256044154,0.409023887264215,0.807312807610284,-0.825579704067879,-0.827933805059308,0.376296209644867,-0.0569181366916424,-0.44971824672108,-0.211834722520973,0.330988821092829,0.0422010283592407,-0.289181281224313,0.573626648612232,0.249052501078284,-0.695246370948704,-0.0289317512421398,-0.367370032301176,-0.270529931494572,0.0861000559168491,-0.379980021284567,-0.16002447916303,0.0577866600737047,0.167315765731775,0.487942203541105,-0.465769869649119,-0.118409700584509,-0.0253848532695721,0.00148843833995014,0.0773760882677017,-1.41500900759535,0.257599180718943,1.68191610076115,-0.499601963148481,-0.196071293780795,-0.226193462995393,-1.31790272587959,0.0412960785908798,-0.109566098866028,0.610583948109884,-1.37874771089785,1.3618007417151,0.254127146339959,-1.00619767723276,0.647503526883575,1.14894470957135,0.434208680037964,0.793511791377576,-0.342663644599451,1.24433040528806,-0.609034397748553,-0.536657871114891,-0.731726282177596,0.827337062360291,0.136712662371755,0.545065879232366,0.367346423792696,0.963029890385098,0.929325517014354,0.322389246187608,1.655652692233,0.4470977671107,-0.0965399249317093,-0.0150015447245712,-0.373349538109051,0.454387546959132,0.874577777972286,-0.060090682411729,-1.42908015863265,-0.816144131231404,-0.242883791778643,-0.534881875925436,1.02425411571362,-0.110455741380763,0.559583241301194,-0.026876300177557,0.545000603432008,-1.24446299216071,-1.34332001896991,-0.315164083672713,0.919780191779559,-1.50691938939576,-2.11689466161596,-0.923457154572763,-0.455428359263127,-1.19896090223165,-1.28770227928102,-1.50808259336806,-1.22188878077703,-1.19743383048218,-0.0241818075423034,-0.695454207873059,-0.861234984080636,-0.327810355578907,-0.519860572508399,-0.175943638502013,-0.163193094693527,0.0275162559482296,0.802288309950243,0.996560726486408,-1.04070451166573,-0.406211851905694,-1.14481389753208,-0.211836851810512,-0.311062816121412,-0.557946127733987,0.249238546582614,0.128194105627671,0.0758511643479048,-0.0220303308581616,-1.02544924487731,-0.66289967656797,-0.0468071650500044,-0.233974796469616,0.76875977472194,0.483903166888391,-1.74170730259519,-0.3608100511952,-0.473368389916332,-1.69321367560384,0.964476250662906,0.478633482892268,-0.166730049608039,0.736404256730826,-0.336285294778707,0.202430531980291,0.357712714668488,0.175495047405391,-0.0904070822681758,-0.441214781517709,-0.936175623714391,-0.44895751964147,0.799269945947938,-0.619836182802473,-0.295431608601961,-0.719470751579931,-0.76753718065093,0.970126406836726,-0.401274821148714,1.458461960429,1.35735575886795,-0.112442612311885,-1.06035142782523,0.0728735249825229,0.0872762535125873,0.134996446633574,-0.298278896860845,-0.155787991238544,-0.573764457989961,0.372311273285507,0.679268679215001,-0.239810992859527,-1.24705373372643,1.06474128517751,0.675642155348028,0.370113063803063,-1.09998323060777,0.590638014225359,-0.259208690496844,-0.776714946929774,-0.00159762527299889,1.05323783840764,-0.3748214705184,0.0164143184342793,-0.668731965732634,-0.56587456452828,-0.224603125059851,0.0791562218049874,0.254847177122931,0.649612871758203,0.211495221409574,-0.258680173579109,0.465849665092136,-1.35872259628555,-0.998487889814235,-0.285845974808464,0.121291875366028,0.663777891890705,0.0432916942396281,-0.635949002989572,-0.308776598144478,-0.288538350450289,-1.19399735058885,-0.215640572140681,-0.0382532501854482,-0.532438721234776,1.14666501389376,0.898102468022337,-0.787595603429978,1.36907372939841,0.30208261947891,-1.11559145661502,-0.249603830083019,-0.994920234975939,-0.857080282052342,0.397605138667831,1.63873657847436,0.919587020045983,2.40441443461924,0.757161208576137,2.04387085811717,0.429365163460332,-1.23572184226942,0.0393635121359623,-0.223383844329941,-0.615240075960443,-0.215459371044464,-0.0723743431835106,0.0241573041364152,0.116657140918912,1.04481020577269,-0.298470803766072,0.596444457028312,0.279511127663188,0.700854945198992,-0.136065078506901,0.980475080383334,-0.158714156787803,0.472039784676087,1.09019870886063,0.950751710711003,1.52073263703586,0.205410872888086,2.22880140328446,-0.255513435045016,0.0115942531299233,0.210117368829488,0.318245111199924,0.222784750787025,-0.0647330624907021,0.657233304292634,0.477839204016985,0.642133665224642,1.3620077902984,1.03687312028367,-0.420934095626413,-0.127828556091418,-0.811368851122434,0.294651890989461,-0.35498070330915,-0.073507926198314,0.566821872301765,1.48450708047591,1.47662675301562,-0.378344237585563,0.0047515511291315,1.41778634600603,-0.311951636259677,-0.446688244179706,0.450084001913304,-0.164642838740377,1.59993666219458,0.294453950872922,-1.28759128944384
2.78177536166839,1.59925963265025,-1.41358657314192,-0.396738519862859,-1.43394258986818,2.40276530183094,1.2610793187084,-0.423182101120125,-1.37719047268274,-0.582428113180039,0.203343596816932,-1.43796507444211,0.944608170510377,-1.13810630606725,0.904001688557894,-0.0727244128844734,0.500097458622188,-0.969293776090472,-1.22443583177122,0.851259855071935,0.212432290420339,-0.96221150072475,0.274309188886126,2.5413382357796,-0.270109304419607,0.11882575670564,1.04529991437738,-0.382889311032504,-0.247071411164399,1.59444504369072,-0.688176733360493,-0.732605141173341,1.76539239953577,1.06880174433661,0.0124471450597937,-0.27156637291391,1.44714016012398,0.540127016259301,0.43995852685284,1.28401422460465,0.353041395037812,1.27646431090938,-0.768760619213055,0.143413671464541,1.44266163880767,0.0161252273141729,0.958371332542176,0.0372750474694033,-0.119381648846769,1.61967179349724,-0.109466007107965,0.705697096041324,-0.121821945535016,0.450363843698713,0.874723827447776,0.139031817296397,1.23813850225276,1.3945260115538,0.0952948386244857,0.776237191761149,1.51421529098976,0.435382777734676,2.00265992513542,1.37736469820542,2.23636801668962,2.87192207926264,0.198928148465887,0.730509689389488,0.673283232451072,2.28263794121549,0.485866571385516,-0.669460458121978,1.81624543748672,-0.552673936940726,-0.692538241158531,-1.14638278623568,0.103257927093121,-0.217786767764041,0.213992079997379,0.159369820170123,0.0265729283016246,-2.24789152406106,0.873744175530657,0.331664753062457,-1.86110364367071,-0.511733356144665,-0.616432500306074,-0.753278711863567,-0.0271660844277257,-1.42902577985804,-1.33665328815849,-0.629872806910258,-0.535114952678793,-0.105108916542129,0.0842854312907282,-0.682722442391086,-0.0291620640930562,0.141356883961818,0.455657358713857,0.771392051473318,-0.00386809630200953,0.336646082568678,0.487646191325432,0.716391295420877,-0.96297777369651,-0.377413969277138,-2.2489160334224,-1.71780629033884,-1.46143560093328,-0.867265576267244,-0.746960022140431,-0.159305770159254,0.086006409194141,0.468235139959485,0.153649366983473,-1.31022443569775,0.19049829608372,0.834680061451942,1.01585201372562,1.56320494131742,-0.138817881472789,0.975514213903961,-0.867964666321145,0.30113933255879,1.0862133578312,0.102171138264134,-0.581339757668749,-2.73621710278351,-1.70870517603891,-0.0165633459549057,1.27011128193776,-1.92009809923436,-0.0123460086994104,0.634321535997684,0.219218707661373,0.691667005346224,0.557807254416891,1.52444244955265,-0.465847061960133,1.79073330947191,1.15149769204966,1.82148910983177,1.62305005588121,0.613474847021266,-0.249186980028284,-0.485960198879785,0.087148843841423,0.53993357132418,0.821609826178576,1.91867386378691,0.331077650875995,-0.0696898377911393,1.72316773967927,2.63537907446134,0.170939165328016,0.298433406569144,1.03467940183522,1.46338106256607,0.242572390063451,0.248129859189383,1.65778920149826,0.510191133789743,-0.257028671196524,2.35838103153523,1.46896422667244,0.0783732723777724,-0.610721316196566,2.79655353309747,1.20972681488261,0.126987492183165,2.17192656193269,0.913955203665818,2.33560574720793,0.884909610599929,1.63310953093549,0.855333990203283,1.07306043683833,1.44534014824668,0.703166466993871,-1.56230180370214,-1.12519639063425,-1.36463926960736,1.16179192978501,-0.220375104871336,-0.0928473002767013,0.298731657770341,-0.125638928487562,1.79553802610223,0.343505795327913,-0.390584758967325,0.776542622601211,0.0486144783576659,-0.16023269237527,0.0879671395422261,0.962973019774409,-1.24742981490836,0.985723114325955,1.91723066753688,-0.155803883816998,-0.236870220881988,0.735199684667561,0.144590829831582,-0.0113580937256181,-0.289166030578758,-0.139455438081801,0.85136457358998,1.68920487291635,1.07564055574289,-0.187370525808303,-0.588987052101276,-2.36652840045081,0.738339374560427,0.64555210263244,1.63453110402919,1.63188582048176,0.189777113488516,0.208398189101647,0.333572136180499,1.21586688251752,1.10314909866457,-0.844470695669106,-0.467116695206028,1.87301803124191,1.04533687329365,0.881403460514785,-1.43595542705696,0.0198095250240887,1.42717437969016,-0.630627005054459,1.41565133912744,1.75743598176017,-0.638356909415777,0.94743329202608,0.793854204706828,0.168163318115197,0.795369968798428,1.6406953509233,0.750877018356846,1.23172938035616,-0.937800885392257,0.792111747043602,1.8876584787227,1.15847277494557,0.844057666285776,-0.562722570874618,1.44822747605211,-2.03212709977175,-2.32464961300597,-2.08545435851355,-1.75792291680775,0.18077315412121,0.916053469867477,0.54055508447542,-0.247674445098954,-0.114305204687335,0.317976938196527,1.2174806811952,-0.419194390105772,1.46226923842941,0.465635785421781,0.879322780932024,0.946133719062176,0.415428894619403,-0.256353809758206
-1.55575619528466,-0.106568373297086,-1.75996482438432,-1.8122906233039,-1.31828521775926,0.575165487992502,-0.831425663084933,-1.59888541565855,-1.65942982209392,-1.19519218397214,-0.966885571013651,-1.28408678998306,-0.755160536456152,-2.24793001270159,0.344271638869498,0.55281919890943,-0.636869291072108,-3.32839069625879,-0.887440865345356,-0.746254396590686,0.801474061330271,-1.96073897154896,-0.0662890805129977,-1.18497657345086,-0.780032646139582,0.108257930711786,1.51759626196085,-0.632236630180167,-1.05672830286352,-0.37359974541566,-0.0461773622307864,-0.204220785171316,-0.025919860988864,0.0599217343486528,0.262002102847472,-0.931926616796816,1.55792908296058,-0.770187630813567,-2.17226503527605,-0.682430782331829,0.413681498505145,1.72231061234325,2.2944573298443,1.70662477432532,2.0119220688172,1.82372733169588,0.168527994929329,0.306999679219383,-0.0365092283468317,0.984070549440511,0.77972413568868,1.94864581160842,0.62048970966096,0.76406466712927,4.35223729588611,2.07157182381324,2.98601368282594,4.00779303823362,1.30569468265037,1.95546942669788,1.45999591722346,1.30150413445061,0.907346074626826,0.352334657506565,0.509889442856002,2.39956298294788,0.586632518671316,0.236623435062206,0.45169075664457,2.17730028407833,3.72744598915491,-0.0184311361736001,1.59231927946448,-0.406558392121819,-1.31002796063048,-0.664745442868243,3.28853224520687,-0.895339559065993,0.0122141444266325,-0.00475292543296819,-0.917902176699349,-1.98957127998841,-1.05090407085707,-2.26967297203801,-1.00434078280405,-0.0441417621238218,-0.982618750733183,-0.0411107077389176,-0.850083680488727,0.167988964753859,0.376885284864885,-0.747071397741862,-1.33972540075091,-0.795788248293749,0.0880499267990097,-1.03150684625969,0.837490204686443,0.372609759703358,1.09617835730292,0.627217493488915,0.913807931617643,0.224342231444119,1.34717577607631,1.53741783915628,0.480309815627269,1.08729224713593,-1.03988670232411,-1.73808429833722,-0.42495447096827,-1.44694823625212,-1.98037909457525,0.683372370229896,1.01797801708693,0.846744827153468,1.15082866905393,-1.89107146542316,-1.38167010572543,-0.52595329527709,-0.0123629260534734,0.79129246175951,0.306453993933277,0.282739726511033,-1.95584200542288,0.00848527861941698,-1.48368768852004,-0.786569907789917,-1.25837734950309,-2.14100763887986,-1.62590594452437,-0.472325967663432,0.390393840528207,0.225134962434511,0.535575893371947,-0.786630823526897,-0.674133580575303,-2.39768715077769,0.727899787243277,0.649353303058678,-1.90503789597521,-0.570861803000149,-0.668766866648991,-1.13221557121473,-0.0241306238000833,-0.484169552601704,0.105741465842681,-0.654415219389913,-0.457192060697996,0.342377075488956,-0.423846008423956,-0.16196501659045,-0.307164125381118,0.0715502347750629,0.134555508624103,-0.272447407878734,-0.92626736198047,-0.735578616794621,-0.992575209761059,-0.154903781011235,-0.475690673020964,1.68740486089998,0.031018091852097,-0.619205823257163,-0.49291036153601,-0.156617582192175,-0.334386926041682,-0.359284853645218,-0.521517446417533,-0.810398300083479,0.0286558719862817,0.0190850178595336,0.490625374131938,-1.57290221425077,0.155796061485112,-0.674165515249631,1.69426953477824,1.78739639760728,-1.15758946673006,0.162953674730581,-0.171092818582955,-1.37538063048455,-1.88703691412246,-2.46315289870404,-1.73188280504979,-1.54202694290308,-2.16023242755433,2.19461816157557,0.714316143902347,1.87205881123481,0.462282296262172,-0.486081848170316,-0.416636264588514,-0.123525574413357,0.736014377749894,-0.283451863200306,0.453985854121633,0.697946159036735,0.815892429171433,0.984888916318846,-0.0423686447640961,-0.0955822617879659,1.27878076687737,-0.0775939399606239,-1.18252337504852,-0.345045111269709,0.520040684700599,1.33929415170422,2.78569634302484,2.86930052346587,1.92281742021351,-0.524238935012463,-0.508088796586553,1.79307675773131,0.578886036525348,1.40561351740122,2.01009646193817,1.04065188229889,1.63514160902206,0.109843038725478,0.983372143655503,1.55850930692781,0.0872951891325338,1.42126683576551,2.88261147634819,1.72278032988033,2.57755764911066,1.53614034743914,0.426119147302046,2.05198944485849,0.542498802207677,-0.0194739737848489,1.79472365694412,1.17113469736011,1.33316146275518,4.31322265555041,0.739875078657128,-0.119713953046979,0.862573692718664,1.94744682002747,-1.35385099510956,-0.0594160436969073,0.43438940347362,2.92057866352916,-0.156011761014028,0.446558825637716,-2.01726640030648,-1.36892504213741,-1.8006569481911,-2.26223924528082,-2.29955300128479,-2.57162106007616,-0.60601443754752,-0.159219151990889,0.0929588206025433,-0.512790004490857,-0.282694392397155,-0.144821343748334,1.00473107497866,-0.891856163697292,0.136408931870273,1.11349070860512,-0.275401566814217,0.635043694178456,-0.518102611652798,0.0885524706914064
-1.10091860346497,-0.101852156796553,0.555131231168575,0.53059419538165,1.3536554551962,0.16613224840903,0.818644662152867,1.35354553376218,2.01091124908058,0.967365846098688,1.27249675232545,1.02988171752089,-1.21467658726332,-0.446904333743565,-1.12693201824065,-0.239449175444903,-1.04071161104125,-1.02438379744729,-0.410329929496035,-0.0655101633537034,-0.621427416253426,-0.6252894461314,-0.37551381867342,-0.222749312305351,-1.2478385328205,-1.43846039556329,0.304426563184023,-0.788845898592531,-1.06581000049042,-0.835469427769278,-0.634908618436784,-0.683113398647301,-2.0180643086238,-0.801740726877418,-0.225012824789022,-1.84019876323326,0.315187912634494,-1.39696974329855,-1.23452163397606,-0.980846999253158,-1.12895200488874,1.24614672519004,-0.189072750218774,0.332836189403194,0.569616620298546,0.453807724624364,-0.902733905172667,-0.851535699111641,-0.868562500846462,-0.247412205956424,0.18562763240698,1.00223226230275,-0.57599567411957,-0.703830444172793,0.491897081511246,1.24001194216937,0.108078220763228,0.212375867946645,-2.01152694536416,0.348247976634502,-0.78074331427239,0.591979176125651,0.104398462368237,-0.864559272524523,-2.14018562227465,-1.62445523981085,-0.643801632651075,-0.136406587050849,-1.06076986453142,0.345216240342714,0.141284220965663,-0.154969292150548,0.220154592654194,-0.630705966158261,-0.364892632941987,0.628661958787146,-1.23286250586686,-0.626314135952388,-1.35520026574001,0.204848740884405,1.28147158882836,1.56131495125403,0.739067740429936,0.0997855897304063,1.40313604006096,-0.734707984540396,-0.44446139694799,-0.267227803837957,-1.77194506831608,-0.908905846141989,-1.36879453364267,-0.770983302873102,-0.108141198842362,-1.93081856691697,-0.942694207901648,-1.33002314993328,-0.720209466096579,-1.32587206297864,-0.712029132667558,-0.693671936408676,-1.89676042052842,-1.80814820210395,-3.0315307984688,-2.72767153465823,-0.873641100518965,-1.6811831899171,0.860166955840142,0.409394488245583,1.19879872265941,1.60956613232513,-0.208925218540946,-3.18565133705552,-1.77130191783873,-1.46186092865255,-1.60132759090599,0.668769957575046,0.0455378521146626,-1.61935204669212,0.87677444820362,0.085876889316933,-0.869207790974481,-2.38439121444928,1.32063567660417,0.894040536386521,0.89681174652571,1.02738566729675,0.626532641755784,1.03497539305644,0.741691358883352,-0.327127723901155,0.16094429802452,0.884975883472115,-0.334915789387909,-3.06825419006125,-2.18820907412447,-2.44264855478604,-0.0700824003764074,-0.454089927081429,0.377159547158255,0.301381990457897,0.309912399534574,-0.245106373357193,-0.478092610671006,-0.22275654521699,-0.0698988022198867,-0.0105737208104612,-0.344176847714861,-0.844844013284648,-0.502013612439781,-0.238831761684988,0.580647315905543,-0.662137217950641,0.418344986788824,0.57203922975166,-1.52609609130426,-0.323303288552444,-0.446479748186106,1.10135003556114,-0.408496076196625,-0.379948307443872,0.358669978558495,-0.639552216319228,-0.876504479449144,-0.607147634107347,-0.211992457269669,-1.52557277439235,-0.638746243357109,0.25284961896403,0.151045992799555,0.689098067544365,0.984545793602383,-0.179668409121646,0.998181094526743,-0.757010895593775,-2.58781186903406,-1.65221481142949,-1.64005713846722,-0.948855951974349,0.80513063324549,0.468636118950938,0.336877687706011,0.356575823182179,0.037810032249281,-0.209761241119213,0.94955764834351,-1.18622038450328,-0.930469463317843,-2.23834971135494,-1.27527526360603,-1.53619053846247,-1.95265374117852,-1.72480959243896,-0.954897516485009,-1.07490326728277,-2.32859154817792,0.156341442983724,0.308168354486617,1.01279121119721,-1.57061964702599,-0.256254435617049,-2.523984479215,-1.72077606761062,-1.75604717755492,-1.23665006870286,-0.975814509505406,-2.03267913960575,-0.452009988107063,0.048330466092094,0.749861683678198,0.551877296723549,1.25761845575692,-1.1582796313217,-1.18907622394333,-2.04703743805988,-3.34479183955426,-2.03871889162058,-0.558429226585034,-1.52259161088447,-1.96242711519999,-1.75900401317492,0.699962154834745,2.4202311978388,-0.724672798033379,0.861341162555887,0.48329302425302,2.6587594389738,1.45710824314675,-1.49181958763526,-0.141609829806297,1.44362388204714,1.04185549340238,0.510778839980576,-1.29584133268258,0.151484748965649,0.375015834044599,-2.26852768674745,-1.53916546402474,-0.655882140427744,-0.11736825686109,-0.246859951100693,0.27333707731467,0.966441822269275,0.910784921456699,-0.356463141410293,1.41914977457057,2.55246658112391,1.80064370821643,1.55958136565856,1.08512811420639,1.30104338780754,-1.01913320809966,-1.30127839041919,0.735875832238257,0.959630546533311,-1.34099726863802,-2.23818732599478,-0.00726349271970019,-0.825527312831171,-1.66259607182039,-1.01616548071763,-1.06530526251897,1.16790858112676,-0.148935026057011,-1.94736406788314
-0.280765624010631,-0.230990830123689,-0.259133756653641,-0.599089331761626,-0.191684582997725,0.0252597802526171,0.225271192793854,-0.867840831079909,-0.556096290536328,-0.547633653110149,-0.872668081149233,0.185073311856033,1.50678300518943,0.390655424719751,0.293310863998793,-0.340038533258813,-0.381080198525146,1.70941712260949,1.49360092362743,1.45725863818651,1.66400006324961,2.48026553187076,1.89836175686408,1.52139923258639,1.72009129944404,1.38947436306133,-0.700971611146241,1.15171786812457,1.66515369612245,0.927202474385871,1.09304147468181,2.10510611110641,0.678796473280428,0.935076565975505,0.889610840995288,1.33680594636683,0.66775305342046,1.52200000937805,0.122907484395222,-0.168032995528466,0.998574007817177,2.20435257979324,0.850609178579674,1.72593847130476,1.82036344011629,1.5881080680474,-0.609406633130122,1.31846436701909,0.953532825508794,1.15544487482177,0.597951958260015,-1.09718702432177,0.841955928303333,-0.484196045219523,-0.329071975745248,-1.04308377425279,1.00834275415313,-0.0521589232228737,-0.154361715109093,-1.29202119352387,0.48928175263265,0.354941890664822,0.532109772505816,0.646547945027423,0.118320006524174,0.911443906575776,0.204313722239241,0.0493924723025442,0.0408122501758547,0.992499901882377,-0.126795709560376,1.09895814272321,0.786540747871266,-0.61814075588876,1.3820924904271,0.350673969936104,-1.04246257131131,0.53230425911223,-1.24468580851946,1.18846704352558,1.14948465160035,-1.20670425701982,0.91260249020109,-0.210158836832555,-1.61884977929541,-0.826806135978928,0.490882010547612,1.39897481520724,0.786541752212503,0.9184769165209,0.314023577862754,1.06204397740487,0.614560954254305,0.735811266340085,0.392275611861401,1.60137843602755,0.0482806977532261,-0.894246433121191,-0.968441616032606,-0.502143141656717,-0.361223646326251,-0.500128360337092,-0.64241407600991,-0.913239930495748,-0.802935540651523,-0.912385758491256,0.113379842509484,0.251700248989473,0.688624608657693,1.0240213438236,-0.792892335795133,-0.776762173221778,-0.540099874924458,-1.28934258519175,-0.740014604884743,-0.692095301416152,0.640698742856778,-0.391160901553279,-0.52771047598206,0.388975310630738,-0.801526320581073,-0.863919702269159,-0.474769439322387,0.204197484379142,-0.166995308066013,-0.257053735585354,-0.719221008577034,-1.09010935474332,0.265552516245118,0.902520563098764,0.133776591802458,-1.17743965885185,1.16625584077424,-0.381169382650202,0.924904016551405,1.58050706970523,0.0851156915578825,0.0822258529452993,-0.879330256013574,0.124719472336785,-0.421270619655404,-0.219055393483319,0.135744418654875,-0.64576452082486,0.556541039734497,1.19018899582742,-0.533547814944195,0.806970519412568,1.15356473356657,-0.0558037055207906,0.353258430680818,-0.18757172795725,-0.282009165539524,-0.0261052889972765,1.89602114097411,2.03129009207402,0.934625498647662,0.922692926623793,0.231849356384671,0.123332811850605,0.512028134953316,1.79482868459902,0.541100426253896,0.0747032621227703,-0.0569238351910986,0.00645127290565645,0.997034493881736,-0.158874253871274,0.392682581637955,0.399883918438635,0.229676849304875,-0.185819155814204,0.46361410289611,-0.033245799279178,-0.426316650407208,0.148746572036223,-0.289929780736199,0.388435810897055,-0.441027108322256,0.173061056341657,-0.384722658242761,-0.16609231441495,0.421260925515131,-0.179604872871627,-0.79181972861452,0.411612037998073,-0.12683056026743,-0.519222105572841,-1.21408570954342,1.6075464869098,0.227902969251123,1.38378388340775,0.0600635184936195,1.43025951295987,-0.112750515728299,-1.11165423379521,-0.157276658157662,0.0578472724059985,1.99001282287978,-1.15803886644618,-0.467777581801709,-0.279906691550116,1.21576080419672,1.38952533349763,0.791976017299449,-1.63306958053227,-1.5006530448358,0.254484870621977,-1.87545754957892,-1.48582843209451,-1.49543848840841,-0.639238897074164,-0.034615643162373,-1.17101467290791,-0.450965914804279,-0.328941778992838,-0.958408032880987,-0.985905666957842,-0.834874164920528,-0.660480673161818,-0.313179174782172,-0.129918275026229,0.764268570613515,0.572287600149914,0.922655067304613,0.616534460636747,0.43099496262327,-0.418529938250793,0.538635027571397,-0.514489076051062,0.440147848316573,0.0540899169838753,-1.48168055154593,-0.206568933182026,0.39382466413233,-0.287149890115336,0.0371086102270598,0.548912143823683,-0.0361620872082537,-0.713120968851294,-1.44125209391812,0.533500154100388,0.857473236202526,0.57089918226753,-0.581559896359277,0.0441037520271244,-0.355226520458646,-0.238190274481822,-0.619913954580115,-0.239449266275688,2.37921742051382,-1.64210135663254,-0.213488477150012,-0.687437096808697,1.56998962960882,1.72564921705962,0.172350483646362,2.8906042906843,0.514064079412934,-0.146205998717122,0.735618852267351,0.116158348292145,2.40235003619214,1.0774625103421
-0.633887460228875,-0.0521333794117944,-0.877608092266457,-0.453661488845926,-0.0927747800514968,1.42089307252977,-0.278406338339009,-0.630485678432022,-0.725005289509791,-0.885469065673586,-0.861043827979145,-0.822474793631043,-1.18429557854481,0.203772235941853,0.916356594526555,0.174809989568248,-0.145764159461853,-1.09715436197836,-1.12935183286347,1.22783613892756,-1.44400917665807,-1.1715062787932,-0.689685646644163,0.858486838995193,-0.681792460203708,1.18213633392774,-0.255924513530628,0.0164171364228323,0.104793032153914,-0.794755872238533,-0.647882431785968,-1.15791900924282,0.480611312254366,-0.320411362577779,-0.399029660943912,-0.0228085571030879,0.666347823639036,-1.37329312298489,-0.522404828996459,0.138328197686677,1.07251409892559,1.81632207489043,1.48150365906809,1.87390329342353,1.85849876249725,2.60480372762686,0.643508081145185,0.349606566732323,-0.356113021362926,-0.241619699930665,1.09186917908606,-0.0910234514762902,-0.642418881385593,0.691262688929581,0.477830362831533,-0.669059438004101,-0.162887142784351,0.497353783914109,1.21055265600953,-0.684721160129818,1.12023290880178,0.963794752126046,0.565086804389293,1.36061619373484,1.58658791034916,1.05040463865486,0.788164307841313,0.585476501157019,1.08068726620496,1.11437675381294,2.1164391623901,1.06117372621894,0.797560463340587,0.486711960433125,-0.154564691377393,-0.466709133105784,1.41303111994674,-0.27778295886546,0.237341733987247,0.979955135702456,0.318394998747839,-0.661461505120505,0.19212577643182,0.360416963714091,-1.4639481058798,-0.0734838433754637,-1.0318577746126,1.53558820940413,0.856471116078563,1.58234709415358,1.04052862504954,1.42687359918366,0.362034465405213,0.444997220938182,1.33280833440472,0.0297955398589774,1.24440506600447,1.21945009165035,1.234599519211,1.19226479391835,0.716545693235322,1.75026810352782,1.27512581628429,1.13485541909203,1.56831668440803,1.47583366743548,0.393266737921427,-0.0324352116049424,0.537636399044391,-0.33608799895115,0.781552823654052,2.16860673699119,1.39203827243429,0.108590317673577,1.84627868646367,-1.28388509761944,0.0161328007126319,0.0995630638432389,0.394180291848085,0.0642744389721774,0.952787161104616,1.38839040505095,-1.99519587876513,0.160911517887885,-0.526775124932717,-0.189345058379794,-1.55145048858157,-1.35302507261241,-0.255558798658304,0.0236951813282648,-0.441232380258008,0.377197832777538,1.1285809219523,-0.713712658598816,-0.203467127000849,-0.194043509895848,-0.530902599770469,-0.917157515689167,-1.62240020479611,-0.567705759015618,-0.390204575289591,-0.62883009834543,0.602104018555772,0.82558223323004,0.420613993659451,0.651406148430116,0.236695491299888,0.234925650772937,0.620480260714096,-1.29328214871578,0.169140237796398,0.720044787156116,-0.47753483687953,0.0142179766465962,0.317354021614969,-0.102391858723615,0.850082364862385,-0.751554041273016,0.130839973299008,0.541956046914154,-1.39154153724901,0.307589226328416,0.634903230458709,-0.124785676268645,-0.828132196699973,-0.417274823410578,0.575529437861555,-0.17995357748438,0.480745155208899,-0.0179048583021462,-0.767671353516504,-0.734839121509318,-0.20905848648687,0.817266157195547,0.317894084888379,0.762874281873966,-0.0981016002377686,-0.100451860436227,-0.709932680747295,-1.02881056106892,-0.736170278706621,-0.0963762708650107,-2.26369801551978,-1.68758697813209,-0.54310368698034,0.34638925376272,0.0488911590117236,-0.488176685635727,-0.253286385734978,-0.172025551942214,0.479359068308427,0.117291271037342,0.74604300688643,0.065123705875769,0.0187804241135992,0.626045759323806,-0.209033932226035,-0.290433846037087,0.151020414787281,-0.973449365742685,0.662750744709118,1.58726645639385,0.23022387997435,-0.035344972907153,0.724978391361419,0.0523123292721724,-0.494642013160293,-1.33308108048361,-1.52155868789909,-1.44209704260929,-1.72476166830474,0.807263856938233,1.28402107942163,-0.0894616792775936,1.89133745467666,1.07012833397423,0.419990480162677,-0.113007286229973,0.774008606792846,-0.221073356452105,0.422171374426612,-2.14264759617107,0.364453328054033,-0.970504858421491,-1.3694452634265,-1.32571398126904,-0.925502421065602,0.265239850960596,-0.266029092569908,0.499568325905651,0.641141091452021,-0.818425413340295,-0.154592146149021,-0.807767634074401,-0.0271431451552471,-0.0862127593788906,0.324055734545045,1.3860841184159,0.175623212942215,0.655184292671726,-1.58554604465896,-0.339019545819759,-1.09907688629268,-0.612131739342784,-1.79137064599411,-0.819571045986579,-0.108440469305377,0.218450986870427,-0.683031924505054,0.244967218462159,-0.895183235242292,-0.206946617547388,-1.16045237146622,-1.78541632899639,0.293070023642247,0.110631556824564,-0.41612902625364,-0.998218921281208,0.456355500274716,-0.0739115562445465,0.494058492601094,-1.37516215476606,-1.07718931108411,0.805926024520539
0.371690509661707,-0.0115542894848333,0.0791831056570513,0.0222748583050351,0.321383515563164,1.21917758320694,-0.424152225596974,-0.332562196100781,-0.552275649095152,0.616331116259866,-0.0329916782395577,-0.741179526589717,-1.5239999805964,0.705410603886309,0.48148696469819,-0.424616579415884,-0.0152833513428334,-1.5769229311091,-1.06052248429767,-0.178121957048644,-0.414605709869841,-1.23499823990756,-0.3761488465202,-0.165878726683088,-0.529068631926491,0.0560030591607238,0.707291652670618,0.00428802606049302,0.0218229019576836,-0.800715714443138,-0.608193102463743,-0.61567138913069,-0.547622228598797,0.312697216647925,-0.501017737240684,0.00672048910657542,1.71482664434001,-0.766893756828956,-0.138603837467691,0.269239762275097,0.295181103387942,0.274377289079234,1.17625025048816,0.537096077201822,0.803128541080723,1.14246527893065,-0.192487473053048,-0.583825651045119,-0.210759111818932,-0.14345538348388,-0.0683117616613629,-0.402608415829063,-0.712456762318409,-0.0844187474131614,-0.182602096407817,-0.496995235899625,-1.39028562244252,-0.467552978785529,-0.432742326423466,-1.07024653689741,0.304397049792625,0.530238897876728,-1.19246057954655,-0.913337974893503,-0.991481440030119,0.274113867136885,0.965410072108351,-1.13450895571931,-0.356730715276638,0.0327408769844248,1.99561135608474,0.326703066269463,-0.489951511261903,0.582193403240059,0.208083381430279,-0.507826932835629,1.90804727518992,0.0120838066469876,0.215693488222607,0.981276705384588,1.53084854932554,0.730011918135452,-0.334510859800932,0.137219023919548,-2.5019184394134,0.0475899134072491,-0.865616167700112,1.44412489991425,1.51859332376332,0.868044995873964,1.1680139724608,1.8224522173821,0.0154398536597741,0.178433622091231,1.59545985289206,0.279979003141706,1.53231996503754,-0.0221166936978433,0.0714344950141713,0.0675266396218012,0.532241462702346,0.030048862203725,-0.421635905814091,-0.46246923625585,-0.0252092832403057,0.0548525065402861,-0.44304576841986,-1.10221220585912,0.365793070391266,-1.07691347421396,0.0467729757082929,0.391505860969855,-0.0975534981663384,-1.17672721588705,0.628931863456664,0.167431293251692,0.551861675678819,0.326139955059808,-0.59920570697533,0.0731742377430641,-0.152271257800321,-0.297433800866459,-0.507587472099634,0.0313074617356577,-0.426715060308474,0.178336390708504,-1.05624743455077,0.401457425922004,1.3471436996941,0.304170640002466,-0.2648107748253,0.532059464537745,0.363842121503678,-0.690748310539833,-0.447409632609112,-0.0654383660161679,-1.56177087815157,-0.0203472981719415,-0.126206353200023,-0.304679316197631,0.129778538861025,0.446728026973549,0.0412793561339964,0.0854736085144718,-0.477471559236956,-0.327043582940497,0.164603580962008,0.105459948954404,-0.763028564520593,-0.519398614679003,-0.0754576362148998,0.0931197476844956,-0.482052192590199,-1.25394278923161,-0.528373687953679,-0.817250754342211,0.197755442924751,0.128972865918017,-0.176754353266577,0.0077843148530604,-0.937059691532562,-0.781460263005127,-0.0618777914582336,-0.959007220475312,-1.20565959723398,-1.16576849414584,-0.470236712750707,-0.406906398281064,-0.932463368318607,-0.645931878578796,-0.358388087246831,-1.33439391730291,-0.167492762945862,-0.653407652238236,-0.00977922308058925,-1.23516064028563,-0.55930050535366,-0.249778278542447,-0.324390046058362,-0.991056638895927,-0.187612150717604,0.26481814849246,-0.74605707768867,-0.507162619837977,0.0282389344265866,-0.253946628241883,-0.874363267723962,-1.6131463164981,-0.85157463104479,-0.959036540075807,-0.565980172437011,-0.500057437263873,0.0493668350306407,-0.309536415421806,-0.40045963992581,0.555645108368195,-1.1717532042663,-1.9072176250354,-0.977137814826769,-1.31204549992683,-1.01667508937124,0.177818674082598,-0.253827211499102,-0.531992261997024,-0.0418328858351133,-0.443574249277783,0.116114871696373,-1.6967189341404,-0.115183071266701,-0.642201920824576,-1.82623633348393,0.137969426128891,-0.210137791102549,-1.1623844398346,0.11846263524688,-0.540962728463,-0.436457848757561,-0.610172990233619,-0.427612058761126,-1.6943388859259,0.370219985110776,-1.52315147614456,1.24087709230588,-0.0498194342553146,-0.910140823379116,-0.241341850976172,-0.420671801753162,0.773158261415134,-1.20445408137666,0.166664384554537,-0.722942775469104,-0.653852666866229,-0.330354874278356,0.119020642156864,0.181027165674338,-0.278226756741617,-0.716555142361705,0.61215981900214,0.70843201557548,0.0324927472496295,-0.816091733246767,-1.75297585879668,-0.162503919667382,0.325885888225778,0.035577264984659,-1.17195140243801,1.13211400454489,1.26020001200229,0.769941240553205,1.02592018822069,-1.3333671072442,-1.15957961534617,-0.942997160640177,-0.207495769356595,-0.376391291458553,-0.534253505059808,-0.382223945890847,-0.939325151307251,-0.626323883062859,-1.26784373188898,-0.50368404120768,-2.00298508649024,-0.918878569150781,0.726661050568519
-0.317768925138293,-0.272128683091515,0.162184681427784,-0.871092812584359,0.96682244367778,0.848621811823937,-2.28140645567372,-0.926906293191223,0.373611044695141,-0.312399175099126,-0.362456437992637,0.88167249408419,0.0459805841112183,-0.367368865965625,0.0167205364912099,-0.608537677310542,0.00842404279338,-0.44773187580981,1.76103741396244,0.397899785813627,0.370551762638956,1.22837935393229,0.792736180433657,0.264723309903904,0.538189655140288,0.445804740517104,-1.02664250664986,0.399733449222334,0.467860383350218,-0.165996921376577,0.454377794372637,1.21077042140546,-0.354350079687727,0.165103921470643,1.26075050552533,0.290860002950601,-0.576449627274916,0.265447788286696,-0.306584149025384,0.402574784460563,0.468526459674213,0.653635654939962,0.31709281860421,0.611198646602329,0.834852146728123,0.12916315090579,0.0774562765281719,0.180699590552031,-0.228259936022966,0.831730370514685,-0.341307674440013,-0.46173269228213,0.624700835911132,-0.11894349978281,-0.219006638194564,0.355840358552384,-0.591185448155159,0.318024580636367,-0.275514767073941,-0.317088396382072,0.252578222038577,0.281871618554972,0.391180359081294,0.467791464654955,-0.239956708443698,0.310814062917764,0.564285394461843,0.025680422469307,-0.225791890966923,0.839014270819483,0.675446645453704,0.153961612445127,0.298561839727649,0.506531526712814,1.87266428550251,2.37049380860797,1.34754700320558,1.09655215036132,-0.322824284368686,1.17329801501992,1.02614494714542,0.341874912086607,0.380604702017902,-0.480274159641092,-0.0316753390323348,0.453501388848907,0.0225347491615466,1.65964821034108,1.64567566313042,1.57951670082815,0.482086415868258,1.44992309661487,0.568773854978138,0.143771178884137,1.36860891390245,0.80443630994852,1.03253701327301,0.104498264807892,0.135534175078824,0.444333290121424,0.139278837087666,-0.0615899176768371,-0.52729155874302,-0.444699039634515,-0.497793644131357,-0.257778566296012,0.465882382226945,-0.641589736720577,2.2991253473951,0.489162419065621,-0.710366786131039,-0.0446765565142502,-0.501803922031336,-1.38424317752514,-0.488514246172093,0.271135372301345,-0.620115848803942,-1.31183876864749,-0.66319579448358,-0.523671395218061,0.070013421763208,-1.12079264408403,-0.453856556399462,0.708716313792142,-1.32296589147321,-0.205633372488255,1.32644488343424,0.300948675315817,0.369990864459533,0.543568886287332,0.364824470793511,1.42440406691393,0.163803251024432,0.47500277227108,0.0232295736191667,0.278973052245643,0.881204438303411,0.276313432588505,0.373977141950283,-0.541791231939106,-0.486415694454351,-0.656320970921018,-0.678146021213995,1.01147828519085,0.740520806012212,0.31196174682941,0.0752385830794463,1.58043080493796,-0.275305576719793,0.264238772752952,0.568653980169265,0.860587096238072,-0.750664749678158,-0.887839768412603,0.373213360793274,0.19121374754242,0.568778354296924,-0.0306711611998248,0.111931375142701,1.11750096119235,0.0408573600266674,-0.0303305081280885,1.07646871502762,-0.889606582080958,0.242625896864813,-0.418440608617231,0.864194148997924,-0.373462243966609,0.0784279754086833,0.0725054469742226,-0.0397760675793709,0.0582879230193584,-0.0560307847148931,-0.22513487662816,0.568104283575857,-0.555888208770052,-0.0194564528154899,0.402045508828059,-1.56035738634114,0.228143624717538,-0.265363767269404,0.0507720597795323,0.0347180441220726,-0.108096762248554,0.874125613720853,0.247759888162948,-0.44315236242595,-1.555307813097,-1.35490194059842,0.261294474648524,-0.274614928356019,0.397059334498339,0.420045994538036,0.302261783238234,-0.0561685539548395,0.792573627704881,0.392530693056943,1.17198406735121,0.595445774305835,-0.0995952189166538,-0.383934081436437,-0.0381187518825959,0.227048560061293,-0.0508800165425296,0.235782502587417,-1.98644013757612,0.59167844357897,0.393660321644296,0.161018069121412,0.423861478848568,1.28103406697218,-0.723225078641003,-0.331921733946238,-1.40186287671913,-0.16742973350021,-0.418993540352274,-0.608987217496292,-0.941296331023644,-1.13768059799512,-1.33418968862596,-0.0619444532486921,0.744456782080185,0.168955511687614,1.1958532459764,0.830994277007177,1.00557578569217,0.575171696529958,-0.149709018305659,0.121064869998874,-0.923163970559294,0.15180855821704,-1.68255840750242,-0.504944665148531,0.780016297014163,0.0626419786152423,-0.924407319217013,0.0277993206017781,1.17208288877743,-0.103222831852969,0.014686013120537,0.698481053040903,0.234925654932188,-0.834222133805491,0.121302651086774,-1.1095413309978,-1.13896922717337,0.183100776874199,0.153664943870379,-0.173751998787912,-0.224565738848526,0.12550565230245,-1.28930495836736,-1.1721377371977,-0.847485756806364,0.345875865550781,0.165469652474985,0.494282994902223,0.685754582662203,-0.224230334828486,-0.485766393428978,0.359014794202654,-1.745697277005,0.292282966683581,0.100110734075513
0.0888666785800847,1.81106941401771,-0.878644309454695,-0.910869278591783,-0.482358288566722,-0.445242266676514,-1.64132128351663,-1.300845165984,0.925924808854511,-0.177389225071545,0.130270227768238,-0.576143443399158,-2.38742323356004,-0.854114475744814,0.564755643297642,0.636346317821004,-1.77804978203213,-1.59024472168251,-1.99781953083678,0.373769060324145,-1.41861473086053,-1.36491030537353,-1.52378806749708,-1.13426492294253,-1.43738677657882,0.76710806853489,0.876772827172047,-1.63682351257851,-0.482573096902433,-1.44092861838876,-1.29115898394835,-1.50811462741624,-0.36155761343333,-1.78414937609848,-1.67293163452101,0.0120127307291825,0.723459344993675,-1.46868893055057,-2.03268423610031,-1.25850307606626,1.03016942093869,0.548381633271497,1.05180024008413,1.59487350973344,-0.390791033882674,2.15674898052288,0.307737406553442,-0.0284936762261796,-1.99650812170647,-1.92728688211575,1.10377876108101,-1.53698740343543,-1.6691009227855,0.628464243682843,-1.7437423714306,-1.50511716820441,-0.680543058883523,-1.58877532604508,1.64169880887136,-0.86786771535158,1.94813661579834,1.96873122103455,2.42448682739019,0.619322061906888,-0.503722025420365,0.0466860326277233,0.717281585578484,-1.07193674884797,-0.969516364623058,-0.661461170857777,0.794514626036954,0.314690678414784,0.583742636436771,1.28675409846616,0.678405004753393,-0.527812924265247,0.448902154648896,0.024482511329226,1.32561968292332,1.84405855677728,0.803083290603464,-0.395831995321394,-0.136391441143148,-0.267349471527782,-0.391670909868699,1.36375629365819,0.41444823330133,2.21423445416309,1.34764136604749,1.34899755161919,0.215177536162873,2.75403557279881,0.717151486546504,0.406020816611505,1.4414989963188,1.1618829175935,2.21966692653383,1.53968152110388,1.58739392801701,1.47007156445112,2.20251922253136,2.23087277383638,1.30709827893706,1.49668831042975,-0.0827542437120819,0.0778788769491055,0.437283450457564,-0.969456927563403,0.910570770157384,-0.523600510927898,0.0934428942463984,1.65716093214026,-0.239007882733192,-1.14030881166109,0.834237826663945,0.531684697742049,-1.02921277965214,-2.04539956942478,0.00424447722446291,-0.399417524049463,0.276978523645116,1.12063158928831,-0.0951058844945918,-0.0126468903376758,-2.07632592574815,-0.424268402616759,0.518843389688382,-0.473874972169157,0.265987088609015,1.27679445775653,-0.12827627914242,0.392248977353962,1.98221782988484,-0.0240556398450148,-1.0942164752947,-0.164890015271665,0.520403426124913,-0.932178588971222,-1.05778707299961,0.517526223641019,0.780128116302569,0.529092309498119,-0.148492030101688,1.68679487731045,0.821570028019435,1.27765126134261,0.227121054978583,-0.043999885018062,0.333006437702583,-1.42342412285566,-1.23075293662859,0.747338489823919,1.79769127436983,-0.0128627281755382,-0.00133229255146195,-0.778335359766703,0.445535885130364,-0.0668013359691666,0.34938675996079,0.510833414580553,-1.41685267029358,-0.391289254761502,0.865046574907964,-0.871789888890746,-0.605232501214134,-0.526568614760456,0.742571034783317,-0.78248330520023,1.29078167681245,0.425247858422519,0.163000245876288,-1.22024227108055,1.39715575165714,-0.179750148116485,1.36032750686718,-0.465375612343408,0.00206389880637211,-0.751588395819946,-0.303728630077414,-1.33304589318829,-0.81635550906813,-0.740516400374861,-1.27582386568318,-0.131758659515142,1.25401244128289,1.24722134866869,-0.165977516666124,-0.639227324572727,-0.448008168906149,-0.0517102802526567,0.25493857888483,-0.0239014489739147,0.661793863312327,0.836747565937147,0.42003423467651,1.22456746036992,0.36003358226142,0.475328877341724,-0.161446582396642,-0.400858987631905,0.148561916497644,1.64027428533787,-0.263186706343538,0.169826782388203,1.08617744848878,0.0976057583821587,-0.833481307660308,-0.296496428713903,-1.29540582952939,0.352217185571224,-0.426798969651134,0.300183752863375,1.18718186463407,-0.399886740777563,1.39479858030104,1.76151498216255,0.799026087558395,-0.315255684737193,0.725800910316546,-0.233366298868976,-0.495839653755826,0.924723251963937,-0.11836580387183,0.0555915447696132,0.67248863241575,0.761054367391754,-0.384993438371092,0.736411402496434,1.33479833936463,-0.578168320995949,-0.0995762516022822,-2.12043189582371,0.460208765632318,0.0441651864234107,0.873143609986527,0.149316131619296,0.208983684088078,2.38790846023483,0.186211587164881,1.77760772748616,-1.2390448162073,0.0047549572893581,-1.30030070650195,-1.04268342646226,-0.561175022179667,-0.116580586535017,-0.494905972244994,-0.136664760668961,-0.856854175056263,-0.00944030283226936,-2.18644320054823,-0.594799529798978,-2.24078234505567,-2.40164061054358,0.024472249835003,0.141733977213716,0.642273023048236,-1.43407904697487,-0.0959933109363298,-0.486000992812228,-0.522994732580354,-1.97309187975912,-1.90127599958684,1.00707048650848
-0.31517192102258,-0.120374555128456,-0.0669288540631156,0.222429950894891,0.178084469749578,0.664339478695073,-0.345097896619233,-0.0304369947752053,0.0268259685961205,0.0729811783212115,0.00500349685978891,0.158975319222704,-1.43441534357536,-0.399953753918908,0.179081513004891,0.308318967098563,-0.17866664172719,0.0602938593923397,-0.589925390016894,0.318547220069184,-0.606408841585033,-0.633244509807939,-0.81415563888344,-0.221922276084695,-0.380291221675252,0.228758127306811,0.493928909434913,-0.0708159218668817,0.124017263543507,-0.844301074475595,-0.395028033596966,-0.7294221646245,0.221523698353325,-0.206338549853887,-0.747550984633234,0.433781765779086,-0.151293377110213,-1.30736190869276,0.109965332204548,0.476869335121199,0.444583214879917,0.0157560143918586,0.534200701455688,0.66348574597121,0.604818267643445,0.632805311571512,-0.205557065746932,-0.373120953398522,0.344876612181582,-1.23571095609262,0.278687808535994,0.393940747572759,-0.211518102511168,-0.166770175875748,-0.815281090792466,-0.829160599036127,-1.03955510116032,0.0952500079127818,-0.291181812974993,0.540482176884637,-1.02380412824554,0.827244131237503,-0.335101464610703,-0.418107532269729,-0.210992382533874,-1.35820480635438,1.52179488887699,-0.660680623006712,0.351359669163617,0.106557314601756,-0.0715757882948909,0.710365467017673,-1.33663451176593,1.39550640264289,1.19293577234328,-0.0448292446622677,-0.808811931851074,0.390561018452369,1.44247670800089,1.69862036258105,2.18886401942628,0.384988273724047,0.77524470705052,0.683635833603288,-0.0073167774866894,1.5541847505527,1.00691657170007,0.924959627094864,1.27523261363128,0.0596096642380409,0.19556707960042,1.58996381800145,0.348082441712756,0.354274326889558,0.553750697169633,1.50255703838033,0.722031398219323,0.578078359419232,0.253610904257212,0.444737434037145,0.157060661894078,-0.677017819010758,-0.695105156375655,-0.135173686915877,0.0850962699559226,-0.241134498602352,0.51533153705181,0.243653395911853,0.708196675702211,0.229828726860639,0.753652541295069,-0.177565148463958,-0.558810473361521,-0.524279403080465,-0.38046158935202,0.393028011082454,1.14230943130082,0.333722278337727,-0.406317814638967,0.716981517230011,-0.00945834233647196,-0.629484560046522,0.258725924956729,0.189479534604278,-0.334887613956249,0.702588386159152,0.788886092116403,0.568569006914893,1.3890548220762,0.796615861000644,-0.288131793957527,0.882388340955852,0.000943188952807464,-0.199987936757168,-0.361763328592017,-0.0492726162572695,1.13125778335267,-0.896684987685875,0.145233698335891,-0.952935416962548,-0.401972521371401,-0.21286492693313,-0.251411710263036,0.475514308393336,-0.283525221363635,-0.525931243919829,0.454772925295056,-0.95464932228756,-0.538481002156062,-0.747518275023524,-0.544630778289454,0.247740304131266,-0.408865749881426,-1.40664481847883,-0.00798859632514644,0.23291824497453,-0.118850450097184,-0.339787549185084,0.429754690048623,-1.00173180009496,-0.67781574840485,0.0182859592353983,0.307258617338221,-1.02874174434196,-0.715865472089939,-0.685989609931912,0.178360756805604,-0.79045492031212,-0.183460337228333,-0.270102114522857,-0.114175281292393,-0.0998136851738202,0.307233044420323,0.126799839810942,-0.287376218962978,-0.577058985198317,0.553687579255288,-0.70441294225387,-0.885010665470987,-0.296047880099704,-0.265835464646356,0.359612386483164,1.19713171998816,0.560512334065943,1.11454132500049,-0.105405881530958,-0.232317592611767,-1.51851021380539,-0.23396164510237,-0.0909275590333898,-0.366855364174918,0.482067145913452,0.0746947889241245,0.762858092462333,0.335081091973852,0.648380875244731,0.882007884548013,1.6259408049959,-0.0670475006051807,-0.265027882325259,-0.271011274351636,-0.149191294173111,-0.180484707210421,0.133884383833385,0.245712359972838,-1.36569180702137,0.153516282579106,1.06188959333898,-0.0184609588140886,-0.171725612253872,0.241005488551982,-0.73060790020054,-0.411758502934627,-1.09628234641965,-1.12977930127776,-0.497900516086325,-1.03106579011953,0.127781638010674,-0.963810987565577,-0.729775396037062,-0.437995311048,0.0335030859596295,-0.120883535249112,-0.313802346499589,-0.624039269300194,-0.276341772477123,1.43299991508256,0.21854623162954,-0.0182133360301267,1.90940529143786,0.519178204281631,-0.00967872426512323,0.42026448097464,-0.0990194867659442,0.603312045591997,0.941028324522297,-0.134063673958325,-0.893540836637681,0.233803110690379,0.21990097324677,-0.525018306308456,1.08275777126835,1.09704215654861,0.837599580997741,2.57343225309267,0.409815832863094,0.624430740202426,0.830055996651701,0.317518130613931,0.855321819461907,-1.10631608981893,-0.445101068168122,-0.224153319088189,-0.233217765640381,-0.0737710137580013,-0.460646356193021,-1.35281487680976,-0.86293918569697,-0.366881261749658,-0.473205943544268,-0.507484540009108,-0.401965586597863,-0.8532472321445,0.908022469996549
-0.0685491482991017,-0.249004379731015,-0.0638305844540945,-0.785385237811229,0.233452531349852,0.215707803501777,-0.294440665572102,-0.444920510740939,0.478643908505499,-0.0957181063994784,0.44515938428991,0.56617773880793,-0.0954668501045534,0.261814788867095,0.677174403656106,0.476649756827083,0.0491883648477338,0.75461655733882,0.378772370983942,1.02998975153598,0.12960896797154,0.386956532157602,0.131709829464554,0.556259222724637,0.474360995734278,0.514709772350409,-0.450594429705022,0.558091917115781,0.784962770385447,-0.385651279884107,-0.027081444876717,0.230680901510043,0.503510831690383,0.175701488999145,0.143009515583278,0.808650835911377,-0.730393601253637,-1.02616252849428,-0.268209635750177,0.469901110619682,0.443964440335462,-0.397772927501852,-0.629949667511923,-0.358269155123665,-0.471039493355452,-1.02669108215917,0.655129951460881,-0.030982175660932,0.636165670496595,0.28043716863556,0.0328094086240038,-1.26596456375365,0.730115063160114,0.47872412585795,-0.457368821275798,-1.42541820744404,-1.00925715752591,-1.03017517280925,-0.986611121072066,-2.16713606155523,-1.65507452044276,-0.615148436955465,-0.165143893087578,-0.274618606928092,-0.260589332775499,-0.886871494024551,-0.783713102671738,-0.413143665612499,-0.533854753121583,0.371375354635745,-1.33015937730537,-0.354209188058357,-0.87910748496738,0.501880233993835,1.15219921824967,0.247716500948618,-1.50101897691476,0.45626032315543,0.0719459019164228,1.01720154824773,-0.495785855208816,-0.863076335872595,0.873335647346492,0.355924028659491,0.988981762169657,1.02707943067934,1.24428927546457,0.959849183526852,1.26331854442326,0.22571813707755,0.0282920551640811,1.18232150921373,0.567372751359562,0.63813237210064,0.21264407616062,1.31976361120088,0.420698588536122,-0.357395364688026,-0.242531457124992,0.707859323106374,-0.125775239161199,-0.538449942874797,-0.297679041534145,-0.370045379900907,0.67082053717373,0.48263067956816,0.986890037521163,0.317210305693232,0.425409994999292,0.101766958572983,1.56061165701565,-0.527082120100282,0.37668271993137,-0.390929065771399,-0.220788665002091,0.204051382716205,0.244532432954155,-0.780884389556187,0.447704802695658,0.339828473318304,-0.0207363995880204,-0.255900615462159,-0.552148983825065,-0.0989867313509342,-0.853241020970521,-0.581035572324634,0.776983680630504,-0.524371573553604,-0.0932096837479244,0.346388469547355,-0.55023874911907,-0.852644889454265,-0.163846422253204,0.291189964564523,0.744598923531751,0.871469190015731,0.540981073672301,0.175757474657933,-0.660698477475582,-0.206197784122779,0.0815994964858898,-0.34566482583812,-1.59373045831932,-1.08278650971244,-0.0826381915758879,-0.753927247525101,0.260688498132985,-0.772097273878414,0.0716124525113295,0.238977426631774,0.34954350847305,-0.340172343994598,-0.215140729899221,-1.42827771597368,0.44541059224323,0.371525099521806,-0.00864974839599422,-0.23111642718743,0.586746756378254,-0.573415488108713,-0.190489447503978,0.200442375577417,0.83169167414961,-0.966764697369856,0.296772355945731,-0.229198508815917,0.773518657398023,0.0325135828350321,-0.686932660610981,0.0694992568555007,0.452682686042018,0.157330925855956,0.00707045801778457,0.663586715334692,-0.69629622379037,-0.195530863150009,0.408010475016683,0.427847095225523,-1.49432280292528,-0.0433783404112685,-0.253379189277279,-0.115046206922391,1.13373411736281,0.212753165388672,0.12177928138857,-0.963328830468612,-0.409534389302548,-0.835316540723092,-0.0895348781289265,0.215861226072962,0.458078007944041,0.643160692027798,0.0165969638388531,0.759407526148317,0.337223184469505,-0.0146500882195986,0.0824628888410784,-0.629426769285528,0.561648228511274,-0.98871629030327,0.220488060165976,-0.0960634243297738,0.666287125842003,0.145670184118039,0.389817037168994,-0.3527240376157,-0.964609983003462,-1.45317700069437,-1.43158945959421,-0.97573195698583,0.496609733631005,-1.26568645977266,-0.420740784771207,-0.670820119017833,-1.48416708044141,-0.705103665784273,-0.791779689049148,0.166389679984317,-0.166282515400632,-0.124293881713207,0.134485389007364,0.985319628183575,-0.35943755717067,-0.783503442209383,0.137127986247004,0.251944102192716,0.464279213568414,0.248485317320898,-0.291107424647771,-0.217972942627303,-0.617734209729756,-0.0176231230446758,0.798163879977886,0.848710904035349,-0.122205822102839,-0.549163210137082,-0.252322362237995,-1.2415227471357,-0.926001424458093,-0.197012292224043,-1.30532366925375,-0.513424267717893,-0.121453449837973,0.654341757698349,-0.487954421903175,-0.575721184609848,-0.359623106741198,-0.276038167457534,-0.421837400619465,-0.217738467873859,0.102739419098904,-1.77722843008258,-1.1746542539508,0.00964902633386855,0.344358435529527,0.101403455471739,-0.35070547282258,0.296252577250365,0.0375798379066763,-0.311545986943975,0.493424967955152,-0.551193419945154,0.436238839079036,0.418309504990496
-0.948263668425151,-2.01021459843745,-0.903606778070549,-1.34399927484466,-0.884322261508538,-1.73741548937003,0.710001944795836,1.5661180292758,-1.35162100837534,-1.14005825685069,-1.27855367317101,-1.81117625956883,0.33149970324829,0.900136829498453,0.988348987285522,0.649752962788468,1.8131747172178,1.93417838941426,0.934597615614478,2.44401403246438,2.67231958782469,0.87767898091512,1.67540952300521,1.9940044050851,1.3577966434641,0.387184055311807,0.598669144150769,0.98795932490579,2.01962022067641,1.99068928232943,2.15603535324944,1.11392902282561,1.27827281742661,1.52392973190353,1.63056509185715,2.05405808097236,0.265323534923251,0.945394302626542,2.16566093892694,1.92141164640626,0.153269447133172,1.04938095825045,-0.883547390135987,-0.476465039394065,0.850569874396988,-0.873048403217803,1.3872232972735,-0.158784572739628,1.60378565638338,1.6499025560705,0.0109143229425468,-1.11747875847126,1.79249776147116,0.669079320592958,-0.299095176884088,-1.44948278675872,-0.739115814119774,-1.13224898783156,-0.537618810330506,-1.36134610532371,-1.05307114789247,-1.57068662598356,-1.85064668881322,1.34750262411147,-0.729868128379453,-0.836927876735468,-0.183134820613704,1.05881967283236,0.233179340294241,-0.0212058984193294,-1.84786997237309,-0.20031501646952,-0.862787823258616,1.02516720083065,-0.170661345923542,-0.0519966888621221,-1.39122152811734,-1.33258867391662,-0.370613936074259,-0.175804336364945,-0.575197716637128,-1.11394799533498,-1.16220252257949,-1.41409130205892,0.986667486784356,1.09352191654576,0.522815555766018,1.27852993397935,0.68658709834477,1.39327678338865,1.73310840442662,0.227822961200109,-0.96895501788425,0.695193955676457,0.15231699858558,0.358947088017866,0.192265951401974,0.407636219124131,0.276643443706108,1.13263589048699,-0.36304047050673,-0.611933842865596,1.06037251891181,1.38004510649945,1.35501649104571,1.3684975366628,2.14474367455712,1.68440700205379,1.53382101065447,1.85018905401828,2.14014118911809,0.480771148725476,0.926477662673965,2.70582001511324,2.26761522100572,-1.34435949212566,-0.821519130955572,-0.426469252620323,-1.11634117378989,-0.331819395467956,0.727054382664212,0.232085235517121,-1.52011510956786,-2.22277252254224,0.716727629349631,0.188241254835204,-0.0301730525980453,-1.11050693243797,-1.01183098548269,-0.188850816567948,-0.176663325641904,-0.219521250501894,-0.00262503024564856,0.86066668715716,-0.0947503762320481,1.87280500281918,0.969913890785765,2.72165783006926,-1.41923452026222,-1.01035683524592,-1.83916640721994,-1.1880804551538,-0.247198911837649,-1.79174375403331,-0.562657224357615,-1.0516588588966,-1.56416761808552,-0.659144179906197,0.0191984611039419,0.177948582662409,0.618525355251162,-0.748634002809207,-1.96052216870449,-2.17730613568979,0.911327555975035,0.663287959089339,-0.988943492830867,-0.224092927561463,-0.233412078756403,0.605582418487353,0.949842211962822,-0.296963099146728,-0.140014501521775,-0.363345070934244,0.548656058399171,0.472904069410795,-0.330685041391669,0.149452286966533,-1.46878728137534,-1.1954536689616,0.0189743874889342,0.343596242530007,-0.491755093504582,1.9423794211408,-1.27030981689826,1.80454957038883,0.600977546413683,2.09468912560063,-3.07553533953858,-0.99119957081001,-0.840549178769637,-0.480197740371787,0.484273088663568,-0.649722629549661,-0.917432650518837,-0.603144131532423,1.33502261263887,2.29197980206346,-0.654412632098504,-0.247538921156259,1.1651791946469,0.712917790480378,0.793259927357815,0.138571824992905,1.29143802496562,-0.0274569730247188,2.52991388920073,0.815102790492983,0.290342186345021,-0.914107488635602,1.24954217592493,0.0243537495772874,1.18397773882411,-0.323113981328253,0.76953468816406,-0.289524165017982,-0.0667628116814339,0.404643546095222,-1.49028210338757,-1.72559056062779,-0.389148226463091,0.645476068297818,0.27289507846717,2.62046511098328,-0.240005424377277,-0.405633361323981,0.572372389190529,0.699790282395018,0.494724330010219,3.26268657064161,0.293955916679044,-1.08995668720042,0.793213423353817,-0.677317805105186,-0.52847857551582,-1.35888718691059,0.270898992326038,-0.669250853469031,-0.713481767146341,-1.45640351558132,-1.55634202728082,1.03868627792565,-2.5446188261781,-1.35173558113828,-0.463324160272053,-0.762407061100162,-0.531079534215691,-0.594381476993953,-1.35714102221953,-0.827057448397589,-1.74245270755103,0.386680920180728,0.808052265506701,2.09123762806857,0.328730769258964,-0.918570114642727,-1.23527739392577,-1.17750161666782,-1.02480752664751,-0.999537262802628,0.608348328081624,-1.20934635364081,1.30661715323511,-0.378163124863264,0.815223734003796,0.665916051029213,0.690674750567566,1.09527547110919,0.894463861996332,0.477902739879398,1.6832511358942,1.55636053058352,1.21965979104964,0.808712782729764
-0.0588105457725609,0.530156752496892,-0.938596691249394,-0.458317965190499,-0.332123159197854,-0.452424989564259,1.00132212142602,0.465615734369906,-0.335549875754853,-0.0123459937586955,0.297516132145359,-0.646230681183826,0.270149217323698,-0.799069554477744,-1.14637572835862,0.342624821035331,-1.11274510268108,0.0484988238508942,-0.120930678895331,-0.406730246975395,-0.0384263019810535,-0.546485329836695,-0.132792664732244,-0.68871640610205,-0.338048734319111,-1.65301022019436,1.69531330870547,0.174974584076612,-0.826147228347125,-0.811553560827889,-0.129084794189907,0.205371090091148,-0.983697808880946,-0.817647005679946,-0.637334615360138,-0.317254884542157,1.05622373111549,-0.943845655220672,-0.487178233368512,-1.24127912922577,-0.948588563442751,-0.720846234036455,-0.750229868020428,-1.11803529251535,-1.30734902701712,-0.499464088344201,-0.655112082186361,-1.4697445582056,0.130372966389861,-0.750603990732251,-0.827590412598192,-0.574481166909083,-0.220501053013524,-0.454879887243829,-1.51921166358346,-0.541373350321234,0.0517231774096186,-0.851948428768318,0.0345723239750296,-1.34483592689054,-0.16436882264859,-1.08235476354305,0.827479808682039,1.58646130107127,-0.698232725574835,-0.0218896431994315,-1.76402962730277,-0.267501073843268,-1.04152254679622,-1.42593044480787,-1.07290641478294,-1.42229822588057,0.919238628369547,0.574786822678048,-0.0534753054453656,-0.282166784892021,-0.460398053565302,0.239292747607738,0.885554036607154,-0.900081470967145,-0.485295316476887,-0.574264618510655,-1.57192094370712,-0.326426575629959,0.986841677081853,0.905258232570445,0.159845314007745,1.07224471752242,-0.287776543767937,1.47606900594097,0.344963854288657,-0.228702120198181,0.20190730400591,-1.29456267527305,-0.532121557893654,-0.805733700985792,-0.368078978174137,0.423080196745873,0.321235679064595,0.156706448746122,0.0801850564690009,0.586059591917956,1.30584348088758,0.926718331231621,1.50311117731034,1.83900116443157,0.382088749309304,0.500870324555306,0.0911304347999892,0.585692720682668,0.826254971684194,0.992663117565885,1.79745765269365,1.12640121626771,1.42238320232568,-0.473354491863766,-0.911940615873876,0.218859549979203,1.23045290186707,-0.757363918223366,-0.647760928188068,1.52196399737538,-0.204067940338964,0.31953655652881,0.973731624282651,0.244232852389172,0.80514282525563,-0.515082594136253,-0.249727910318405,-0.170492863081911,0.390280126350149,0.399967745240397,0.331343747152399,-0.263877961722584,-0.335073189042169,-0.510644101374366,1.95426619027433,-0.673910709720904,-0.735154284806187,0.635317509034307,0.592926313527873,0.430101112544833,-0.170510071537965,-0.567248193504473,-0.790299319462183,-0.634187473735863,-1.15947250403854,-0.635647961421956,-0.104767157883096,0.0608725198748593,-0.0729534100336762,-0.403868233600037,0.732866546882091,0.28845476167018,-0.55400618560936,-0.565716497121162,-0.219356742394351,-0.948883732649521,0.256859047150692,-0.383558151866955,-0.448332010379659,-0.7848677299467,0.130960652606679,-0.340718185977877,-0.157586094707066,0.549505513475758,-0.192159781121641,-0.254979129433759,-0.506755961999049,-0.702727709562768,0.244922545949354,-0.232689438575615,-0.452724240046163,0.80750725078804,0.727468689236701,1.35845871953213,-0.201303386248511,-0.876464329694415,-0.0644041030808814,-0.785706669078605,-0.887680440785745,0.172593057954679,-0.289940075079994,0.84114127176023,0.648245965075391,-0.451724292661603,0.741120664857371,0.254674895352888,1.3442973870231,-1.5989855922897,-1.30717186272607,-1.60471204295115,-1.14390284087811,-1.27895052026409,-0.812594495733364,-1.25003901816584,0.289782369439198,1.74216727808786,-1.62284436096151,-1.05862741723302,0.779879727971373,0.0734037822613416,-1.25701897421142,-0.987178084080758,-1.17878548101256,1.19364133848355,0.337257594856603,-0.691952967779329,-1.59687192076587,-1.57274412385961,-0.394890616074072,-0.571513573243649,-0.190526744218225,0.891009898086134,0.753773004742821,0.080790742381736,-0.952695268908923,1.30668925082691,1.41598743910903,0.950908806360724,-0.081473645644976,0.123940280856888,0.606427321403899,-0.248454027516563,-0.150528904153074,0.332955413906497,-0.533157025917526,0.923873524042462,-0.928077632333849,-0.572347185351728,-0.328820928002643,-0.200770592322429,1.06637431199319,-0.560779898133614,-0.573834532725597,-0.590134291793262,-0.890623638856415,0.201807768225653,0.708834179120428,-0.266691261083801,-0.830860732940668,0.669541704754354,-0.415285172340385,0.507019134145172,-0.296644106438953,0.0309631223785777,-0.730896186372811,-0.912523633227845,-0.747490085076999,-0.443515558245813,0.663626083335453,-0.0418997964752527,-0.0782407304040687,-0.105259292480337,-1.4272779965116,-1.38114689457633,-0.515665749221656,-0.0840681308441951,-1.37862751614844,-0.0281676035330492,-0.333832383908223,0.404993367241039,-0.437574573278626,-0.486951086697206
-1.03811021032164,-1.33592255246306,-1.99171846216389,0.153396085737808,-2.7847143552174,1.8175057530328,1.06570717549195,-0.811394420121145,-1.30389559902268,-0.366127657947613,-0.641233835752637,-3.58379944108721,1.52898845053092,1.53457818026293,-0.0861633544834784,0.356100853493179,0.0155465261036135,1.18330811131845,0.816346081692424,0.910157042133227,0.752898701329793,1.12022538853627,0.599653493516695,1.30871270411371,0.717796929503089,0.546079339209805,-0.646063135984445,0.749174129084267,1.47732410350225,1.15745570944592,0.755355099175309,1.09369853495521,1.7394961099987,0.860026213969827,0.639219374620145,1.05182784179739,-1.30156936244928,0.157433832283327,0.316367377858887,-0.206136408269246,0.000254698708522003,-0.0497167966290546,-0.543447676515556,-0.198589802665924,1.00909280164254,1.3296828642736,0.265289433664375,0.64948792513584,0.451335023704797,0.8524590804744,-0.53795547662031,-0.562952228205123,0.792032658755067,0.215760235760619,-0.671224343794652,0.172781578550609,-2.2098740380234,-0.527721028544893,-0.426590788652314,-1.06414339197889,-2.14525724040865,-0.462161821888265,-0.819369888299081,1.72733122798924,0.356264920411884,-0.784011188659324,-0.11430383320607,1.33558228015124,1.04131662608421,-0.741496096983375,-0.1117542874336,1.63146111753024,-0.647153528188115,0.0827253861358283,-5.77395298627112,-3.74544026166023,-1.94235242627679,-6.24607878912137,0.167450800245282,-0.676315863315343,-3.27123581814842,-3.65281428845808,0.89152498710126,-0.841278578824743,0.690740393892072,0.309768721379248,-1.28638668423128,-0.418687761640181,-0.576351629054686,0.97069133198836,1.81148446426924,-1.98612362290953,0.634004248822164,0.566301121712847,0.248744676765137,-0.36123494356096,-1.50929868144779,-0.656148268105121,-0.148407598674439,-0.367848762876001,-0.787556786012999,-1.07369537813026,2.29057585892905,2.49985277865938,3.49312956021069,2.54680436478182,0.396778221748821,2.40644421634662,-1.42329022694787,0.190972243252954,2.79808315330485,2.37510944772136,2.32084359150986,4.54675267215,4.11379451597714,-1.53570768601153,-1.33409560939076,1.02229018970948,-0.278126274371176,0.535931395682445,-0.173900259117373,1.73451825763813,-1.40637524442714,-5.41598567485063,2.62434884916453,-6.51343584338036,-0.558119565034705,-2.80409592512613,-2.25407984560686,-0.725195537807626,-3.08236157767367,-3.10855810531802,-0.176593389511499,1.01931293433259,1.38444148574635,1.01546204483391,0.924528232793053,0.899329671480186,-1.73776245884832,0.604315731402736,-0.725864266616762,-0.603153934447385,0.242652297319783,0.168392368851049,0.833279829212476,-0.0119395204038538,0.870669926671521,1.07034454975098,1.76252362552695,1.11151216944007,1.78386206965196,0.824143670195869,-1.71408692230554,-0.492979932187983,1.55154511060064,0.830232542184849,1.12850211813622,-0.669422326286952,1.25472794190838,0.848164802822728,0.715445425828348,1.52322429870376,0.942520030830846,1.96061724182384,0.992316655633525,1.5061471929049,0.989308319872612,0.906296654340145,0.769176225093574,-0.320215616056817,-0.0675696936171074,1.29186243548914,-0.327908012570846,1.62267323000709,1.58844930561463,4.24541227912098,-0.264821139025852,0.988477745786258,0.712419812376589,-2.19981342391648,-3.14403625415568,-2.44242157915365,0.0807401264486695,-0.213254170621641,-0.69392478422013,0.233139669773955,2.29436013580948,5.54897122683442,5.02552883733248,0.507257487629879,0.78739402524366,0.292728529789547,0.0243880675643421,-0.15524162487024,0.172277857607513,-0.456428994944397,3.08704622978719,-2.08776217805834,0.578382832078332,0.540664098321996,4.06969539738935,0.628432682456303,0.522101178660634,0.46568008063782,0.0111630496780197,3.14730105888606,3.55873460240325,-1.41976713102428,1.46340849313758,0.432991410497398,-0.607964276338723,1.06311270810992,0.0111005744772418,5.43909250866092,0.549419266523165,-0.0912718424873718,0.243809162533883,5.35082321639596,3.91989915048642,4.65432890483738,1.43880863892549,-2.82698909514034,1.26819062829615,-1.59259090330075,-2.12837667555325,-1.51917994349032,-1.91927045834004,-1.01772076062648,-2.61980372864607,-0.915956352176072,-1.12528491487078,1.35519160098152,-0.488269799403113,-1.11919901554089,-1.01560949115533,0.348051029728356,0.564671180668698,-0.544364335320201,0.944286825067542,-1.22857563923355,1.50649437228738,-0.0513817829223404,0.65888706460352,1.85233213188968,0.715295291790086,-1.43728290274614,-2.47170798998105,-2.48254252631633,-1.89228037192772,-1.8869197331906,1.93812441504753,0.316076705468051,1.92776165952346,3.07410589704095,0.862337093694165,0.87249870847997,0.384049320727122,1.283966012489,0.888852941527868,0.491573542955059,1.64584699305053,2.39430469168184,0.730620952707706,-0.13566376789075
-1.41160250527944,-1.37508489123879,1.10148193917711,0.691431738756059,1.86186051053596,1.81739342709392,1.3905087293448,0.863562080966434,-0.363270559802629,-0.033966546227586,-0.309002836894369,1.39295057837405,-0.762441802922302,-1.51507661085604,-0.5289174654875,0.859705439924658,-1.66768821635723,-0.635267491157097,-1.04566018337623,-0.746211146804925,-1.71970561818548,-0.0375616435808685,-1.36314198412639,-1.49745512367431,-1.26755652242761,-0.915466724869497,-1.61113948906202,-1.68217921509247,-0.672409189312498,-2.49868982742872,-1.33129062281379,-1.7572338286476,-1.95253163874366,-1.23459558452127,-1.67587225804132,-1.24864959976611,-1.54220462953215,-0.607278910016953,-3.48469877116599,-1.86543577310683,-0.683058839378846,-0.204641723966632,-3.28857951109814,-1.15879457971786,-0.358210687013525,-0.842257881364809,-0.0073572183016389,-0.628420186338063,-1.02636232280277,-1.03640079186079,0.104827953270314,1.14933472377361,0.206750875394962,0.839209160282843,-1.39654221335355,0.551322403037427,-1.36068231400075,1.60886540439309,1.21981909277642,0.524172242330518,-1.76168120067729,-2.16130887979646,-1.08423164017104,-0.483168868766102,-0.843533798804009,-0.995508882872895,-2.33863103474294,-0.584191459999062,-1.20136337346325,-1.88392406538717,-2.09245401521823,-1.08144517061045,0.490333616143327,0.768694573167164,1.39127307180967,2.08351217164551,-0.833148434862339,2.38397765614314,0.131842173306841,-1.28111682526352,0.176158685911905,1.0545314232233,-0.765772177187432,0.251667916795425,1.11399013609857,0.0994253077618336,1.19252748822625,-0.627309771375656,-1.99353651207917,0.115953698701284,-0.167122088272361,-1.9742676702043,-0.655155255570557,-0.682377641014391,0.165196018584625,-1.90856770773224,0.711079128389247,2.4020283838478,2.10009311524698,1.78677529924525,0.806322312122489,1.33145401957708,2.78747492118512,2.17501554570543,-0.349163127533048,-0.539760412734757,0.276811137498138,-0.00270666511816289,0.612258016072415,0.460810715568368,-0.210000838702952,2.13700270527476,0.974667889590023,-0.268300749994212,0.218499861258446,-0.00899938143020567,1.22732130186259,0.954747166301815,-0.292110169701553,-0.11831522396038,1.94196507101989,0.589801362480268,1.37526216161206,0.742247283440538,1.79187653004488,2.58753947371203,0.996186781363303,0.940365166470979,0.823577940965368,-1.59760162997442,-0.580785768180118,2.48639920509429,-1.78293324531392,-0.739175479829514,-0.772026202725844,-1.3920224232273,2.18849472499407,2.30408159974172,1.8165024623644,-0.426323973040449,-1.1731164581089,-0.940646928477906,-0.580376371862159,-1.7805700983635,0.707036589001739,-0.0274888427762234,-0.711764300331854,-0.00956481800188708,0.459294950844505,-0.570447617825271,-0.622574257363711,-0.249487390723392,-1.01422604134668,-0.95941084080287,0.448490256870145,0.841908140546122,-0.944300400107815,-0.335294288515222,0.0703630156275645,-0.0838808844010462,-0.445441863704642,0.251952548640648,-0.272404482526558,-0.184215538132052,0.0457308682719328,0.658714028657294,-0.0604941214957763,-1.22025895934903,-0.173208083196524,0.0692000063213162,-0.0380170971881252,-1.21497009837962,-0.00568736668606811,2.75828785757923,0.273476393323031,1.27842411229428,-0.127344006089348,0.673367608396843,1.14022410245211,1.54635505469645,1.51173611292119,1.95480597497419,0.318629465174212,0.849789057470992,1.16339265237902,-0.378260124479847,1.22503988036152,0.201763709146846,-0.878631979688459,-1.39705183256597,-1.1002824148663,-1.57431662764876,0.528010868187299,-1.65684245223595,-0.079922208754255,0.289547256933018,0.579072329347603,2.6079087048312,-1.20396546615078,0.785078438818637,1.61366474071877,1.82732985800707,-0.533864970901071,-1.22802409182279,-0.614608756532611,1.31330709753702,-0.193277739564535,2.12274550524733,0.867225765651841,1.84157334372057,1.02581057909677,1.15289576919333,1.10400202277143,-0.534959229121008,1.30837798753753,1.33379467687294,1.80499977123507,-1.84959384718321,-0.0225107304250469,0.0251055502291531,-1.14323769591868,0.00355992139039767,-0.325172002253002,0.00776383101049248,-0.185050752715866,1.06625889397828,1.80588689588975,-1.72802644875398,-1.89932241002831,1.4857334622888,-0.83498962935396,-1.9272669931424,-0.976057533890001,-1.2497471801033,-1.48123556096171,0.0682218913383198,-1.08680356897815,-1.45981704843694,-0.425515325505702,-2.18991128198916,0.672995134206246,2.11891001449371,0.5318649349383,2.25596668119964,1.1090985216355,-1.27258887598174,1.19505799339879,1.39202789015119,0.631447441853757,0.753365683555873,-0.639890125574916,-0.690573085565646,2.4108336379145,1.47981647615867,-0.742245128901137,-1.31827723965971,-1.05859835887088,-1.16547780103168,-0.562000616495971,0.304950225979989,0.828460479509981,0.315847860156198,-0.301326714919362,-0.532589804087036
-1.22531223778232,-0.918430452528147,1.56751887261887,0.883329424994893,1.77990250182662,0.265372215420723,0.870831769187271,0.963956266283577,-0.597662997152212,-0.0966319477474838,-0.628818547720719,1.04635720773182,1.75498857481322,0.498478644378129,-0.515527017921124,-0.10278003593229,1.1265868216717,1.07608479315834,1.40345843569336,0.0908778358864988,0.388935779951583,1.43114261037427,1.19642876707459,1.06229197165657,0.678215307299479,-0.371731979959561,-0.183479595681135,1.02224331481355,0.00035951571195725,1.1794534335528,0.813746023274768,0.711118824703969,0.562498638948479,1.10210625430648,1.42194021742913,-0.0702023482694093,0.0226387954528557,1.09113875682306,1.23064000170654,0.442671361729767,-0.279191482242422,-0.499928500452832,-0.347667450546802,-0.839371406314617,-0.681486510649953,-1.44433014312365,-0.76543602141423,-0.237139081931505,1.07959831697087,1.31983190930575,-0.702127636578973,-0.55056153768635,1.28704946919288,-0.751550645019573,-0.337771285257003,-0.238527989739405,-0.260543557989198,1.02715311831845,-0.61118776891866,-0.288043912838251,0.391493948224074,-0.915320257992625,-1.31498603049091,0.346096866129764,-0.29266738488949,-0.0149399791066588,-0.261930975343857,0.0613829244699683,-0.508233193480597,-0.766340543117201,-1.16204173973538,0.084271434124418,-0.0272560519228955,-1.33272610632595,-0.173252522664823,1.24118298472756,0.533561618787448,1.05038061618177,-1.01897603972546,-1.40115241954397,0.185089695487246,1.90387231971006,-1.01318829236382,-0.343789406202901,-0.343265765108174,-1.49359200835499,-0.702277288758886,-0.519838917539809,-0.197879535547564,0.457846308593888,0.229676357961735,-0.428594646183159,1.3742497615099,0.46704420996454,1.18541887242501,-1.42322837499212,-1.66873403832297,-0.912114259455067,-0.768041382025086,-0.517496348067463,-2.00622105631298,-1.89729251098198,-0.916413357225457,-0.785233299576332,-1.38506125767433,-1.86132958212048,0.427903833248282,-0.510327882074788,0.318157779368756,-0.10129610651694,0.613330138482639,-0.752977279345557,-0.45130889824186,-0.554481362958453,-0.581264390328615,-0.254398680636484,-0.249117169489296,-0.229338211980143,-0.192267443900134,-0.0791062300135757,-0.799961725587407,-1.38003223687252,0.367612405989327,-0.18211146918341,0.957120044024061,0.767236263763143,-0.11152551627691,1.40658389682113,0.861767476762119,-0.751702399459453,-0.355014480572106,-0.0135364765403796,0.451023888568527,0.0254709567113753,2.16088638751125,1.11377102342125,-0.730631893869922,1.48225208517724,-0.621907070643414,0.00834897963682766,-1.09110350295283,-0.351392736183606,1.08037380913947,-0.704599217793536,2.2068749810054,2.12469394628187,1.00980933233193,2.28787698695786,1.12002749040257,1.07788227840653,0.870451755054122,2.03016369399794,-0.552252065884756,0.195252866412811,1.31979201043607,1.42267726208136,0.0509055104599188,0.391578443670421,1.34966740866543,1.92534973971054,0.691705658347409,1.16399103036502,1.53428826864542,0.884230699512556,0.594854481247375,1.4894989601318,2.36977552420503,0.0153926073643684,0.252191030182991,1.60409027112583,0.0880672014523969,-0.0448149532996055,-0.183300162257554,1.37905717538835,-1.00269874198606,0.926295795128886,0.371124903357946,0.77526554190103,0.137077209777556,1.54823252405093,1.47283815855007,2.13871876516784,0.297669776283035,0.551915626969223,-0.630397205604981,-0.464569135791691,0.588236052115541,0.238710909374203,-1.18120171235473,-0.261440250562968,1.08516287896368,-0.455937503108833,-0.437844456167588,-0.880397913989548,0.0982121220402564,-0.811389689204978,-0.495954045558673,0.611535278457357,0.366119836170052,-0.532328582550633,0.515150498595533,-0.0554212293818476,1.48162865908131,-0.901909323724618,-0.0712320115899481,-1.12450281777765,-0.812770959476504,0.193266526817363,0.351870952334489,0.0861436031723292,0.58682589135754,-0.618959108861829,-0.192401970253598,-0.359270769716474,-0.970886422823382,-0.914801940640342,-1.24959554361687,-2.02893112759056,-1.70543318439063,-0.0177883497840392,-0.523218391851343,0.498511199342342,0.117838839401047,0.943931520413622,0.591237387144921,1.20137861862187,0.335867172689293,-0.553555269857633,-1.01615054589256,0.139405934553423,-0.637707753451116,-0.968718256822879,-1.42860862635723,-1.16675770030879,-0.42313305266792,-0.105060348949558,-0.432881683353435,-0.96622969728121,-1.19776674895089,-1.22089722678314,-1.52892797208238,1.01571784707702,0.269981098989852,1.27990555397246,1.0570283305099,-0.379341896664232,1.72385250182981,2.06668089780854,1.65019691330374,1.92913622975479,1.62035944273355,0.00318671634045555,1.24837574190326,1.08656487418583,-0.356211397973921,0.151752087333708,-0.354256985121148,0.720871929905751,0.944354732068957,0.840181852662872,1.53422395211949,0.575781898167951,1.27792467244724,0.487010947999482
-0.301137603218969,-0.684317990942428,1.28857919182766,0.73311116464092,1.42377138924338,0.913425146312451,0.907145624880238,-0.236796771491924,-0.593519145137818,-0.0391739970780878,0.00629285802243243,-0.112344588195966,1.92561750071225,0.343381671024039,0.1676739701958,0.372339305396135,0.574689916855194,0.662268528766734,1.38073911105926,0.120978544833006,0.274957338622931,1.79934720506688,0.122053132335957,0.371732156165521,0.711411423495246,-0.77736222234978,-1.7462320840565,0.83013826803899,0.00823251214740032,0.694216744290368,0.63925623872881,0.9408690139164,0.113211308812466,0.65936868355638,1.20104426657883,-0.241324278611111,-1.53028285038326,1.20894194443128,0.558796030896434,0.379626923174222,-0.482486754771742,-0.46460862850751,-0.13657435569848,-0.851627356738936,-0.548211297766267,-0.81836396818115,-0.385319137019512,0.180108829275853,0.337550930160339,0.93346842216311,0.137761320801401,1.62263865616337,1.08772579562902,-0.157262561552932,1.12370165680916,1.32824342562672,0.655611529170566,2.11230503384131,0.0963020283565232,1.27319254363379,-0.290293354073409,-0.25111520659009,-0.979289291788595,-0.309513131384785,0.651850584129408,0.118932842898695,0.237341440167991,0.747211993448262,0.374667590292188,0.17035404716615,0.517229241768133,0.893278381248954,-0.291658362106341,-1.30828216222299,0.75504137378566,1.17620196785194,2.11531032747092,0.769577966242458,-0.743887869543328,-1.19491075051133,0.295801003561869,-0.391288813228613,-0.616635657064207,-0.161143570471412,-0.985352586258237,-1.45117464097995,-0.531640086534006,-0.38914105480429,0.328594267514021,1.26765262507721,0.672449687462387,-0.473002057346746,1.81559461200475,0.025533527861975,2.04371920548771,-0.8222370760684,-1.13359206674546,-0.219376028488596,-0.529078510458502,-0.62589814997392,-1.24201451807209,-0.962268426380062,-0.712592749053256,-1.03655851216221,-1.58866439165777,-1.46013971762498,-0.0910476969117646,-0.410809951373235,0.598602282826071,-0.0427563753480081,-1.02624236878621,-0.313020190398826,-1.0509897444397,-0.346283854882556,-0.993141755774829,-0.443142322161448,-0.300002150834991,0.237311914407384,0.407814505254592,0.105364311650524,-0.338728063094007,-1.58317246856161,0.228888133974375,-0.00729636785591067,0.622523673240195,0.0808425241896304,0.95466291456442,-0.533143984981656,0.375203169537811,-0.619125918355241,0.518774506757725,-0.618672945244871,0.00539345917332375,1.29377682453097,2.3500158657568,0.996198723364224,0.110565570394014,0.165357197666749,0.0848161447539564,0.530865732481499,-0.785582058575016,-0.353138481480104,2.18586560793844,1.07757694465957,2.78616021690016,2.20711661637637,2.33765971860683,3.43884794288844,1.46045418367374,1.88100350915098,2.95364808682305,3.74496018395473,-0.0573707594766868,1.08121475387115,1.71014703360998,2.03020637647651,1.13610661125276,-0.280744819319082,1.9746016570771,3.23971998656812,1.78681921255424,1.77696740669199,2.26324542105244,2.02551985592159,1.68273873756078,2.01015402311725,2.80591491071733,0.946413798984982,0.943183337031438,1.89996421894406,0.738728922340963,1.03507808480704,0.383356218081408,0.715049631355013,0.0399134545115818,0.312182047826126,0.170266345687861,0.356566856384044,1.08699095452783,1.63555367539601,0.600990682433255,1.67729388996772,1.92260658823088,1.33898679576104,-0.0110355368066876,-0.0928340808813623,0.736361704276255,0.471211801152261,-2.17819227878966,0.0566722230810101,0.574968140221775,0.0126531446595839,-0.164458391351557,-0.930642276794148,-0.0192961319594202,0.323529451239882,-0.656219642223609,0.133068417922742,0.0228859632002202,-1.56288182607838,0.575161746455159,0.522988365624729,0.897925994989267,-0.293165563892711,0.190073788443411,-0.614617061010439,-0.836997533187506,0.632630893660541,0.728139962175052,-0.0665233003867375,-0.483090084634602,-0.34232063603478,0.397975832927682,-0.276062401562127,-0.200922730196644,-0.363699392111416,-1.12378871730597,-2.13648969423848,-1.73449540375347,0.0997022460686903,0.116936624782409,-0.0186197659634973,1.21886148439103,0.722268150928457,0.411233664081848,0.776570291056234,0.304449388056013,1.28521409513669,0.179294859574055,1.30065363853221,0.715524191651684,-0.408503123510669,0.32347126080733,1.75803990089406,-0.360117529962239,0.699664023105111,0.0199569773741389,-0.564898734462631,-0.189380071003407,-0.186356362702291,-0.605823880026685,1.44635331948555,2.33544555836566,1.99104949284438,1.30854764432157,0.138921845269997,0.392752011436075,0.693646752196116,0.283291779513167,1.0309094369581,2.06396176328238,1.330148249997,1.99042974761542,0.976584422087753,-0.23308929391215,0.629020644222075,1.22359282705615,1.3359547619092,0.442537763266517,0.975907443791818,0.829305828112107,1.91999814842303,1.24324801632433,-0.200554481225814
1.08983402238857,0.373075163575689,-0.0677493552666303,0.37608384823364,0.106873792723665,0.614979559097857,-0.0928526112237369,-0.0221845006695198,-0.605081791743546,-0.850459741397069,-1.06277160278246,-0.433886415136222,0.828794360347861,0.182619492253677,0.551407064749155,-0.0483568507721384,-0.213365364381432,-0.280025972620552,0.730138691962538,-0.845272482885604,0.0798310895254186,0.810763177351668,-0.769016410406074,-0.908844465103503,0.16742165077793,0.878019239096173,-0.908915017920823,0.635610844061199,-0.455225416979715,0.311455641451563,0.590548783178373,0.0437836603561638,-0.319318174445243,-0.410859011926113,-0.39542254286721,-0.423999896456321,-0.637108415352962,0.122145771159746,-0.00174550237159218,-0.614393988790041,0.349651687677333,-0.843331299928067,-0.239944717965152,0.564375489507914,-1.73938683020954,0.629688860843768,0.380613929654398,1.75083178506712,-0.59157592141019,-0.400834293068752,0.901586276379538,0.507474490790766,-0.299077967780646,0.32146205285787,1.17814869123902,0.815308712228813,0.0474007795765773,1.12428464774943,0.836970569410182,0.820180896119614,0.56121582145433,2.33889221365569,-0.151847832981837,-1.67693160796046,0.385468730311649,-0.26803051636278,1.48062226345711,-0.662890121657096,-0.727274119472668,-1.78850898169971,0.887080985737198,2.54088204799958,-0.699117150727219,-0.760121433885322,-1.28926284800913,-0.939527099665727,1.4392792814612,-0.274150960283958,0.0120410730406982,-0.308534454774505,-0.191873418224575,-0.0482029610611805,-2.07586170771211,-0.994622651231525,-1.17237439024426,-0.864674617824142,-1.24701999946034,-0.204799155195633,0.250276198764419,-0.326397965847333,-0.314356076753353,0.154302247636206,1.58800004451374,-0.131377881991367,0.695643208511927,0.560599853230322,-0.11922445504531,0.276945020196919,-0.308786286728849,-0.221444297777695,-0.11600704427411,0.268866233346945,-0.492562554576764,-1.24743009403232,-1.50327939768011,-1.85660229903391,-0.568444678814825,-1.21825045360982,-0.953126858349189,-1.84395565087647,-0.441895577055766,0.595195889334944,-1.01754592838265,-0.496391809495749,-0.751740907908942,-0.682547886676423,-0.294689123195742,-0.137920040361297,-1.2434101798214,-1.31933603966422,-0.286060388376795,-0.226895001349446,-0.600646899611604,-0.807053280841483,-1.16938778330616,-0.971774134785002,-0.0207440131643748,0.00850364368032392,0.0279098112848549,1.05999611995661,-1.60454648537293,-0.688218714214486,0.0460486828823438,1.10270200977834,0.888689790195825,-0.00751463726427668,-1.35672147224162,-1.22379209937195,-1.2409775941992,1.6665296201015,0.310278969194712,0.686923157177726,0.505151198261167,2.78500097263748,2.58705073404266,2.03271806576194,1.9744611897195,1.95410852737392,1.80218270309716,0.191719211434106,1.42225018367978,2.31185979102792,0.524756948882066,1.61124502506873,1.30883206790224,0.960473008339497,1.95025018984332,1.19889851235378,2.31083215544432,1.73831264437108,0.621052445105273,2.32715807018424,1.89397342905216,2.00816943118813,1.69627197186749,2.14267624291306,2.5109533586125,1.15636145952456,3.18268712303871,0.841052997779492,0.313020570783108,1.53912192096797,2.09867269957638,0.291207486746373,0.181079148996732,-0.0660385746665988,-0.0732796709993248,-0.847592911948329,-0.0294652358253661,0.571573902182162,0.337748502516559,0.655368278790843,1.60528206703584,0.617510591359046,-0.29342748329329,0.367413361360079,0.296756136316546,0.223299091099263,-0.452221654561945,0.600711714770328,0.383614454116953,-0.078685208270784,-0.295012950509667,-0.138241468874246,0.0403395922250146,0.273562689820871,-0.196945604974902,0.446485858974923,0.17292797272832,0.00439641517179544,-1.11962184387045,0.494020180438692,-0.343432775110313,1.9562228109831,1.20853616144854,-0.27432437686355,0.126658858013188,0.361430799856289,0.804788045031955,0.521601915547627,-1.28997826548019,-0.284882077465651,1.07472446085065,-0.265591447206821,0.389065345328205,0.455663420522861,-0.317242504512647,-0.925200012628941,-0.602558961274747,0.408193896845621,0.358236626521834,-1.2952296439017,0.803164961408088,-0.381279683434488,-1.05598345362105,-0.882157988758224,-0.415868852794131,0.789334177169105,-0.0345766836849608,-0.783374605139707,0.0279821706121614,-0.396919475664074,-0.0401173073195449,0.295577453680016,2.01324951063411,-0.130026776175521,-0.924008961962822,1.70418336573805,-0.63689258531375,0.772653567803412,-0.358032925264274,0.0954118207749427,1.29338297042751,0.229483229841507,0.299469213648682,1.3710407765549,0.212096513162369,0.951438962821762,0.10374064838473,0.756178342628094,1.16287661640411,2.85116654131787,1.61398368597989,-0.440378411660841,0.198669141945524,0.710884289060306,1.20643884789335,0.384502831352231,0.445408873751038,1.08397528312199,-0.639848380333584,1.42044856222837,0.0320857456984742,-0.393060948332707
-0.00883147720486908,0.258619769301457,1.55260296080259,1.5066401847636,1.14665827312068,-0.831527571552272,-1.19906454431571,0.402870368112958,0.723501457822742,1.38015324631671,1.26905319362955,0.00150973300012754,1.31522929807566,3.3711512077024,-0.549129133254349,-1.541571128801,-0.136607592858291,-0.638626525981154,0.0247860196489909,-0.341438172291815,-0.356376362418913,0.03586460520275,-0.14722984781492,0.00431471911578878,0.733588333995256,-0.708964859327786,-0.0386597918925749,0.84419993290418,-0.0747272318269637,-0.279061976091686,-0.191766629485243,0.392506814565005,-0.41024686289428,0.0597853293815494,-1.20257299634256,0.0420880151079111,0.174074657665029,0.177052687123367,1.67338239540353,0.740127215476122,-0.784220399845867,-0.90553095968509,0.698123303376226,-0.99479556307419,0.00201894636288338,-1.35420810201897,-0.600886679397311,0.779259190882568,0.376784464678964,-0.220757157106601,-0.185999708916267,-1.37078772516228,-0.219599859424632,-0.697253250902025,-0.0963717024470962,-0.816423094194645,-1.26333032924081,0.0777965206807249,-2.04168203729688,-0.221699036018829,-1.21386154392922,-0.738290621662074,-1.44298203840712,-1.85898662228844,-1.21427251272511,-0.277387250776479,0.67290391743285,1.34585924824896,1.13495279069626,-0.232000346102802,0.0520385533515604,1.47529221545703,-2.55768214264912,-1.88709054221187,-0.133778899014299,-0.309320050996924,0.32468247807395,0.360682914748974,-2.20611594341453,-2.00237684074876,1.07281707104447,1.71338801673435,-0.751283659677492,0.888149642982878,-1.47279786518074,-2.27983555775518,-1.82773890504318,-1.2749781717336,0.167318693607049,-1.14495976524779,-0.567904928047924,-0.999390457124144,0.5019479446184,-0.679638062750059,-0.201994606486218,-1.0450350823709,-1.29864275423471,-1.640682127209,-1.94602925270183,-1.68087215689381,-2.10603674359782,-1.99758348095961,-2.07670415569789,-1.83941593160377,-1.61226543392417,-1.67750524939408,0.138712541586486,-0.597596405651823,-0.852768117919315,-1.59591305523995,-0.796440005972456,-1.48020604323471,-1.15671451788206,-0.599801094441843,-0.960408992152171,1.04367386185067,0.0431228875000781,1.28821512916248,-0.747213289405399,-1.07183429788364,-0.909603916896895,-1.28815989523978,0.866123377631324,-0.325525798804988,-1.54882310748201,-0.208680591498393,-0.786441961764629,1.57461846183033,1.6349830016066,0.267026343042041,0.726659816469741,-0.544282133723,-0.741710630909014,-0.135059641878507,1.10608503633097,0.673572626261858,-0.869142483044927,-0.583913753116333,1.69406011657098,0.359811011722736,0.888364672860772,0.613979241153363,-0.333162859994374,-0.229226163958925,-0.766551111569874,-0.69771038938383,-0.355985113066963,1.21772606989465,-1.46322297835456,-0.439908873203168,0.598978167461636,0.348549042653702,0.534981447018237,-0.0636265813224262,-1.05244325483388,-1.13116420953629,-1.06888753966647,0.877430121100287,-1.08585898067768,0.88507649206258,-0.99212834650347,-0.914079424763767,-0.491372162589496,-0.196793673855637,-0.355378645699885,-0.644925740093649,-0.925661308206801,-0.77493402126484,-1.40908561119151,-0.785281566820269,-2.1057135273636,0.48211034472629,-1.47712872180272,-1.15923338722493,-1.25235521117373,-2.06722565490814,-0.508498573465105,-0.809431041237502,0.280205630482171,1.63237229131416,2.29511506877583,1.62165995409845,-0.94769737461201,-0.971930270681181,-0.241062664879107,-1.607322233403,-0.618227515121307,-0.739197285003368,-1.0418901072397,0.362886131595361,-0.431149887568563,0.0135556500302612,-0.977683875397337,-1.1109377805007,-1.33868185704196,-0.705113215828842,-0.815681795816656,-0.950714576247886,-0.0453391064907872,0.123656765605229,-1.43909340384239,-0.16800143820419,0.381210528119814,0.0149103339379914,-0.364180479322323,0.0108970806693412,-0.927990877257754,-0.858757431265522,-0.649987097489256,-0.69767551295069,-0.87391922653186,-0.777365933676685,-0.889148318347526,-0.412555372014722,-0.900819367365317,-1.64238429421066,-2.34047262221592,-0.704019328492196,-0.891974199992519,-1.06520283876015,2.20006918763385,-2.04173245354628,-2.97103582228086,-1.8063372056394,-2.37816505094252,-1.14769307221781,-1.73247043473114,0.113780151167094,0.0151535840683957,-1.27841429122575,-0.664839566652859,-1.1474363152461,0.507176019047762,-0.21163690470272,0.298788785177198,-1.42208985009114,-1.58871014754373,-1.73697699740052,-0.127857149079929,0.848526761589259,0.127313948158969,-0.647553425153461,-0.904206930266297,-1.56914958588131,-1.17677245877407,0.252390462183313,1.79785091226487,2.0438265447114,1.65711001872126,2.31258877565363,1.10429460970609,-0.00506171685944764,0.887752534328576,-0.517344981728856,-0.821882757405428,-0.362989302798764,-0.400194777521913,0.177909213869323,-0.762985518180659,-1.6243775670528,-0.807509242863162,0.220991594753272,0.144879726009235,-0.0518216586519238
0.796541850650611,0.748461023386283,0.672586597378901,0.403905501950958,0.263872940114916,-0.500987054039732,-2.37273008836572,0.858704886547616,0.497163501682641,0.234718212259891,0.872376247305549,0.455742297583761,1.31633900584123,-1.15656671852567,0.0658418084050761,-0.38340851525299,0.591606699794904,-0.324475739655361,1.39438421726187,0.496861404731602,-0.426748182216954,0.842173086279525,-0.0718721325977681,-0.138496636821573,0.335165603674007,0.150371562989301,0.838153270057831,0.15441117127656,-0.061580363260238,-0.0845454608393406,0.64090109812787,1.21271702645753,0.33072887302051,-0.141245760446401,0.127898868157185,-0.0887150899898536,0.738556096729693,0.0596387255984622,1.10161796465821,0.251856216269084,0.250851959587516,-0.0558916311135959,0.829594978768088,0.568192755327138,0.741416671001601,-0.243290194631391,-0.149700320452689,0.864941827325422,0.2024767405392,0.0109108420960412,0.0177755254875902,0.298206569403393,0.6916751217971,-0.280851604767409,2.31620270526343,1.00345794261695,0.204701445502396,1.73541328245906,0.533315902933271,0.291440005553301,0.174798036478704,0.210502455774373,0.594644603349542,-0.433434690440442,1.09890373908986,0.73475174586964,0.224024655704169,0.889738548169035,0.931399211014762,1.83413102419355,1.69416146980837,0.675650568938299,0.315214392994511,-0.964793383517527,0.783143485386813,0.0820279175172678,1.1220800796081,1.03146424618942,-0.311618452604888,-0.624466177433188,0.904448655915454,0.241098701829744,0.289253939665316,0.501565287523546,-0.50155588056416,-0.729411635495243,-0.879132306439708,-0.591320698915738,-0.331584119889106,-0.905475846422154,-0.733582074549883,-0.562638688517206,-0.436684757594998,-0.784212994714427,0.395454637934706,-0.241132618062089,0.036778296575604,-0.122226413209527,-0.358385119657158,-0.154613647193842,0.230948779131362,0.674971703078602,-0.219644913985875,-0.198582255820306,-0.511980900801647,-0.262208550216102,-0.0345058987720463,-0.951624016924446,-0.28723503179533,-1.28818076270205,0.0843539411334099,-0.0539691537681189,1.09748362757227,-0.489965481704875,0.766045956659501,0.0504659554708923,-0.707099934424103,-0.541518614497402,1.16549116104067,0.203497523096716,-0.140786722101507,1.61390200690189,-0.0957406732639185,0.175907841029829,-1.96963288987424,-0.0667185544860266,0.723947091201057,0.108243814647733,0.623991813069868,0.639186124369161,-0.876865058515793,-0.990595010752347,-0.675130617679588,0.297282742084216,0.122237026233854,-0.016940584492457,-0.456578825236708,-0.599731844456212,0.119705874693052,0.260633607167695,0.86125888062634,0.455309579331616,0.343580160352026,0.785339144295912,0.273469997833929,0.495567141584786,0.247506003633079,0.459599273350866,-0.221936584833182,0.319369306882194,0.0961471169545759,0.475150026857012,0.28354801598096,1.68597259636219,-0.166334535890172,-0.293285109545074,0.513724741989673,0.729955645364377,-0.331669891022464,0.771931546406279,-0.563132863533133,-0.234597803919512,-0.339646387120491,0.897790664176944,0.316671420150208,0.387572046398146,0.0409560521547922,0.298756112917623,0.167718829253325,0.262393620896385,-0.0953848313906957,0.727076921414493,-0.546808449728096,-0.538902229224863,0.44115492837337,-0.111048328259929,0.298856417219286,-0.523847313095585,1.38965372856023,1.17231990575528,0.902001781330585,0.831605692092865,0.122861672880681,-0.203956810967057,-0.488783516223546,0.776724274067005,-0.145214072893501,0.291660033442547,0.150900782492814,0.723900390073025,-0.0960484933528242,0.233002540836152,-0.0149658148645654,-0.0785146105575582,-0.252525698187025,-0.562801677406708,-0.476192745417366,-0.17636498167095,0.0241589410605663,-0.238614881350389,-0.550771298582705,-0.405757557467326,0.429790806155076,0.764527360496689,0.562231125168814,0.540143655420589,0.601054553992817,-0.0220425150398318,1.86289993547526,0.113598710602781,0.472651975256455,0.585960279377183,-0.120288875626401,-0.248914881521019,1.38161542893548,0.370735261335245,0.385723700934677,-0.661605252534418,0.630443366756226,-0.423619877892192,-0.0979389281969902,-0.380398791567752,-1.39569046529541,-0.294493856665666,-0.628768809747471,0.295303291981576,-0.993453716960389,0.657949638069558,1.14719969871788,0.565437095237823,-0.499356797876596,-0.696668339926269,0.606717909787183,-0.00360669657280343,1.16584721748211,0.503757865187951,0.446325847893687,0.0934890427527886,1.64404408695386,0.158632359590965,0.0994116506233264,0.461290614053377,-0.360895965027902,-0.0668283885287906,-0.239302653300916,-0.70223970968285,0.124916261556518,0.240785440345154,-0.190853337234215,0.160928134577546,0.273288521686293,1.17625990142618,0.838582487575073,0.964028227279722,-0.263626544789305,-0.0021368384020102,-0.479592396675198,-0.0344399760936786,-0.0134328345992011,-0.112121766658508,-0.743711372260566,-0.420572185357101,0.152618464582798,0.378192555321612
-0.0364735127148262,0.618350901601104,1.42915110767405,1.99642119756184,1.33785628426266,-0.720349914403558,-1.96936931161622,0.682144126840075,1.88999723789878,1.20561137834291,1.50577209447365,-0.332877864143272,-1.28249365692103,-0.639854329673853,-0.461372036291085,-1.23927395103489,-2.88844159523436,-2.47727657505785,-1.72340188814427,-0.0118205930646135,-2.72001416811821,-1.94477432380989,-1.32563807128983,-1.70935740258144,-2.78056710403713,-0.261070939316118,2.35509433484936,-2.99331852669922,-1.68373627528919,-2.53412525887474,-1.9849902257716,-1.27670547105395,0.475200423766893,-2.54020652695839,-1.66179203078838,-1.51894695515755,1.92798030676176,-1.83145238144825,-2.10931175541533,-2.03425242121974,-0.45411634623663,-0.267332892227764,0.122938603984264,0.162675473064573,-0.200505032545085,-0.266048915376793,-0.726242836257068,0.469832455067068,-2.22908488007172,-2.1891851593557,-0.549255410563731,-0.774912213904102,-2.43992862532001,-1.11838132626662,-0.421831275769626,-0.51064861934025,-0.755152875543721,-0.478667141953303,0.328808994353313,0.448522074048218,0.53286252741371,0.538924038801238,0.888387597763377,-0.10284115561535,1.20103380553429,1.03119181036877,0.371283443289853,-0.51165692314105,0.27510958585872,0.477023137384665,1.99885886953072,1.17934475049635,0.0536848077567868,-0.602189311636984,0.435852938476373,-0.385840325851848,1.18942602251589,0.212479958748857,0.114642378611449,-1.0710907762266,0.938062616914226,0.802902510839009,0.114912674022908,1.90553332783259,-0.0263449828401538,-0.634061221174782,-0.615622683490912,-0.824088874562017,0.0169079681461525,-1.12341490292207,-0.622199166164537,-0.495209764513017,-0.487726961548981,-0.706611330883992,-0.740943146134691,-0.556153563396936,-0.322126759038087,-0.363347467168909,-0.748792951335235,-0.496493408046164,0.0462400050525067,0.493612957976712,0.366840088284996,-0.350616539722111,0.612044371791421,0.39234727213518,0.920245268672578,0.167198319584102,-0.60137566110755,-1.23704183931838,1.45648059749766,0.591199279010471,1.35885601898147,0.393396392276986,0.62544746598248,1.11644744798648,0.950756741650453,0.386106130331197,0.52280245307456,-2.63423638566193,-0.974377146520043,0.689804836278918,0.753768526766293,0.85991356934625,0.673527747771255,0.674798325961615,0.149869576443656,0.925035004885883,1.54422630153335,-0.11838090412299,-0.0197465274401822,-0.399767150233292,-0.263189140417624,-0.830497411810643,-0.713507600470335,-1.79407662892823,-1.34030235562199,-2.6143604378958,0.656122545791856,0.09164278240024,0.320703039372326,0.515012526200359,-0.172928779846499,0.11132536741865,-0.749858297299585,-0.130823016866589,-0.458017328407869,-0.399654650168184,-0.634960955588998,-1.09278719506573,-0.736167227528257,-0.225447265790371,1.00034501199476,1.78322503718727,-1.06064329888445,-1.81086766930976,-0.511277364883463,0.86615935919313,-0.862848269399641,0.174673489846826,-1.05569148002264,-0.946005732095807,-1.18948663199749,0.967361818864228,-0.432505010122607,-0.294397445919378,-0.789042564800252,-0.16715873610309,0.122920290184117,-0.373591336526804,-1.08912775989876,0.208379482751993,-0.627343948691158,-1.32321728002711,0.0481865086901451,-0.573998973230095,0.498769258103816,-1.88582412890875,1.27293668590267,1.00864359529009,1.13998234758595,1.59341856018485,-1.52323164433884,-0.196428392510146,-0.202455016280762,-0.214077088335314,-0.605062875312257,-0.0634539488974553,0.726482584985401,0.0209493646761276,-0.520374418978189,-1.75933100554736,-1.09750953765649,-0.477678906770424,-0.550280558684278,-0.490431897213625,-0.75937918109375,-0.618694859126385,-1.09463571429006,-0.431944987913779,-0.767941633911171,-0.26777744056823,-1.61727135992101,0.29480905272866,-0.552341135416292,-0.205104276391622,-0.476708766811526,-1.68443589799225,-0.812961024170076,-0.818546769281522,0.5269340038054,0.552644243189853,-0.428318368169176,0.275349450966725,0.827271789592061,0.216317102279395,0.291969818026489,0.310271809609101,0.464585330213164,-0.512122548661559,-0.239387295751738,-1.28819321152821,-1.74875271003956,-1.85424561127522,-1.00203813671959,-0.741029653018106,-1.64041132671041,-0.181664401977689,1.07375182103114,0.393458480730367,1.33871613184358,-1.48088665556819,1.29418273416618,-0.748911137840066,0.407348147897042,0.348156569814351,0.13867257469088,1.373051546582,1.21426774737021,1.3231212375964,0.184196570235574,-1.91631869321314,-1.25420015864785,-2.33999060855253,-1.09647357668216,0.731269460581458,1.28784994079251,2.36968723759614,1.19454215563309,2.11460015912008,-1.56463184924818,2.12930562581336,1.27910860966392,-1.01801943078878,-1.33805500028827,-1.40712277542263,0.402353976574258,-2.49288700720705,-0.179463892279073,-0.438352807630204,-0.853606492992682,0.560867140421663,-1.98832080119192,-0.348696702442053
0.66517921284978,0.691325837959188,0.0758503526819053,0.565546267575723,-0.26222496134201,-0.522332808709212,-0.894483895264152,1.39221252264804,0.309195995699863,0.037890668180444,0.660880323841627,0.178837250129608,0.819023058275356,-0.416700543810246,0.0309398149837621,-0.581921314740099,0.233168307781759,0.12753170675485,0.010383859806441,0.59532372414319,-0.162347521492766,0.18642297742365,0.135136865886017,-1.57329933891384,0.464784565901663,0.372607719859424,-1.26921931866718,0.0272035475868252,-0.629695038676435,-0.116657737657212,-0.549107159635771,0.318995100264449,0.152248042462474,0.184021847969543,-0.289202339150302,-0.387570527654455,-2.53228773861698,-0.0735085661903166,-0.142267262792546,-0.36817718378362,-0.18986438791493,0.83545321763054,0.507564025936616,0.540716681573536,1.65316941385218,-0.730093771387317,-0.400817243676173,0.863834209002567,-0.202535709777177,-0.88818738534485,0.230387090766729,-0.908112738049887,-0.0957537764477017,-0.607323285544425,1.33204739009027,-0.773130549499366,1.00383811607223,-0.216470570604082,0.556856465432673,-0.0872815444547157,-0.0761919417321771,-0.00199327498898377,0.553715813302215,1.10056502804812,1.67197465601619,-0.28426224396099,0.258708025023953,1.05823763245447,1.59664445688264,1.31202355581901,-0.461134019457039,-0.0433739985056601,0.158568458097315,-0.262857359728711,0.0281646176253776,0.0839642559200772,-1.45729959202107,0.614630679995664,-0.233742124021812,-0.545751904842716,-0.678229273914252,-0.0660267213453163,0.279645605180356,0.799670149934731,0.361531370519406,0.0875426215777746,0.356662136520339,-0.472098023215026,-0.10153364703144,-0.786957625583192,-0.585915196242802,0.210544941068842,-0.472587046289751,-0.085007902450671,-0.15458365359231,-0.198060421632093,-0.0511724075647366,0.328427981290504,0.000712791881141217,-0.0326674047177149,0.232225941020285,0.376799707246883,0.221482957307592,0.133911037085376,-0.992274836727946,-0.898163829899591,0.554540089917419,0.183970973878598,0.281399537688895,0.896100691136088,0.293588345199777,0.144344603967169,-0.798937092485363,0.263694380174526,0.0498599323265963,-0.409592820651446,-0.396193950403392,-0.853126700154099,-0.323577006524184,0.0544450897337998,0.0297258386135126,-0.287877423513272,-0.0552215714157947,0.080975918609471,-0.365202418729725,1.73769379507648,1.31340734682972,0.177773319504823,-0.423018280454539,0.14101236191189,-0.230111947073467,0.0215225759648548,0.141445244262609,0.35892459130174,-0.14966270075501,0.109286734793703,-0.0938327528846286,-0.478721181450539,0.560738606339434,-0.337009261148512,0.26634651848458,0.783728308993664,0.0836967672377685,0.363700375600306,-0.570930428758419,0.203783174854852,-0.492642355606823,-1.11226212126138,-1.05216283850214,-0.774964283115911,-0.261973968118119,0.0793920507482218,0.784891707091071,1.69942386944617,-0.501540332360398,-0.681573467688729,-0.886892257804141,0.200025673441262,-0.930558767099706,-1.71587994708403,0.279334220507749,-0.878415049612699,-0.798564484788497,1.20352033674914,0.63119616976321,-0.252666220300522,-0.993970666044897,-0.102162864667781,0.0607343913089756,-0.0518044951172202,-0.380486815700569,0.0445827260308195,-0.0259400716850765,-0.0799821008561401,-0.106248120997678,1.17263127488562,1.45875888563078,-0.0639183668762221,0.422111405913401,0.63723685777086,0.844003036607658,-0.425187567532192,0.324508844045406,0.982432731251892,0.811610575594857,0.327613402895552,1.49335199661247,0.611304428672597,-0.819261901997824,0.7472913685695,-0.04109221542214,0.131563434366423,0.20443534974644,0.149499304260162,0.785327750191794,-0.477259225249039,0.878071176700096,1.38315496693789,-0.0256947124712171,2.42287545228178,0.157949298699026,-0.161800111132048,0.194622132025751,0.385102942575905,-0.0312606339226484,-1.28219972234213,-0.566353175257567,0.715103194102888,-0.53198152601026,-0.218672575868041,0.191380288173519,-0.779348790678152,-0.242416150732897,0.369225632209076,-0.268266289335784,0.180022718562169,-1.2133822841508,-0.899985342432027,-0.730187414636046,0.658984706277809,0.604396800035616,-0.183517276226851,-0.548923869660196,0.269904644626767,-0.104673140130461,-0.781680410576808,1.22087462372279,1.04888813425088,2.00550697224012,-0.0893233105215046,0.213284228002506,1.32868522800693,0.614665395910813,-0.282782476621039,0.317070143861101,0.775148471167999,1.43330216184628,-0.928864876065349,0.179963016088081,0.296588724319824,0.663461374012304,0.151066567179484,-0.165624370455777,1.08833277257174,0.119229296186015,-0.265620771607057,-0.290041546951673,0.0626631483967554,0.0573199400479109,-0.062572477199656,0.280521172375572,0.793662353958431,1.48190511310143,0.870499998204826,0.0285508755532998,0.494239709719045,-0.125232887747493,0.211496672895675,0.381199670906218,0.0502659787233874,-1.11005743334874,0.166575326883868,0.0644367013020939,0.14754352968511
0.149129111916714,0.826222160619066,0.443812163422916,0.414967232179165,0.205032658394047,-0.00592739355805052,-0.145091207032504,1.2727242737028,0.175798740708053,-0.0665973060673631,0.303782294960923,0.262497013863805,0.331076327119153,1.47950732498113,0.267566521152336,0.112924453287888,-0.265435460663073,1.17777720212766,0.0102986701015607,0.539170086524803,-0.248618667567774,1.23441929887146,-0.0742116177706568,0.609207708437856,-0.18165037317311,-0.143332225561531,-1.14305163296753,-1.02614445909564,0.0825357837248179,-0.172441647438235,0.00226138195803977,0.557646532266018,0.211443780454095,0.0989091539061873,0.772258897371556,-0.187721699460779,-2.30371592827777,1.00324778673399,-0.115503943644207,-0.285420178276305,-0.27396830612232,0.185438774234683,0.553349680630664,-0.692815298295927,0.533417047717474,-1.22301815317175,0.5896335023526,0.507752618649123,0.410916378658976,-0.262005620901964,0.356551331900798,-0.609922363232046,0.392146141813481,0.198805903477533,0.911743240666554,-1.06953154857597,0.375964632509488,0.861566818373076,-0.314332665991656,-1.35771408512695,-1.83647568655001,-1.34427386668001,-0.539345416263412,0.3240571634216,0.532323771076916,-1.03480976278916,-0.304730653516574,1.36412056446625,1.18124254725491,0.696133234758106,-0.145390115810459,0.240905364070135,-1.93891824428549,-0.211783325243691,0.560623369863432,0.758495436372284,-1.4546428082175,0.713600081893393,-0.603809162413215,-0.864711662248614,0.990681535358197,0.471943849442122,0.806230210296803,0.431346521762872,0.911768098823813,-0.367246568416387,-0.451606018543321,-0.988401239018902,0.505883783074388,-1.42317258024767,-0.490221718555554,-0.437521677577139,0.33070589193226,-0.529287035015147,-0.553235164278759,-0.289636500852908,0.128933308649095,0.225318391323474,-0.059344931449122,-0.0463305658246655,0.384370602704483,-0.144547384194783,0.292101381831855,0.148664570369023,-0.169855721903182,0.314530509154079,1.57167002224721,0.315650662286747,1.33324989198452,1.10226737515046,0.496553412580104,0.673113242452567,0.136777499296284,-0.114861812354573,0.547093873879098,-0.0908680754923532,0.342367360482481,-0.065663488411238,0.408580181925691,-0.149389223762209,0.205797358761018,-0.492752230731272,-0.118025882617029,-0.168647407968893,-0.893651376457623,1.18014305667292,1.54481428350279,0.101635353423011,0.629704695194954,-0.46026671224002,-0.15793032764655,1.26887912434744,-0.56615649334654,-0.0557937104185884,0.371773357452851,0.680621281143573,1.57774367968804,0.135936654025349,0.305977569027757,0.422336516814217,0.668755929711086,-0.0598842111466016,-1.30427217121468,-0.91144461369839,-1.29930061245696,-1.84360763039426,-0.250526334843671,-1.91535424923599,-1.68108088688756,-0.889751204543602,-1.01125052183447,-1.64373461204938,0.691451914180264,0.940165578391033,-0.659831868338156,-0.450220696072804,-0.329308897876789,-0.737056617228108,-0.808720643754497,-1.65375843950503,-1.09941395846589,-0.719460042156767,-0.31201353630177,-0.802809639096073,-0.220715198620323,-0.808694237813359,-0.558901615492273,-0.509232958438637,0.720283921241306,-1.75129129887792,-1.56011893322404,-0.412957260668458,-0.396491337999883,0.0351926232145548,-0.642977175105402,0.478681539059902,0.162429520134524,-0.210448941029253,-0.00330592185832671,0.78512805539188,1.26112425211527,0.143458932285226,0.654686903001415,0.830354526545001,0.71157938789801,-0.462793134163627,0.410651239385424,0.153716259738157,-0.820688873048754,0.563202158174006,-1.06905412697601,-0.236569523717432,-0.13935369371373,-0.537455179985571,-0.514430207346571,-1.1462870968936,1.65152115028866,2.37310679103738,-0.149407838996097,0.852896403214564,-0.326944104992432,0.0517132542669813,0.255567791722946,0.105276818512304,-0.563376159703737,-0.721790777921351,-0.931254952605721,0.880587137412193,-0.735272171396786,-0.829605855103354,0.39740233744009,-0.924719367517949,-0.205343018563542,-0.215495687536436,-0.690247279334289,-0.366272190613214,-0.712807171391576,-0.605728910353942,-0.274855568939408,1.07125305144673,1.35499238696853,-0.127267967935929,-1.43725024245293,-0.38319018542842,-0.869479822382164,0.0176780128116459,0.984422444899754,-0.566927187728848,0.0312878485068692,0.056497315154825,-0.0740157398759934,0.055731867232435,0.375436379825682,0.275269817298281,-0.150654715743262,-1.54742284061521,-0.377613395868988,-1.72938059897967,0.600238718419928,-0.312441367509599,-0.24927189359402,1.9866748431169,0.571143473329444,1.60028593724056,0.447156256331449,-0.551651135600506,-0.131834806546963,0.0229589475329068,-0.308193598203522,-0.0678254700733065,0.357102548761528,0.00755519934918572,1.72485844399011,-0.102317384615776,-0.294376883685566,-0.389925577567143,-1.07022405590753,0.43848451461142,-0.617262938382196,-1.59710612734473,-0.555192171465024,-1.06852204082726,0.267324645771647,-0.0287207439744797
0.704621563108072,-0.496549887550852,-0.20643168257834,0.0204046018672237,0.0376994756605289,-0.157826385807935,0.97938571603976,0.572389905490337,-0.785989097144199,-0.305788609847349,-0.417365951997561,-0.2247854053226,1.52996854193785,-0.736353622003202,1.08627844960877,0.836022099090396,0.607842275415702,1.04389381969889,0.498900769407277,-0.245100345159294,-0.152197994821425,0.402549791974481,0.294707162605564,0.571388352696505,0.268376641047018,0.277701549019652,1.13356629897043,0.388372778927972,-0.0777241188597879,0.914775751904755,0.132786849911972,0.259181012507329,0.0891021526669512,0.459499235236206,-0.0335761075605674,0.417431933454196,0.648598298387631,1.24108829324149,1.18518033599264,1.1040037834168,0.379633571927389,-0.156059437291639,-0.346561475808615,-0.0769749345857538,0.0312090370651692,-0.885532912485739,0.110760125034741,0.144100375182885,-0.806526458590031,-0.272012862799739,0.353281675856317,-0.211707514203058,-0.697875051532678,0.00244203176272001,-1.1500140039652,-1.24435479036188,-1.40604626873968,-0.374178217481387,-0.34363189047459,-1.33360601201114,0.22667249065678,-0.54128279722095,-1.08214721883482,-0.21569792390195,-0.303366294394353,-0.603630973361242,0.00411253714818162,-0.123798209022058,-0.105265752541539,-1.14219914970135,-0.39621850306686,0.477222829337962,0.488467262095102,1.46986135281773,-0.711367847247613,-0.262865136077647,-0.522284109033881,-0.289028280494332,1.47682342114077,0.696491574798524,0.494214977143922,0.298131112000816,1.31870975044626,0.997306753107971,0.404231587922167,1.96643351217746,1.40561106347357,0.916351099295019,0.872627837190799,0.972804552115925,1.91207984236453,1.14564963779913,0.417746239931054,0.602847881217235,0.299164046205804,1.34960007881236,0.923139723052986,1.52733083851308,0.703559138503663,0.449375433455905,-0.424006196969935,-1.47367292098403,-0.278314148859293,-0.568153373348091,-0.793085835166428,-0.596964989429336,-0.599847324230236,-0.0393900626164175,-0.418528126928217,0.138355044928049,0.777861513917948,-1.13501033166374,-1.4559393922632,-0.719348642345257,-1.10386707903175,-0.246488658970423,0.889204630947982,1.77055656286691,-0.274970614264023,1.36480323129215,0.850496744820183,-2.3359550798054,-0.485336007317701,-1.36483499424815,0.706782114954182,0.488570092849535,1.60054272918646,-0.0533361434641974,0.696094820766916,1.83501442375715,-0.090150286695927,0.169806501340795,0.180801567234303,0.837197338444244,0.510537030958522,1.58895202164632,1.4120439687952,0.803202145133127,0.293297641228466,0.755297065640541,-0.406751904080005,0.213148553910529,-0.859235724706722,0.487524201103501,0.0789696736669786,-0.0347345105387047,-0.237098804027236,0.140636453980097,-0.181760612484866,-0.195897334123706,-0.581974997698938,-0.838002822506122,-0.801901174090785,-1.02355882453706,0.082053367025059,-0.0157437713872726,1.19150803116189,0.230970918461591,0.063649485866628,-0.369306440977202,0.102278129788505,0.306248048019097,0.109720291308011,-0.416016345695265,-0.212049159409002,0.414717465677303,-0.317915299477376,0.350517169692714,-0.106877048155779,0.110999942926395,0.392982523855264,-0.132532732284492,1.09669081581722,0.22320584395123,-1.44574769622185,0.447910725733184,1.58293063891894,-0.380550690652032,-0.838167476459826,-0.392419273568858,0.51418899001386,0.200219349878248,0.864869725870432,0.820806507331793,0.628557422800751,-0.567765467764002,-0.0734819170505929,-0.642606388958556,-2.13104013684868,0.922288858820249,0.180051127170344,0.785481257037275,-0.0911468011171228,0.696649474013355,1.05520729161357,-0.825204093966989,-0.329235528032557,-0.874781746722885,0.585625400327964,-0.226313308774739,-1.79452038099059,-0.798255796347766,0.777873056410978,1.34753461035613,0.280434628594351,-2.86027948782802,-1.0377467529855,-1.63655253855191,-2.09594815449907,-1.10386382250858,-0.117857244897075,-0.884870851515911,0.198973566407179,-0.565911526727731,-1.75561604889438,-0.726612427785478,-0.726900272206192,-1.09561214350196,-1.64059073014732,-0.0824385005911424,-1.10405068049449,-0.505690816456123,-0.381293689102467,-0.971837907499855,0.546847725436162,-1.00542797704558,0.282564714353716,-2.55348031964004,-1.10427535194995,0.233293419688609,-0.676287647917689,-0.274717309522046,-1.55699323960744,-1.01512992754665,1.50762070138244,0.978313951521849,-0.0857441218020569,0.590967165579686,0.463798779589406,1.24318473572594,-1.34758683715272,0.41698373598688,1.01552094098403,2.28513302937235,2.69675542609677,-0.443942224408699,-0.720077941005367,0.117188444784581,-0.234462854245589,0.434624977392402,0.788619982687405,0.547412820177005,1.17171048047251,1.11742405596861,0.106714611988776,0.447505902688079,1.17983208354702,-0.225069535391564,0.274235934564353,0.469781623752907,-0.898677048830919,-0.989782612979131,0.495739673945795,0.00562178454696396
-0.0435373934501305,-0.574727155881057,0.344991445691853,-0.59333857098244,0.789909330883722,-0.963490906918364,1.12100762453786,-0.102530334756648,0.087148063444521,-0.304846841312605,-0.219914746648937,0.517666769850137,0.375872952386867,1.43436694439237,0.94949897909639,0.325333497982829,-0.143569276315092,0.892083938680688,1.0567448613806,0.451372422029079,0.364037754092666,0.891374866026938,0.958474266494424,0.992037318616791,0.748984376535556,-0.129077211407111,-1.30651840773352,0.881428143432064,0.599539694944067,-0.214418172420409,0.58029803943541,0.69117791416825,0.063566715410454,1.08841147574249,0.79985513414571,0.297928895145042,-1.21786127517207,0.547981750444567,0.417254635283357,0.760028974193815,0.144732620493991,-0.381319699838953,-0.0890968259047428,-0.65873065353479,-0.757264610248966,-0.62386343121162,0.667641845066398,0.0698021952683055,1.07966621319051,0.732677617044399,0.833643871975833,0.362652712780721,1.09165918130856,-0.00271206476999976,-0.505552040911388,0.448376674828318,-0.61037059530765,0.0576103214441258,-0.557274011955763,-1.03903993848304,-0.887185708541208,-1.36513622599578,-0.256351254707923,-0.502785042790775,-0.0250851535081695,-0.913521121771958,0.0767743095769901,0.162554956202472,0.265049108560375,-1.03285020869891,-0.514641082751004,0.228297721426343,-1.02031471650541,0.154251692183299,0.948867595406332,0.732299391004108,-0.332274967342672,1.06279588105477,-0.782232789923176,-0.0835535854179819,0.742928810501654,-0.472490422140162,1.27196784887526,0.665549342252903,1.58688454028982,0.421123477628976,0.336818630179028,-0.192893671549075,-0.55508274463237,-0.539173945628857,-0.0553397104033935,0.0913602658234196,-1.40879982948703,0.756022960295567,-0.976098977113345,0.413883670465989,0.138128465041071,0.0478236988890656,-0.260740123356984,0.234872666362793,-0.281077665506841,-0.672279327532664,-0.250038526837,-0.730966513594901,0.0698880625312705,0.262293837136709,1.7100737379893,0.738415628668691,1.29097687492181,1.60301378514398,0.835346634338487,0.087896110831323,-0.0690220474095954,-0.686896400981605,-0.365683580199771,-0.0984967268144555,0.106776764728166,0.197712578110287,1.14815360189091,0.497572282523492,0.0998769630614085,-1.43534165011534,-0.106104108286607,0.143969424490325,-1.35693717905001,0.251699502152759,0.182868067113288,-0.345438227753242,0.692164065080332,0.368338814900448,0.505483363342489,0.330236090616275,-0.0890968625637561,-1.4354034132466,-1.1082826208928,0.998260308016923,1.21419992784957,0.683652638771365,0.424365951625096,-0.265332109287355,-0.379692882007761,-0.909565822286484,-1.70001127801962,-0.546649103735463,-0.213928693274287,-0.950391478440999,-1.86848552776041,-0.672262479871652,-1.09381162851638,-1.57052301122026,-0.843230145722698,-1.32174431994009,-1.04087196613609,-1.79064275274905,-0.316961774070991,-0.565175755037144,-0.589278637935126,-0.223581703080914,-0.901865729577661,-1.14877118168379,-1.86455730073226,-0.761281729376356,-0.676787622108363,-2.10706593826404,-0.419217833715942,-1.17836772391891,-0.598572124002584,-0.482399818786616,-1.39108093285988,-0.230871085232196,-0.331887018052405,-0.604265021913651,-0.492408473533362,-0.0270580004101066,-0.999809660373436,-0.306110500920855,0.452299147781618,0.572641660106377,-0.945440338939941,0.579374838876247,0.411458239928676,0.518041146660114,0.295033973976949,-0.404061721237907,-0.575689958960427,-0.998232515790765,-0.704044174449951,-1.29026752566215,-1.1344159908879,0.391683640488671,-0.865640514034613,0.179040470226969,0.238450644708366,-0.284940756167481,-0.102298623890852,0.600103444781132,0.392646389018515,0.70339285197503,-0.0611696791352646,-0.366779273977709,-1.27886496697185,-0.107320101374175,0.909674604974299,0.29621228737491,0.449483227471406,-1.42940288977778,-0.910810515294949,-0.978093626857828,-1.3992079759236,-0.434206475183731,1.34500096686187,0.113986640809863,-0.0962707865878756,-0.893298685165759,-0.822887216726619,-0.732324955770553,-0.0315893014183838,-0.828118328456063,-1.1846603619195,-0.119724696678786,0.47383079882862,0.283827669919208,0.432421003170843,-1.2031258313608,-0.929383591702606,0.729323697951026,1.09259478210975,-0.130587228343772,-0.869377959146492,0.041173862689123,-0.910428847043682,-0.92311668523924,-1.45517853747387,0.411227487687846,-0.372903938565922,-0.866976358419956,-0.693728221412882,-0.85249694218475,-0.0926063178298722,-0.440608093457173,-0.618005406852071,0.594577148802611,-0.669641970961001,-0.240037657441162,-0.30705881627708,-1.30617986803753,-0.178701284899858,0.518514796747839,-0.237444055399534,0.041046814878052,0.045718732914647,-1.31025047499255,-0.66561810289731,-0.131541490019487,0.114626542192406,-0.570790870830168,-0.188929246902659,0.22553260113713,-0.452289917915532,-1.34148586246964,0.258015969203573,-1.74974376321364,0.2309309528091,0.552502592243668
0.604529972255878,0.434892863730346,-0.422662445290173,-0.242683993602172,0.294687979672664,-0.360086116087989,1.14134366755319,-0.33327024158449,-0.760976309275333,-0.929631126668206,-1.17673245120219,0.261764612523789,-0.492474237954375,0.0210762140024263,1.32592098428324,0.992066953957603,0.817317855072511,0.108198883236045,-0.939161385010874,0.703966357966125,0.233590331481381,-0.486909612363678,-0.345097126040268,1.24217501240387,0.527245028103449,1.28721395961918,-0.136673401824285,1.48479056316276,1.21649559722996,0.319309545822402,-0.0765968929553624,-0.614402364947169,0.669341977237118,0.612991093035036,-0.366176903940016,1.27630253375002,0.481333228008168,-0.555625502316155,0.595094802421324,0.511586060919142,1.48519740392511,0.237990080632174,-1.17766465089395,0.542699525877557,-0.732467738542574,0.011697999479368,1.55912589614149,0.623053284221796,0.709419743135571,-0.378611859751764,1.42656383645016,0.254502531139541,-0.0931508938153367,0.870810715643265,-0.10145679442437,-0.0945661921633481,0.736817325406269,-0.575629344505947,1.06742192625101,0.0591256590897808,-0.16419089589078,-0.359672033587335,-0.224538644047402,-0.446124033896896,0.633473088638059,-0.754953200071167,-0.975142461288171,-1.1664358768211,-0.68149338603511,-0.73798834114588,-1.09972955290676,-0.133093439744683,0.128743998383191,0.595426912129356,0.60297437176131,0.305534198723303,-0.606889869614393,0.878583121882458,0.476275249619451,0.457642441462572,-0.973981405850425,-0.963571411206864,0.0700462088628688,0.216610678994072,1.54128467017507,1.39986422222622,0.285198706423653,-0.147782149514891,-0.644015047068987,-0.77082732410627,-0.624855163635085,0.464611553331069,-0.822874980074628,0.916815844760424,-1.07086568068517,1.04909986062038,0.666853189053184,1.6461649306589,0.977504271075821,1.33288615617413,0.268354905699156,0.509217700572994,0.651513851014761,0.342799185080132,-0.750464457837541,-0.47194904201702,-0.752097857957063,-0.954267202511166,0.214745068944975,-0.0179257113184708,-0.548409441072172,1.00307374544505,-1.18567404939933,-0.428825959128565,-1.16213936240573,-0.810324197740807,0.648354014872249,-0.722096805852023,-1.50792133748701,-0.117495078824966,0.854852398545771,-1.02638450246501,-0.210806772271158,0.385102163048099,-0.697803450854121,0.209998450971109,-0.21090510342301,-1.09559124245186,-0.295989384499689,0.513926416606299,-0.361194024852747,-0.213635384420978,-0.0450020579752562,-0.403263262475127,-0.495312938380118,0.419665080827946,0.845829453782748,0.42550175685521,-0.330009078171741,0.033000735766099,0.406533154937831,-0.125699507863017,-1.74496289480537,-0.576801802335963,-0.991585839365992,-1.17222001744027,0.0342088094751397,-1.12421581383746,0.356426279420039,-0.935311753813149,-0.900088173152368,-1.01457889060255,-0.0708349453285495,-0.216561888309943,0.597770360859451,-0.0356610051282508,0.414025751805231,-0.278407596921348,0.550553045390891,-1.89502626827979,-0.339183694799461,-0.0384821918014858,-0.411565766747762,-0.15210881417031,-0.013006496824223,-0.14132850355662,-0.56228435741438,0.110272913464684,0.551381603404634,-1.45254170816748,0.156525419204814,0.136203268291788,0.163010520790657,-0.180962672590039,-0.794665442531419,-0.599324629508203,0.635398934048057,0.733032533972983,-1.95602181554447,-0.00315167043271996,-0.0644905731392172,0.424022267922045,-0.148825799605405,-0.464338291228038,-1.31031066685465,0.0360602707840991,-0.641161340053073,-0.264118172039237,-0.615000160732533,0.956584273017878,0.72593058233249,0.674092801136808,1.0313307722784,0.789301154814364,0.890415125443622,-0.527830102675883,-0.116683198505193,0.556110852338578,0.419743056735782,-0.0504086894363064,-1.11508119411761,0.744993251738814,1.0181176201959,1.13158601054591,1.04065068784376,-1.46556002219294,-0.00518715648693195,0.471895291270893,0.116122751096367,-0.404202163652715,0.703830480222702,-0.643181508537135,1.33934709878239,0.0277159364278243,-0.210292605524648,0.963738109953066,0.00168655494555637,-0.551160358696825,-1.09781400479495,0.229699829666058,-1.29457699463597,-0.328444464317676,1.63669997561386,-1.23751184197537,-0.645814000806786,-0.154396454896042,1.17212615427535,0.220704724043678,-0.73952097967045,0.897207275517445,0.253698388487306,-0.134248150825416,0.191170653883725,0.521728338009749,-0.149753492014444,0.419996947285104,-0.0972676923755375,-0.269757267069471,-1.85715131235434,-1.42487776923151,0.253537284929759,0.439876038993589,-0.655099136819602,-0.52891697948672,-0.335928170662227,0.280526169513406,-1.029073085191,-0.545848141063859,-1.01624636299049,-0.102323655835937,-1.1264781909932,0.327643168797833,-0.26816435540111,-0.95361958610165,1.08340794979423,0.717226745833065,-0.509795330138425,-0.673301467207326,0.824817332125176,0.0715119674345074,0.761067951291226,-0.364001704658241,-0.432322915942223,1.42432915123733
-0.570257362315666,-0.487948989170716,1.10157548567983,1.5312671791719,1.36433468331432,-0.124635680933415,1.45992241844642,1.03565713116535,0.19992202099727,0.360477868056441,0.120784935247376,0.278904238166539,-0.538716619707131,1.55336444510547,-0.859066932274101,-0.735589104429392,-0.945878512528166,-0.673705192116356,-0.347547375163745,-0.49537677772736,-0.902149165428277,-1.06455664020911,-0.457392169243699,0.171112316518519,-0.375053302342793,-1.01569340977072,0.232732369737126,-0.847172362149085,-1.08204351744166,-0.768523131396505,-0.545679133519154,-0.557031159610825,-0.593805067960973,-0.119031360098418,-0.590720798837037,-0.928247508123084,0.61628939224584,-0.463555954583708,-0.683100163420261,-0.481417482918783,-1.32231527690284,-0.412705042306741,-1.58443283141151,-0.51834746583374,0.228295657302509,-0.889450562150977,-1.29942213637566,-0.753943612848399,-0.820565991867282,-0.784144800010947,-0.609396781188602,1.18514615605778,-0.588535811029293,-1.42130879972235,0.346880819375387,0.163797285321704,0.862128919292477,0.361101370597443,-1.60169557812323,0.725986587563126,-2.0835802433224,-0.531023297633324,-1.2001317522528,0.454661275566687,-0.56981774520894,-0.285972971318257,-0.178513403474756,1.21365456625121,0.796459775873825,-0.399973219496003,-1.25917857541876,0.803900071938603,-1.50113490095403,-0.661400411026907,1.01216595174343,0.587517515438721,0.613460421364784,0.968004750077604,-1.7162112928199,-1.27889532644272,0.831882077433157,0.575833471497015,0.198768270150332,1.4434782224348,1.39380580537687,-0.938747839474016,0.184590310925002,-0.489982684182343,-0.912262027987016,0.44130619759833,1.47794417771322,-0.619244731117867,-1.07515530750326,-0.930122382470122,-0.988342821047599,-0.772606372532938,-1.47131438604909,-1.27217828513071,-1.33215202241195,-1.09285408526319,-2.65677488555033,-2.41623142611763,-2.00722126981204,-2.1249271526194,-0.21286551333312,-0.119696081603236,1.45580173577945,0.839454308451503,1.03370190981548,1.07188478682569,-0.262554119767252,-1.83475073106265,0.233685771234038,0.353744266875012,-0.180238472922145,0.580990938513192,1.35340296541008,0.344352370655185,-0.882216602758,-0.77681498348239,-1.13044394327051,-0.839524196900711,0.722488102263522,1.51079817880668,1.25662465800589,1.8065184241696,-0.41715468927132,0.207077219204097,1.69670504625675,-0.93032853735423,0.842846181985524,0.848412195946893,-0.315661852197002,-0.473937419309877,-0.792744006416689,-0.581182703958581,1.16173396926523,-0.596321907498729,0.201936730360052,-0.0467851765008903,0.0622685625965237,0.0288471155305221,-0.0567851873991015,-1.45850781542094,-0.970312115706193,-0.922602120397604,-1.1471115083649,-1.02072629245591,-0.725377493833699,0.739392981202012,-0.166380718095998,-1.28656353930729,-0.258464876611456,-0.111527707564236,-0.970793559963665,-0.500375548059622,-0.672543263681967,-0.460844375754785,-1.0823968294066,-0.671227008229237,0.155507101573941,-0.461714454594398,-1.63228843750613,-0.148343069280484,-0.845848813741471,-0.907665240221747,-1.96093179952671,-0.570740550361617,-1.10857662074443,-0.932361036987928,-0.569348947211808,0.479760593334415,-0.933081916025635,-0.969892487279504,-1.94245274576206,-1.09874495271744,-0.405270994933128,-0.852058819040928,-0.36163695189505,1.05245629482322,0.973683308533915,1.68581532990645,-0.933869115078245,-0.196366299973247,0.176176141035537,-0.95876962562674,0.144672204470857,-1.10950901602934,0.202604580308011,-1.05919958868611,-0.596046165773791,-1.07784363231015,-1.3243032978176,-0.79230357875292,-0.677722027611133,-0.792002488174157,-0.0289562231386733,0.748243580521361,-0.923627371453121,0.0996365647094028,-1.52423078746486,-1.42917810004439,-0.706038452846106,-1.2301936210286,-1.49898002134875,-1.19247200076091,-0.636855140607793,0.60908173537159,-0.707992844962479,-0.251979925448987,-0.312241012173339,-1.8086595323665,-1.35487995332824,0.195457564933162,-1.82214590736079,-2.00187636932943,-2.20638344245758,0.0567584978300791,-0.47608500525687,-0.448655320416307,0.749157546780775,-0.329193068819186,-0.728643967634256,-0.347661236225212,-1.58003448322415,0.357225809205719,0.140122247492773,0.807690662056897,0.823673829700548,-0.178152160707103,0.921071614753493,0.982334454694916,0.75075600742667,0.450995279569561,-0.227491542064859,-1.01330860967874,-0.468373401606574,-1.34647095309106,0.294485703521514,0.210297049001842,-0.380645294309443,0.458312615213876,-0.516050386821701,-0.663676455791012,0.243113889197858,0.960312995374248,0.914853807295975,1.79428007196279,0.488849794794055,1.41328387471716,-0.71806858925469,-1.08560752222423,0.897742324452171,-0.542784418149372,-0.857399535517099,-0.692410658748792,-1.38900746886075,-0.633605304948869,-0.897692663973431,-0.46935327237621,-0.583435365623184,0.964444053330284,-0.849305554248274,-1.23197022137934
0.401260499582868,0.345263293653622,0.247941323311112,0.673509546651736,-0.292930439267672,-0.89432593538648,1.44529469051425,0.758581773099768,-0.0612505329222506,0.523779887749787,0.601828576999873,-0.0824459513921501,-0.163942756282246,0.0982096813450238,-0.0597728171113655,-0.291629391859093,-0.257861541761523,-0.102184334823372,0.126880997660979,0.838652299881558,-0.000402008191465213,0.0528754809407474,0.389954798627774,0.570434843261963,0.186732496791057,-0.00126399350484306,-0.220888463796294,0.248369151326484,-0.0857835313452072,0.439810083695854,0.188933067751533,0.0688960342031546,0.910701301062045,0.212492864762808,0.20970189264504,-0.201015330270579,0.430585596472898,-0.113665075350649,0.0696362553495021,0.114787308526415,-0.240934548807669,-0.0937055770224356,-1.41575818252742,-0.507733583394666,-0.736743910164259,-0.839479987355209,0.109436406732165,0.445775590792996,0.185713087430755,0.126283129419258,-0.207958714930498,0.563883272573345,-0.0643692446501222,-0.638858971130032,0.293876784715639,1.04872310915327,0.52759760261018,0.273179879558339,-0.0877254234008757,0.0119226774288917,-0.261978363169494,-0.619282133995967,0.396284436056381,-0.582686701755329,0.350780242727753,-0.0812945628520856,-1.12224925146076,0.176717569301958,-0.364681981742434,-0.704939080710549,-1.67745447591883,-0.345046908611601,1.29398408222494,-0.404783914743332,1.00871780242412,0.0325170953858403,0.369761910973037,1.38265483158472,-0.431293682772189,-0.779387825176044,-0.217608564529404,0.0227057292060686,0.569021693791385,0.94323977376103,1.601036181342,-0.353062668264823,0.642562429799826,0.211320832158958,-0.388619743073796,-0.0878668770433437,-0.523140800069391,-0.159430506306243,-1.13301245202935,0.315911209791906,-1.31838915789031,-0.0732672678139081,-0.9311356252384,-0.502780752098453,-0.872625067533415,-0.377811110470241,-0.638266401828521,-0.241444502259184,-0.368399470060569,-0.568208776640555,-0.313349734763178,-0.293099404158474,0.051915897989321,0.184049079774764,0.387655955336182,0.720502783222547,0.581284122440323,-0.264428224102736,0.839394953662018,-0.297457444742769,-0.0568918877032882,-0.327966802513321,0.731696451603739,-0.204834888495557,0.186816821539107,0.143588202005876,-0.54111989774968,0.730997585497139,0.205892065421187,0.597768391200123,0.0466240640486122,0.984230957727056,0.679019651492362,-0.342476793667131,0.130302489012242,-0.151697958393311,0.471309691221324,-0.264025312629227,0.0225329312495027,0.225744475665502,0.119147260620678,0.423192431432386,0.280077777157223,-0.54965087192281,0.153786270152466,-0.421357746045625,0.269003251004608,0.296533431780194,-1.09684284261231,-1.49222799209105,-0.634489856213681,-0.963679684386139,-0.928914942317764,-0.835844684927944,0.49844501254438,-0.16703096715253,-0.22068739798037,-1.14952211630848,0.749552994060557,0.707141862119146,-0.000353359565011592,-0.174606070775628,-0.714011955948041,0.237811913377882,-0.216692914144784,-0.951378048804636,-0.0928241199479466,0.270817376688826,-0.255445904616073,-0.459127318786979,-0.452620797523564,-0.221639933357654,-0.59618673176507,-0.0435161575841531,-0.116214357179249,-0.596779738917618,0.557717596650696,-0.850077121578684,0.270043829716602,0.37441127493942,-0.23158571401109,-0.707472470126738,0.91245440007427,0.102484018472355,0.487558422579428,0.2970305841899,0.822359329002337,0.527160885050806,0.302496533767487,0.201728073933058,-0.562199598897163,-0.552495813505027,-0.124386960425077,-0.61346178916096,0.0862198899348296,0.445503442531496,1.02000364362677,0.0186048336948872,-0.341393783431995,-0.239730839362858,0.361099232540964,-1.46680006901136,-0.434271757700685,0.479429059982529,0.207051638678817,0.463885036197571,-0.480524439182619,-0.451357173435329,0.234367795487667,0.148488886769421,-0.476826475469839,-0.624462298809043,-1.20642588109283,-0.206956508547121,-0.0581366610021128,0.0336004710626484,1.0686310762318,0.00612691142715775,-0.306963792163324,-0.237472033457661,0.266816477039238,-0.19817922890638,0.0609923204307358,-0.306393552472592,0.373409123329723,-0.655652249042148,-0.571855863391244,0.919269876658569,0.103772175750223,-1.19179186214625,-0.434910483096512,1.00820276358753,0.0495545980188942,0.253761653318247,-0.136314274201983,-0.0151229505647481,-0.113714383181466,-0.635020351622105,0.687723617431794,0.229786311922922,-0.571597610140557,-0.569403705840648,-0.190052928491214,-0.0824847016667433,0.402127269989689,-0.931518542373725,-0.270498716212695,0.186380644842314,-0.0237090248858889,-0.704212845021274,-0.194752762283823,-0.600586155464452,-0.332210698949283,0.251959243149812,-0.663940831110561,-0.152113100471551,-0.0635777038600999,-0.771913476015062,0.277125145901306,0.586838334330272,0.252131352107049,0.256205933725102,-0.656387425883003,0.290863068186847,0.652671360504046,0.414347261209358,0.133949103354828,-0.167858011707468,-0.0635396775623333,-0.0844621328078266
0.21091227468368,0.716700019517769,-0.505820603458868,0.406045259247129,-0.359463683971256,-0.673871922289112,0.984377014461537,0.106049761815817,-0.904265573942512,-0.28310957634548,-0.741720925323742,-0.153153777245594,-0.601512253817743,-0.247180978955945,1.012566096815,0.946478021964097,0.887790197690262,0.1056766838293,-0.793522273644194,1.07623430656753,0.156349556953051,-0.671859526504496,-0.399751325011581,-0.0876875142959121,-0.265222630694465,0.175863276043553,0.0177706945247318,0.143419838952519,0.330046085731031,0.710203373570184,0.0698748610661859,-0.741833763511578,0.859449002660551,0.140538765443939,0.0565081612339089,0.68307441023259,-0.0678821434390812,0.00845149275728692,1.02324176673829,0.454510753639331,0.782393341179687,0.992521673169439,-1.21474137294174,-0.39546802357066,0.010016234487194,-0.612049488154983,1.89940736180504,-0.369852976994623,-0.00550954797885029,-0.108849443075585,1.08768420510622,1.03082138286218,-0.272336340157281,1.45613437723575,0.200281902227262,0.401473150295481,0.413442938375851,-0.274348969655926,0.300153173182648,0.549165365150846,-0.518085713063677,-0.562650980635187,0.226743496020785,-0.330108707664581,0.453572876718377,0.107622010606236,-2.49446268618473,-0.689986107622796,-0.722994701508748,-0.0816023706674981,-1.08453167678541,-1.06948037255914,1.79723261607975,1.51908028251341,0.331006813539858,-0.78554560358217,-0.0695312967257042,1.05007141773637,0.988377026085218,0.0190418393019164,-0.154000318678495,0.304371744491023,-0.355019612446845,-0.00326442083791992,1.26480899695383,1.42626224781044,1.14379594732263,-0.385819015771024,-0.384217311849777,-1.43305724339164,-1.66694102928091,-0.551912348651068,-0.371442102169381,0.647760718782573,-1.91760604814247,0.393294185994469,-0.165172150119161,1.20557553884922,1.04694050007088,1.17298845134748,-0.788681409297047,-1.01714709902014,-0.225513382013302,-0.480414969840937,-1.32144143499109,-1.07481241355785,-1.44243644200321,-1.51996699519101,-1.1379663229279,-1.15922896845626,-0.790511360237108,-0.436383996918885,-0.799832320161135,-0.42782391928608,-0.906216035269259,-0.851278309881557,0.593637606572673,0.582648428685665,-2.02155973762703,-0.0133134716528772,1.01806619572923,-1.3071257319465,0.244105901861499,1.06171868687938,-0.174555483772071,0.90284097867076,-0.0401088289663224,-0.0498783158058652,0.145535164132211,-0.0731573031881595,0.662874296322025,0.723642850258571,-0.220282117683594,1.07864292604093,-0.0653660871306277,0.39666925942909,0.431690894082085,0.416309557397433,-0.194561105441732,0.202541466856367,0.546164722084541,-0.281554366594469,-1.57390130201571,-0.323684046010291,-1.6878689078515,-1.59275582573691,0.204508990617056,-1.8218851967599,0.803102617922574,-1.72679444216317,-1.05465027236115,-1.41249084323048,0.168257988277868,0.820730817358915,0.770892617895504,0.229531441070292,0.604702941257849,-0.495314576428212,0.876165747246135,-1.16677378677927,-1.47230541584207,0.56220101351347,0.215559893439231,0.310745120672607,-0.374893619523869,1.72680939690368,0.224309305108685,-0.175426572492339,0.785909009192528,-1.63493417789302,-0.242953178641992,0.301678210649529,0.177211354307306,1.1013144948037,-0.83173430735148,0.84036476303435,1.65614117261418,0.540965167244142,-1.01856566552056,-0.877252204973838,0.437208223761309,0.35106848109695,-0.229495377682792,0.638983564274531,-0.482554718980026,0.150971149147009,0.560587332867467,0.249894420826331,-0.233075559842747,0.827942446713344,0.84596570239692,0.228727506633895,0.777400882871637,0.742896122473741,1.3549635517578,-0.0588493878216087,-0.458395490207079,0.782811552762091,0.143646472490827,1.063723284425,0.083230487185678,0.48751718438425,0.152152151424968,0.965992590418656,0.656501634200901,-1.46627069020455,-0.480991443605904,0.488580404119423,0.533382644711824,0.549012567860782,0.885653397321015,-1.78300246145252,1.35332294046358,0.0366785064318145,-0.771963746868978,0.484023463447224,-1.01951753233466,-0.47274287537332,-1.14712376797635,0.35553814522469,-0.515496548748034,1.11758623421891,0.779110699117427,-0.134760913518322,-0.698219122175346,1.34805221317618,-0.153111440961122,0.131014943589999,-0.921945451437118,0.129884040071847,0.628963940629342,1.01879285516784,-0.401532168434,-0.853930297364549,-1.2422346088643,0.104772211424155,-0.628160139516533,-0.511500255173692,-1.023971873604,-1.1553321987495,0.13798999916818,0.365911352967572,-0.871845572333708,-0.75364565200569,-0.728041843742694,0.463349524995009,-0.588576715945941,0.0825976566504012,-0.809951257772314,-0.0649105045176719,-0.729318072333988,0.16452175780423,0.464869496746113,-0.341349503149873,0.427382526662262,0.686694041734886,-1.15597461976549,-0.443250309187563,0.929945886816538,1.80370337656452,0.660428064328221,0.640117188420131,-0.76098436855365,0.926312135318501
0.129538436450739,-0.0730762788893447,1.27190831204541,1.01615475150497,1.07010493390027,-0.922970849292168,1.35240888668323,0.947800889970058,0.989168498011838,1.01802019617459,0.414975323305593,1.0213605636135,-0.89265580317042,0.895012683729548,-1.42734546897926,-1.47227829671683,0.0859238856457221,-0.627411593016033,-0.448116804468717,-1.11278936485128,-0.382719341216898,-0.508674823788291,-0.607832357117374,-0.788374346769987,-0.426820383186727,-1.13770331649615,0.239332656331077,-1.10235864895894,-0.284485483863799,-1.05760512554186,-0.332165987973787,-0.0146832240247572,-1.04908434190196,-0.897914829247328,-0.903612446137136,-0.0381122323610163,0.479463753100295,-0.685267142578895,-0.139954841071711,-0.904987690849443,-1.19417298868263,-1.62173341390751,-0.266989378633534,-1.48897642667423,-2.30641267165167,-1.01576798683868,-0.585783621496821,-0.7273926606074,-1.10940970990624,-1.16201198982797,-1.15955155524527,1.27823916800392,-1.10399933056534,-1.56816579016,-0.519053310893404,0.42140513878756,1.4874958558554,-0.501759117922359,-0.839490593174472,0.835995888255566,-0.307310579350096,-1.66235353272214,-0.348718639184573,-1.39195038539709,-0.923013424391615,0.763645264881614,-0.760373032722739,-1.21033058758581,-1.18737164610383,-1.41483719623874,-1.84040532286421,-0.180106049484585,-1.05044694539122,-0.153417904777577,0.946973129619285,0.642696393061558,-0.459305443726535,0.804997325869092,-0.393567393510209,-1.36894973582367,0.679553210755176,1.53675010253728,0.0505675380460196,1.43475643332821,1.46006993711,-0.821628565423292,0.246865371641012,-0.670340348633774,-0.151210727845861,-1.14924883454781,-0.572240919485936,-0.624081401189803,-1.12178023309661,-0.936897805611022,-2.39652148617784,-0.141613697457256,-1.43066342528148,-1.31216552777447,-1.84953322728574,-1.60963564172839,-0.449108567439261,-0.207227532216302,0.0942424168728188,-1.0803281118179,0.0854455460666971,0.100563209703307,0.598626503786313,0.638759738378561,0.62426795701794,0.756808284976696,0.579595908857097,-0.322166777699285,0.181514072711352,0.499946258905219,-0.604978619113229,1.4018154208023,2.56845546268689,1.82326470481027,0.187449982534991,-0.923037578982417,-1.91573434567734,-0.509601024756311,1.85145943289077,2.25744331701477,0.795459048499863,1.68280104450753,1.18005847152339,1.27352715766817,1.75912895731571,-0.60328792534591,2.48719529197023,0.999394289627416,-1.19475983608446,-0.461170416924803,-0.484518111089365,-0.845649265550985,0.613408669944845,-0.29298993504636,1.48606891225409,0.0207453205386034,0.446840960648242,0.973852576409034,-0.340689129664091,-2.37706917506538,-1.98098836023193,-1.81565061305594,-1.93790624191454,0.277036452015898,-1.5194695394973,0.181743664284532,0.0309996519559269,-0.689367817211707,0.245333565370802,-0.575707786570603,-1.27319292749027,-1.08663559650823,-2.1407616571922,-1.21941762136576,-1.3212507160779,-0.205092483557114,-0.475845421286882,-1.2000174151773,-1.84348724699593,-0.970101016019779,-0.686252412535278,-1.09509076647487,-2.12156821301168,-1.95621271133913,-2.16752104438864,-1.60413468487625,-1.71721358291777,-0.110595474895643,-1.48047491521367,-0.400333180352522,0.02633010979879,0.487260888179821,-0.740873568616029,-1.02629436442411,-0.0929496492880705,0.825529429447567,1.63625661561965,1.39109469811377,-1.13187501832425,1.18420399236056,0.807199136084752,-2.0115398662546,-0.984488156830837,-0.139644957467285,0.153387204759161,-0.25866692510936,-1.10416982134515,-0.412121579524955,-1.3301816453162,-1.01325649161724,-1.03598857883847,-0.309041704859056,-0.503319079705134,0.528262366384579,-0.562396681625323,1.00870457351973,-0.649984082512122,-1.54338889133551,-1.39821852234953,-0.362894463253554,-1.52173434737019,1.05734791118072,-1.099604405498,0.29850209165291,-0.626239609280862,0.226009488245107,-0.0319922286455245,-0.0763399713873709,-1.44034534708381,0.307702369609018,0.306588003374087,-1.31707835960918,0.704935371067414,0.398290238526808,-0.520290200120104,-0.17425928260844,-1.30580744763509,0.585449417705658,-1.20294218744796,0.758119251874137,0.723474753588228,0.676487888731172,0.793385099452881,0.489307209586817,1.43636052106708,0.00768877811057785,1.26883605138175,0.371523066644788,0.209549034336504,-0.229839998866423,-1.50290186822727,0.0862851992785195,-1.39905424447257,0.281994427150139,0.650862087048124,0.0322575006835246,0.644957388005943,0.540403217621818,-0.982017070056866,-1.33949891062479,-0.270881896934702,1.24312856781036,1.06757651269787,1.40442789295708,0.640103364075318,1.2295670345977,-0.66349482304901,0.223510894544234,0.96726632068937,-0.371532994190682,-0.561671891430096,-0.779492004267388,-0.25674029689824,-0.166872557450762,-1.5544680384132,-1.39695926108125,-0.60406060158723,1.12763866135661,-0.980826362221465,-0.693931980788099
0.576522025073864,0.411546375768774,0.174700020097101,-0.269610569420569,0.54338144545621,-0.235855919652231,1.03504425786817,0.517711762887769,0.60323996418941,-0.16963494301134,0.0208457548597752,0.439019133653036,0.201267478361033,-0.225894660072119,0.18912586885474,0.0308556907316485,0.522917683683335,0.352553909361892,1.19067135745801,-0.239391316349983,0.663574648848242,0.902960087324535,0.563850836442627,0.611672871006477,1.05537286490861,0.597831505419793,-0.570884322086883,0.907468641237929,0.34774666576318,0.650420392802228,0.525887881662358,1.13886953954654,0.0794535613324221,0.686910102096133,0.32591690128097,0.673592261307599,-1.1791284335689,0.108134150335495,1.01656432578168,0.584762853985945,0.274318962123232,-0.493589829800218,-0.648396956038613,0.171408999564754,-0.289117297874152,-0.565432509675975,-0.571906271631606,0.369832635987381,0.481312323533898,0.0395579191392043,-0.0213217258367517,0.348884485005954,0.619426691599907,-0.732249114062552,-0.273132142972759,0.746059393769992,0.67463055392683,1.65902567152374,0.0244640395468409,-0.0917041215326257,0.447627363706513,0.0610467012191405,0.545248081232068,-0.0213716316208263,0.444556373783807,-0.0863681338171405,-0.689070156048877,-0.121189995515284,0.0318763953532345,-0.679868797573541,-0.813504001551675,-0.240580051472834,0.148455860160814,-0.389478779817488,1.77581524109309,0.977060301093646,0.361822606449806,1.52715419934149,0.0214990159225922,0.202573884623118,0.653090002182003,0.646573417450045,1.22942059519558,0.652475447089507,-0.164614962050352,-1.02904667320028,0.485146386089797,1.23419546725189,0.934875394949146,0.854633067016519,0.510108821201934,1.10067429315003,0.00534990856129879,0.597557055666298,0.287425095042445,0.693644007018524,-0.208459831272661,-0.544707722011308,-0.564957036422295,-0.33411730761879,-0.389902670769345,-0.0627594114996688,-0.303639960744115,-0.888921500103556,-0.0997771775314577,-0.139900446126802,0.482705331592771,0.212700175199071,1.21596972837186,0.794373388220416,-0.434750855310639,-0.530841238734464,-0.054977410611657,-0.548295340809253,-0.358645864458962,-0.058454735018011,1.22927630932146,1.32425756807998,0.571325459433677,1.71218812310976,-0.762220229994659,-0.0483367343560649,0.305100963114253,0.548683136805048,0.614518969130962,1.25967256851059,0.45311999194313,0.366027068550709,-0.0171638871481043,0.912993714278939,0.585286209448971,0.539728305804351,0.8460921481414,0.402985797144742,0.938618449938956,1.16847433783009,1.0298804610849,-0.175408228747242,0.798394761069559,0.602949214840237,0.384136334749146,0.521406058560637,0.151458846788024,-0.270632458512244,0.174563217646489,0.410641310117711,-0.866525963673177,-0.411060300888944,0.181001900106951,-0.190980552205053,0.39043544359604,-0.340428131073973,0.14970404211304,-0.231379138710757,0.700122527305686,0.455666900439119,0.115974060745585,0.8180851887903,0.375895001352596,-0.150057606530622,-0.251642966816364,0.785706220191424,0.364545419764124,-1.07713604810751,0.446419187696462,0.103198261418167,0.878280250516438,0.44942954716814,-0.0707212485750375,0.268351992889326,-0.791270088114133,0.479580763234667,0.742312715322378,-0.205858842334561,0.287142404536826,0.273759368273995,-0.439562070980032,0.488538574710813,0.163146303247673,0.368788799460721,0.576613684248672,0.342905549337907,1.08247076840461,0.728197514945027,-0.522889115912796,-0.444602666112981,0.452415982828169,-0.80140041907995,-0.804942387087241,0.810560980612041,0.270097879000875,0.852576491832263,0.242061635530019,0.538128387735482,-0.13656360301874,0.104212117485145,-0.5304737359185,0.900321289780529,1.62818026243711,0.553351518869282,0.397766645018198,-0.316596791857776,0.91531680689149,0.526544976907664,-0.100865708802895,0.0983359677190648,-1.045082249405,0.788545462693262,0.446754285867688,-0.208451590801709,0.271463866771609,-1.13441716150678,-0.0719247196370391,-0.889044533818197,-0.500244502577265,-0.393392458671952,-0.733392361269493,-1.00750636485442,-0.769496982795416,-0.478593997152252,-0.774339893030187,0.588126471272283,-0.409810320002778,-0.773516764965823,-0.387535508949567,0.762990962757119,0.0578791036511176,0.969773993214966,-0.351605298950734,0.0914975228967705,-0.447509124933772,-0.241388062600876,0.0157188921098534,-0.605339044819104,0.612016236335817,0.2792434394748,0.0992776707010011,0.229145545294596,0.678568804574706,-0.0751446645742082,-0.168653824986423,2.01977569282604,-0.143941282949553,0.15667508267908,-1.51138151829863,-0.489961153217186,-0.329070568995263,-0.135109958369799,-0.396652631895896,-0.339739246045491,0.642811566361179,-0.163105609593223,1.21030477842071,1.08779966268005,0.587362449213263,0.687568680692368,-0.536928387654605,1.43818958419416,0.294493074462065,0.127808378761192,0.83468885449026,-1.00192245846523,0.0262752708868187,0.607328486726161
0.776327782985416,1.3228665877562,0.536453548393997,0.351644493935461,0.439506623746687,-0.831936339471557,1.08091543210254,0.339775299940931,0.023406818770048,0.121764203608038,0.411783367952795,0.202456064226938,-0.0739705354473886,-0.421737925780823,-0.755947418306445,-0.298272239158348,-0.264988941152212,-0.770176067412764,-0.760990532711662,-0.944903916801627,-0.608904626276774,-0.736591869342632,-0.368696418286521,-0.0863690401708998,-0.0957838928980089,-0.461617238324696,0.79405539266489,0.240185901589564,-0.79163362823296,-0.177251777734668,-0.427579453282227,-0.874700689153106,-0.940786619260252,-0.204042714928446,-0.630263175924466,-0.142056706972213,0.655517882316378,-0.0218890988589295,0.423036635647117,0.56765095727333,-0.327730569427364,-0.17854938837107,1.03943043097488,-0.24799535599123,0.569038567473048,-0.70019180149029,-1.14876926571965,-0.279865095583607,-0.189033256274953,-0.391515859387362,-0.192787371566329,0.868268856559361,-0.364982695443697,-0.724708562931035,-0.37142193466033,0.769306761423105,-0.841709597557423,-0.0591778020966534,0.73295474474059,-0.282675186293913,0.760726876591982,-0.21083044898056,0.658166656852475,1.92671437450245,1.83470234154841,1.23684158590245,0.535284073169503,0.716855396648846,0.344159377804112,0.764148391820731,0.609788750126657,-0.292637395380786,0.584027596076723,-0.182285127281478,0.64942223194279,0.708534639405326,0.971749754707493,0.845626577136837,0.523559259038735,-0.0126455983651825,-0.483925133811928,0.601839905405864,0.31379664797427,0.621354326512628,-0.637450700349321,-0.935666543949056,-0.74599416584265,0.203624438078101,-0.0901614665530706,0.326112731430106,0.417938268495953,0.366268587424156,0.824184227144818,-0.508372715907424,0.595936749894107,-0.725711515073588,-0.883129131793925,-0.755077445968805,-0.879600859782587,-0.914649913673449,-0.168041082436494,0.20187811168532,-0.547717699286551,-0.228284871643705,-0.366459431475974,-0.137310762710259,-0.819580685850267,-0.323906302673146,0.0321891364060288,-0.0510517761152637,-0.43760166533202,0.134769505137513,0.115795202192119,-0.887933365777853,-0.112250577875898,-0.103529323070305,0.714441086221624,0.560431380762801,0.977030914336203,-0.725612437596218,-0.857809767921218,0.608947976279004,0.703182653246874,0.674002990779388,0.73758495422081,0.432283098980011,-0.481126802617651,0.222562885266856,0.225550498026606,-0.189253294952262,0.299850154212634,-1.34911436839033,0.013224082780095,0.109422927486374,0.542797375333729,0.485020469479407,-0.495395731850347,-0.726692066122716,0.474557779237345,1.02172128778091,0.918889270297384,0.516080455502426,0.41204508486533,0.54053604369273,0.30035246908948,1.38719067602703,1.15562873067089,-0.0938676601543038,0.741993271822107,-0.324758683630078,0.143197414419686,0.576246663397602,1.20575379850875,1.54422306900427,0.564427285646477,0.0703519106201374,0.640015963840784,0.234833837973564,0.593103480718671,0.0814695515641443,-0.954166586420086,0.414694841468264,0.177816412616854,0.937243283521732,0.151396487704388,0.346062459715131,0.846059167145413,1.07185246806282,1.00868299175391,0.370180845709077,0.48603261850356,0.324503858738641,0.991344301567093,-1.17274521293911,-0.558370075595992,-1.20579792545423,-1.5822419070904,-0.389595076440614,0.665939234451216,0.348458154865678,0.738747848433227,0.676767563505245,-0.401562485129148,0.263641356170808,-1.50962950550501,0.00421999355125286,-0.439018915417682,-1.25166473395414,-0.355365020045807,-0.447357642803522,0.341161377612311,-0.204517893599093,-0.641506659319287,-0.372239574227789,-0.614900751157806,0.400568368610493,-0.998105229080757,-0.48627149802586,0.0482366786491316,0.607074539282489,0.163318490684615,-0.648623345532694,0.122453459076921,-0.292836266187002,-0.753574602816755,0.757679370076875,-1.24513909310764,-0.449882293803211,-0.343131193691717,-0.721442253900463,-0.797055301264012,-0.19648001540726,0.0294385844965336,-0.756798827527183,0.459912476994061,0.316090943193571,0.465093540006155,-0.920526326839912,-0.0857162554367383,-1.83059957908868,-0.424100638524851,-1.32926456628501,-0.843578942384126,-0.7358281166924,-1.40577542372968,-0.690841150914195,-0.103015816939003,0.430674729304748,-0.0463204255107682,0.34044973102612,-0.108067155493843,-1.63857575804807,0.492262048392471,-1.2515769305968,-0.315485372136661,0.898800839818873,1.50569980974629,1.23858398787608,2.00804638287131,0.192345387822711,-0.361527691883916,0.0361342715611072,-0.571278426205891,-1.16203857871816,-0.76995323035771,-0.43977304278902,0.739176759923066,0.589636277385696,0.177006694695956,0.525216950878499,-0.523241560450266,0.385182992648212,-0.669717223438954,-0.293377289130035,-0.295998756463856,0.440968352010318,-0.315942556244811,-0.414120223366136,-0.226007848517216,0.266316363438177,-0.783457036193058,-0.477103347003184,-0.549194920691806,-0.731839180319436
2.79076863039972,0.70795968777385,0.0417579341611196,-0.228289074117672,0.128845900270583,-0.285624872356468,-0.211838527177069,-0.260617489560179,-0.983816226932751,-0.903852707086592,-0.131859442187201,-0.650428347914074,0.087093228756476,0.193572533132408,0.575244337620576,-0.048711563839955,0.0524217883211236,-0.420132555358127,-0.199546662912244,-0.442809132572572,-0.505027170522758,-0.489411383508743,0.0466821359912313,0.745153053918684,0.181762588212718,0.475444483643061,0.228096070100527,0.391069660222109,0.13135450095351,0.43088870009907,-0.00710853783565637,-0.156897344894686,0.406369963141274,0.775225794149296,-0.233801733205621,0.277587109853685,0.399135401579674,0.366413884092112,0.576212671265322,0.318127424138507,0.466519607250736,0.753204339447453,0.374616685292256,0.232027711749645,1.12031571100176,-0.0313713467437881,0.468449780186656,0.161433064061843,-0.112386865297732,0.0393201129378007,0.680209764011309,1.07633699840852,-0.239440801934548,-0.0241571518100148,2.53071462934465,0.68791705815829,1.60303134970495,0.663225605116611,0.728093789454869,0.500145152159578,1.18186392656408,0.788154275139544,0.383504754304426,1.9136008526361,2.33893334875006,2.05374451297482,0.796943936269982,0.587888662980329,1.22939122392656,1.98476275590489,1.89357184449317,-0.0620258089686197,1.41601846674221,-0.939966737743759,-0.00064766843634094,-0.76945085190344,1.99769879505427,0.91132910187698,-0.271412624485227,0.0324342207244585,-0.140743149042991,0.410905480932014,-0.845497207617786,-0.719854176414798,-1.75016668779464,-1.59664993289818,-1.70042719490316,-0.341872007935024,0.781101385034539,-0.0325813362242463,0.456696844808697,0.528575423209574,0.926300828968451,0.477029069573224,0.340338115154052,-0.0351411514895305,0.649344314385029,-0.581040871340218,-0.474980594509,-0.243307544154292,0.874918926283943,0.0480407091453339,-1.0178703951048,-0.282896500180127,-1.15033661596812,-1.11810096438261,-1.65943371182268,-1.20326251798496,-1.49277411785094,-1.81449872760664,-1.45768676382727,-0.0672061349485563,-1.0434205264384,-1.19929169763064,-1.35044196915454,-1.0844715626659,-0.28778086537823,0.359791671860086,0.100069861115353,0.39283681465426,-0.282539479689502,-0.531423649160136,-0.798892177116617,0.579836230011169,-1.30809238922929,-0.341559482425164,-1.60045772353158,-0.0569505224696793,-0.39527886903012,0.570971711934585,1.36696000481775,-0.234075378093443,1.42991814650408,0.452796199067465,1.08056223214317,0.390425149273672,-3.23856587036183,-0.00545460819633317,-1.31711162754216,0.375501802041587,0.503469211616524,1.27291876702489,2.14701711937023,1.12153218035943,-0.48755976418679,-0.0559373043357299,0.810825474391618,0.756680214385255,0.483390149468791,1.55531654432123,2.10131741753159,-0.0977928263160295,0.673307819260342,0.357372102321395,0.406390169927571,-0.124040773784892,0.276359282559966,1.36019717840817,0.412998081759146,1.2396157984045,1.68402938430854,0.0268804152559496,0.459373973470854,2.00004597597668,2.06000927267233,-0.140839588323031,0.157118478574446,2.41167367575142,0.496542070804358,-0.0652336463633515,1.52470908611867,2.11704776403963,1.39835748906898,-1.61465212350195,0.532894171747751,0.0561723179812677,-0.752516544727603,0.0956065591221927,-0.132206036099024,0.515133723266971,1.23215316750675,0.53983124327002,0.0413923744750606,-1.50853428417368,-2.00459097585752,0.92392042409033,0.220452615156993,-0.615620834540659,-1.37689866237006,0.210065913460981,0.0516820852083922,0.349732759361029,0.0459680378113133,0.0557726381851162,-0.142550178791068,0.647306790158131,-1.62260842474657,-2.31165703723146,0.675838279947516,-1.21520779541989,-0.223699401680868,-0.19004139634061,0.343520722483448,0.255638627894054,0.329887811288377,0.265220703543304,-0.102290209871972,-0.25340364272631,0.268763592415926,-0.381911309759896,-1.38084347407968,-0.588427226726634,0.261377465660426,-1.1233793151198,0.250541809301513,0.436515922347555,-0.0797179118300424,-1.17970358900008,-0.300471369217293,-1.00725242210164,1.31542919960228,0.315229986005288,1.68314740339563,0.309139396376165,0.656761035087827,0.028817930858356,-1.93189653997167,0.88461693867415,0.696902367764014,-1.16603029765405,0.279842620512865,0.255441190060367,0.0129545915116029,1.00073975148352,0.62912868107438,1.71644162872861,2.09049600404875,1.35931243558624,0.568805131839071,0.373130447630972,-0.592505178863835,-0.825797554365328,0.0803362847868549,-0.614254293534739,-0.583171248289921,-0.217745303131224,0.0508504474306009,0.185472577106603,-0.0404510208687626,0.143982895248632,-0.0780271769081534,0.880591792880489,-1.54651981691507,0.260196893850525,0.339287745453973,0.426402725238204,0.420026438796724,-0.0345922927235472,0.427989193057467,-0.528176222769614,0.0430605403988854,-0.499043483993407,-0.584327215893652,0.682302558271727
0.278574395145818,-0.243360410390907,0.310818893719465,-0.896457779516302,0.224976608544866,-0.535005296118015,-1.58181703125345,-0.424173130752552,-1.42062243525387,-0.774122715392643,-0.593770002685488,-0.0452670926847459,0.450306271672519,-0.0912260052588079,0.671818499669413,-0.241172298121388,0.619938474658464,0.566982489384805,1.42743577158484,0.943184633937671,0.446558041893135,1.09342090627615,0.845691161001144,0.897845357924909,0.579273767984896,0.662854505712179,-1.08555676029498,0.273792971835992,0.254068340809057,0.213219215878119,1.03853528428835,0.726180407307702,1.35137979330583,0.868508877895684,1.29400956804568,0.300508696901918,-0.934432597374446,1.16757840173789,0.37985859665847,0.692613845736178,0.544869248178393,0.745870584703587,2.26191421672398,0.868378922702569,0.821998356288595,0.0514659004415743,0.468816381937445,0.844102396112359,0.984941327795053,1.04349329009923,0.440314599147301,0.106779085772022,1.0752207516501,0.152260701129859,1.38603565125526,0.582869047281248,-0.27234769374409,0.944504402980556,0.505698460444348,0.113422204794414,0.867641122975436,0.989490835596221,0.161671077261883,1.17619543679355,1.98207599886496,0.899773736220564,2.03502218637367,1.35150557494792,1.53829959258212,1.65409231222826,1.4315962834105,1.28546303592617,-0.294893407691391,-1.52512893886057,1.03147093690217,0.665313067461592,0.741091924156816,1.46077795939889,-1.25448596073251,-0.237819357699677,-0.259229695708089,-0.138022493978707,-0.980167868943019,-0.861960094798301,-0.731366759296613,-1.56422735493076,-1.02000121300117,-0.370020425274438,1.57607133079364,0.52413365879863,0.196877492554428,1.0095198689484,0.919087096435026,0.653105896385281,1.23235112185893,-0.274842753634653,0.502710814763417,-0.386584080872016,-0.162302907359976,0.142948801818812,0.169366008040571,-0.467251801132214,-0.945494472996698,-0.260033115233177,-1.45854321837749,-1.40412102853652,-0.408729093842115,-1.03538084188313,0.293326658704267,-0.518755578235948,-1.52958603437681,0.180101116454705,-1.02519798929949,-0.884353416197145,-1.91840142152679,-1.16334698022455,-0.545365707104541,0.187829737918445,-0.221271688594104,0.337608079649971,0.649620117356635,-1.0954789890878,-0.390862437295471,0.400424187811479,-1.77633960745088,0.178191082070537,-0.453337686319924,-0.232812583862016,-0.114362226551981,0.54643116868756,0.614003766503289,-0.342552250134689,0.839399954419802,0.406884959468232,0.804985782280617,0.715288749342394,-0.842225609137808,-0.0037253313137091,0.441372249942661,-0.799503862277424,-0.664008158735995,-0.46112733075493,0.081880075563888,0.561223528633897,0.698407143414803,0.400219057580798,-0.0617091579342864,0.923568551662614,-0.451030007897859,0.482391999050745,1.34720048961544,0.94595193442411,-0.485829588967532,-0.571765640300511,0.193025032258815,0.220253801276739,-0.559976427685931,0.887375492075356,-0.623492945075785,0.835443750678174,0.591910376724096,-0.336218128121684,0.568852832940501,-0.00422277236121649,0.729232798992304,-0.218475882091621,0.289219088703636,0.817489590109568,0.010832695816843,0.558095286699084,1.1246561043362,0.357016712099622,0.282968047481893,-0.144055211325459,0.564660674886491,0.0894439470576092,0.121496060480027,0.840314697141667,-0.18922711925219,0.628346047390349,0.733588440479426,0.554395846537666,0.530915628351378,-0.75676481093823,-0.869856890635072,0.901943854123848,0.72519223909818,-0.169459255203802,-1.52203688271618,0.300145699451972,0.0970740561527729,0.260712563339059,0.879436174319361,-0.0287397029160355,-0.0610358025784486,1.64502417553428,-0.475414817952332,-0.125220330858937,0.182483360816688,0.695527844667872,0.76555292849705,0.172256154541128,0.933869045100803,0.254230575887828,0.405703404755673,-1.17243955197098,-0.00931582979744287,0.152682587326965,0.757819149133088,-0.105453575267431,-0.4349902921566,-0.0428934531760587,0.281771055871858,-0.7315778014198,-0.00950795348886893,0.45001115633892,0.00859234819631398,-1.24490994053446,-0.944947779559131,-0.639810418743565,1.64045973210689,0.152305184601106,1.14588125425009,0.108603350176822,1.00749134289181,-0.0693365493522707,-0.614603203844371,0.297521295693783,0.568272641535176,-2.04081204662934,-0.90377162835411,-0.946127067227396,-0.783928481476257,0.628445653034475,0.889008600933787,0.388799666676722,1.4469307723653,0.635774235255109,-0.235154128734994,1.25668887926111,0.452815517112922,-0.503714228840941,0.0472499046080361,0.198411774212708,0.178868842864932,-1.05034471517228,-0.0966466758763331,0.348108478953114,-0.674207690084003,-0.223919889337276,0.437012312609487,0.339840408094085,-0.421769253813373,-0.462510586088703,0.456378540326997,0.117551421892731,1.80725129510783,0.636653306201218,0.405815248924687,-0.841061797706773,0.70714554719273,-0.812142895356369,0.124345858093235,0.360324719272225
-0.640438986427775,0.435410868904028,-0.0342575837026333,-0.451210019524244,-0.214257669831648,-2.05839714525075,-1.64591567852197,-0.940005704749254,0.171146072048614,-0.842681503877698,-0.331305900310753,-1.2726996275653,-0.211973756188769,-0.168372039083428,1.36610768613536,0.623925891157408,-0.574629622128555,-0.389037615581124,0.00184782126680438,0.66965634578296,-0.0602655273993621,-0.523821356548482,-0.618020866132515,-0.182626415563878,-0.174873350810519,0.936884456729098,0.037848406513654,-0.538656528862635,0.738608433788776,-0.234303921113206,0.076035933696011,-0.42243675135076,0.958975487254629,-0.692616679479416,-0.24564291263387,0.985852473327157,0.227226959589084,0.537861509558012,0.100561752609614,-0.0366495906443194,1.41501977614384,0.37623406664428,0.55139223563648,0.181402491777802,-0.556982009707341,-0.573468533885302,1.62770557720778,0.560613497132792,-0.0575665454778185,-0.352067224529206,1.708385697611,-1.61963682624432,-0.550868448554422,0.991467531794998,-0.0726606602113116,-1.3624859404642,0.22775343006238,-1.02277617985966,1.38741865419379,-1.10449629271948,0.605890919705203,0.280856832083347,-0.420349393335805,0.404624508364055,1.1890376204183,0.0553548124562931,0.28811023885382,-0.151380808259649,-0.546390058729459,-0.0725087729290013,0.208246282714703,0.121470080353582,-0.21650135368025,-0.0719825192476645,0.314800500264488,-0.0595816439338573,0.948420432468952,0.986389706971827,0.511561334429625,1.09533692091534,-0.102152962179955,-0.196669277556265,-1.25692318927721,-0.0833788205557108,-1.22752571828182,0.46508472128701,-0.229142657097137,0.0306096910808859,1.923818500421,0.316944168889641,-0.70434271843538,1.30027168240652,1.46033187562227,0.63990310081094,0.446319642566587,0.548179710593734,1.58870604494931,1.72339446608032,1.39566213807647,1.72262753447241,0.902439017740647,0.530526637285062,0.113621910278268,0.199031555743205,-0.764510653564519,-1.29342097377726,-1.10028759241106,-0.291260787543664,-0.843822920486196,-0.848181397186034,-0.971862247231301,1.33529219251773,-0.271682842864269,-0.366647315319631,-0.981855470322749,-0.534774330348757,-0.511347304880436,-0.454254459809802,0.998078197577086,-1.18163369573075,0.950189717913446,-0.056114747821199,-0.538394410565082,0.380993251179787,-1.24524521846727,0.175931020710516,-0.153869939748232,-0.330913179777664,-0.0778788679002211,1.19904351124024,0.188072867132814,-0.823611953327146,1.86104166201217,1.26305127967314,1.36349370033269,0.390291640409456,-1.48969022125179,0.330591623837015,-0.199453267963446,-0.0360790083422925,0.253475628107727,-0.928221733425722,0.178423407389839,1.66323695753104,0.512893119642062,0.153414532103717,0.832294094831221,0.491294254068989,0.0913957747769615,-0.900088793074779,-0.536697801790124,-0.0942571413559798,0.136955209533131,0.125305803160247,0.247865127216216,-0.224804240100301,0.933653665436536,-0.489806209244315,0.421306927996287,0.151288217264672,-1.31073811229735,-0.100423569034971,0.913707850130217,-0.308644430958642,-0.320832574732731,1.09959271981002,0.989163983412967,-0.110695332593376,0.603852945440513,-0.0319190022549998,-0.295316449350748,-0.407727741352351,-0.136033773253123,0.100167856479792,-0.087678137769705,-0.150386017067398,1.28650879357014,0.436423380075574,1.51928686512625,-0.141340996849714,0.270968433642603,0.134524943764117,-0.481245977374163,-0.0843503733435687,-0.634303774486878,0.346172475571571,0.422716104406229,-0.126973360832277,-0.745625611765834,1.43280748878874,0.747470117018484,1.22805492614502,1.73408409455193,1.75077620974233,0.998519645671978,1.40580574082486,-0.283428405913436,-0.154270578155266,1.15839268982913,0.115765721519263,-0.112150107017677,1.80792865145321,0.259767775527797,1.27639323674383,1.42131299521233,-0.750018131421344,-0.553339125010241,-0.463172102477152,-0.574244549495447,-0.848994832706668,-1.72212349463221,-0.256168845507537,1.59495028466414,-0.272686744014453,0.356030545972534,1.40769125613115,0.475623559862851,-0.294960147684015,-0.485404598350864,-0.0380775342857985,0.698353966664735,-1.17394973107019,-0.288665422251282,-0.0468470068176591,-0.306333781879762,-1.10054562358051,-1.95972017938248,0.184508913620169,-0.294474222129876,-1.46940093641302,-0.93290280458407,-1.04393383850635,-0.236262090369599,-0.527135021191921,0.475050798821871,0.602859362660471,0.541414101176429,-0.0650451667601668,-0.0933102099217254,-0.257318883790435,-0.190994383803787,-1.33003105499346,-0.693849236139693,-2.05638231217719,-1.00598075156412,-1.00766562237327,0.291232329854033,0.63119645496883,-0.121388055917971,0.0540567600485855,-0.287166427021747,0.891907329074436,-1.41452685654739,-1.48264385078521,0.717757461065318,0.859835492192273,0.251179859285305,0.137541715968903,0.584493199364274,1.00665752512422,0.0709165759032992,-1.23782091422196,-0.53869657867772,1.40716284987185
1.77109474199898,0.705597502364076,-0.806267775958042,-0.990750580799353,-0.646534339336949,-1.18301697137821,-1.33955607545911,-1.43669008476006,-0.998032854029604,-1.12708241961613,-0.476953968418181,-1.43950211020433,0.645926628166327,0.32696341202996,0.915015858109158,0.618332422569871,0.887773615090719,-0.624012242636116,-0.050209204319371,0.433321731431417,-0.0684078475423573,-0.69902677373983,-0.223482514953245,0.377205378832857,0.64219280684189,0.714200228920585,-0.506463932964716,0.88591664237322,0.139650264669574,0.693075880627743,0.261998085339481,-0.108369767826953,0.979930628176209,0.656148017547963,-0.135087386440997,0.57958504894989,0.04640242304459,0.235959462663247,1.55954761106083,0.608937068890737,0.679805557347011,1.03850743574505,0.544660084131466,1.22139225704656,1.60143789126458,-0.417087811143196,0.344034121988403,0.827614438534804,1.11787767875069,-0.165667217577196,0.659907379303481,-0.650719449265635,0.574142610803152,0.376836246123569,0.702805781327735,-0.968439768456367,1.5722721782707,0.175786425478841,0.68963192204976,0.355865754500104,1.65740932454598,1.04327649200472,0.569635760309847,2.00512968977735,2.14661175853144,2.2452394015591,1.16238544336969,0.539089335277206,1.06462789300138,1.35724618477927,-0.0823218698988104,-0.146126714886642,1.46778406107363,-0.289331384762315,-0.595919453306475,-0.535277290827733,1.17882481368899,0.214971058606841,0.00655560489056781,0.780100649511678,-2.64692793910032,-1.7276892729907,-0.960151968458152,-0.927769400241648,-2.23594402663652,-0.0380736080720602,-0.0105520879570766,0.534564148803837,1.85631570929786,0.403587476001332,0.844452490997904,1.36773275158908,1.71955443743596,1.62127172546699,0.956358688826259,0.389746046840917,0.863762914889334,0.367011211936198,0.276440667271771,0.513892077412793,0.675278046760727,0.299512127207813,-0.203169236405421,0.241717775371573,-0.833678908657726,-0.894956186188093,-1.41384757392537,-0.871741967735202,-1.01818830353348,-0.829170208932517,-0.618449661458822,0.6475744716659,-0.0201210502372864,-0.143837906265217,-0.560555542243147,-1.66866059848496,-0.931307966854006,0.108306057323024,-0.0130509628351655,1.16089149575515,0.372967027655544,-0.110020853991131,-1.80649023260113,0.222813475514994,-1.17186832453716,-0.698781791047025,0.467691826161322,-1.93987725319839,-1.85033328253739,1.67772637775385,0.351590474958657,-2.21075401078614,2.55909730771979,0.849007447347788,1.279420970674,1.15078074081699,-0.976071861797195,-0.380346834027565,-0.674061316204374,0.7645418834035,0.451008797944257,0.747496578649865,1.01551053792629,1.07416217436082,0.8160177562991,1.36366799595532,1.01946968741932,1.42504421386327,0.337278266149968,0.521131157094085,0.76041275610514,0.618161180056896,-0.00526388692926372,0.155424941708905,-0.0147274173379065,-0.479127646186823,0.680864201051002,1.43283526779601,0.313685464329522,0.689186558284063,0.400801882335682,0.0781703026458244,0.868309234620276,0.898438377093497,0.338605162306234,0.163666733247839,0.780971049684506,1.74491137772807,0.904793464119757,1.12599825257963,1.56459277093983,0.199345367246463,1.47319021743766,0.573276757654135,1.72227670606138,1.92692533344422,0.612683439010119,0.0510244307493941,1.05172419263413,-0.23498777746882,-0.294821216978627,-0.664599402807813,0.781193516943832,-0.247603594983867,0.0770081761959954,1.51998964287744,1.62688924519642,0.238860510309952,0.0133738073259822,1.06582074831321,0.665514545983432,1.14877703420407,0.86051717825747,1.36827003557041,0.78394603161164,0.739682495332486,-0.529614783464733,0.253421992466723,1.25136660435417,0.586295471587388,1.34076831527037,0.542083736006837,1.07575533257568,0.870428493591659,1.174776630694,0.227714992458021,-0.289762026875743,0.5415617728324,-0.755756754276032,-0.77280142596476,-2.69407181099267,-0.474096542502899,0.548603504614646,-0.0684755173763312,0.675537323612663,0.752531828090386,-0.493766137531738,0.207095256057856,0.473539363001164,0.280780626918547,2.02551063122432,0.144041507658646,1.052816346968,1.54628757150867,1.11118139740253,0.0272526221097638,-0.606247067225948,1.15807568753175,-0.128179625235149,-0.674831542876059,0.236225548993183,0.304927156881291,-0.18470915069231,-0.689873478513219,1.68106582594383,2.2581350616228,2.40949095625274,1.00803446326969,0.0183340909444138,1.31167334595409,0.342727810355842,0.693955336211278,0.387482005961565,0.0791534590948299,-1.52781173429585,-0.577626260273684,-1.44541877217945,-1.23974553656017,-0.931076758147684,-1.21536071254891,0.424426953414513,2.03104024263841,-0.854809879882051,-0.517748643180473,0.599135567523326,1.176679658942,1.32804682634942,0.195494851841204,0.649748896521142,0.3793859075761,0.0243120037300458,-0.519316851868137,-0.200872959663563,0.919752802847006
-0.327104777206425,-0.243085922834652,0.801553011399092,-0.530871135334577,0.972054379783937,-0.514931514319142,-1.94346980734845,0.119086146313693,-0.622668817704547,-0.58061512900335,-0.704401947097332,0.551453725368225,0.687227504865348,0.734737018063973,-0.301194992154003,-0.729058674089776,0.693929043227878,0.778300173660256,1.45736582984432,0.840215287186945,0.686056205422209,1.42771313380841,1.17564597766252,0.109094703219193,0.449255958282856,0.139735226613849,-1.03648607135741,-0.23980275397997,-0.575038266787041,0.643605182858458,1.45458717331576,1.21950900265363,0.774060677162467,0.983014274485705,1.58218205578672,-0.290585353236764,-0.781863286514923,1.69086842585844,0.123212417922251,-0.719383978707606,-0.519170592110079,-0.239956342828484,1.91988145488871,0.63290173508595,-0.377497045440438,-0.399678314887366,-0.629554069287203,1.10516322086304,0.864975760736886,0.652255795371604,-0.10066201786448,0.137951601863446,1.16899911479846,-0.686364435320113,0.593669390734716,0.111532218073087,-0.171474943154571,-0.369293421392223,-0.224540509361742,0.310397036722795,0.574475604967547,0.820852808725392,-0.452244477583702,0.279591403205023,0.532360524082357,0.009924250375284,1.18184627944186,0.867955371740272,0.43549062869079,0.0814347298321591,0.388275293416635,0.833590709977144,0.0989579400311422,-0.804961063767841,0.568225661115971,1.07907888625693,0.706235184081922,1.19807680680953,-1.81431658571918,-0.511583186970208,-0.0350759457635936,0.1795429563571,-1.56798259102421,-1.46734841879403,-0.921245496117857,-1.07083777416624,0.807019865953755,-0.500248338151997,-0.4629771832532,-0.0672095472889647,0.173010349805281,-0.37504936517612,-0.275704079702952,0.549605889944289,0.320026864356486,-0.749714157602315,-0.0984467838744785,-0.319714466488407,-0.482956467592559,-0.330784781775136,0.17635896848082,-0.670234487257712,-0.57229265955058,-0.566431816895477,-1.1383605365866,-1.0780682768884,-1.09917714620608,-1.39512405778779,-0.167717129568268,-1.47083472246928,-1.87831822622677,-0.196411941546055,-0.766989761622003,-0.166748745237162,-1.3757555352698,-0.821751991033607,-0.945715078948541,-0.669144317011257,-0.882656158902227,0.436549529821172,-0.614445400343478,-0.941904573128251,-0.36474767932989,0.32235477184432,-0.938329215720355,0.62748491085173,-0.00548830315100079,-0.32320135360099,-0.739577166892756,-0.0726036611161625,0.230374858280964,-0.13779983798488,0.882098616423024,0.260432840792902,-0.752056112428608,0.159799880631377,-0.719239377618185,-0.690138243210745,1.03940636091116,0.357336394297491,-0.500695919096525,-0.341546740234544,0.350873873180247,-0.181033019067745,0.799511437414636,0.686113695945599,-1.12963861110574,0.218883313112119,-0.43892124135842,0.961914012591857,1.16420715906506,0.227027341494482,-0.345660916297718,0.103021024634923,0.164636378290888,0.529701130814841,-1.22304021778408,0.844733623217563,-0.80835920091953,0.203328217153327,0.531033529468593,0.254044718916895,-0.278141731573918,0.280474420980174,0.509441909730453,-0.784116969340293,0.172037156051661,0.0741843947961735,0.83521594733243,0.985649424416679,-0.254782008784878,0.154704377573947,0.207240667683467,0.13237459058795,0.932771953298102,1.16591645357506,0.0670585162411957,0.0958039440598821,1.46080667292715,0.992748064901643,1.23319289596843,0.173151933260167,1.12228152970835,0.455252335332885,1.08940953593537,1.25165533414834,0.810743285486917,0.343787404245888,-0.858264911226573,0.411561202976372,-0.029397961730999,0.21228668523647,0.174575985052964,0.264322983914859,-0.154130538424851,1.47262337920253,-0.261320446155761,1.03311818525948,0.0620073988375279,0.945802216038347,1.09888159503212,0.03345933311664,-0.0659282216498941,0.0686311006018286,0.491234019273554,-0.0776998798513199,0.111914487727656,-0.401106590371118,-0.369395449205513,0.102699176023774,-0.149264464689269,-0.115259057131448,-0.591461104042269,-0.472282936800828,-0.117610110449096,-0.111664210294078,-0.16097123733925,-1.06763718065483,-1.31984660966711,0.284603465895863,1.4650377605939,-0.620199965039218,-0.482168853430881,0.00902783418644134,-0.370681648671682,-0.618077963419646,-1.25351721651979,0.164523035337132,0.735794969748627,-1.84317547818554,0.141558119994016,-1.22793934457502,0.155437541083371,0.542701640397598,1.59789537377605,0.691960282988252,0.783573239332015,0.318290604314645,-0.756579389388689,1.84835866731131,0.816853780962814,0.0104290807725339,0.601025753910087,1.23123266102483,0.702546795987765,-1.29990877032367,0.132594358163102,0.156681868498696,-0.326013023430906,-0.43252786390485,1.2042114707734,1.03535707472353,0.535694625069217,-0.214036327102272,0.25316749023615,0.669219222689822,1.0840918474238,1.56654302166875,0.153824625298236,-0.319990087552526,0.696657439299746,0.680661884361855,0.999378733831928,-0.983833702526343
0.229525419050956,-0.115084310262588,1.07001448561803,2.08808633011661,0.599124718829006,-0.301444096122524,-1.23837416540068,1.64144835865164,0.450716230344506,0.42592390106384,0.530736667336381,0.329556382441884,0.0592201639678968,-1.22598894689854,-1.96521729005443,-2.21549442690617,-0.55005655759714,-1.17496049675623,-0.449051651864299,-1.68173635629804,-0.210696113613407,-0.922509374328353,-0.191164476490405,-1.53914654997832,-0.0497123430417263,-1.55313824226886,1.09098684545231,0.33474044958309,-0.426980567079474,-0.294062821212885,-0.233013588739376,0.0853892690928478,-1.54896728580538,-0.600733644913423,-0.302307499087998,-0.428796022356424,1.27283203992754,-0.138469655909337,0.563738504288023,-0.465476257721289,-1.85440441903857,-1.56838177773501,-0.115946010211664,-1.53030455936775,0.442486350754373,-1.60656490690669,-2.03586300122725,-1.48560415519091,-0.0839722548893659,-0.449029124663477,-1.23699599740415,-0.275032447996838,-0.835614448724187,-2.04973195401944,0.327697626221748,-1.01020105829927,-0.164860755631915,-0.870465804298701,-0.034111601864554,0.133334811814579,0.646979812219593,-0.574423676790262,-0.31791192317648,0.509174170873827,0.616756737989619,1.48185336180311,0.520820580520843,0.732340766252453,-0.0368734595179481,1.22092612856194,-0.779086849769104,-1.6964165204011,2.09543717690999,-0.349519483139113,0.341722170897962,-0.308547866377148,0.576462217210934,0.338093627099119,-0.245471493725368,-1.03849696972972,-0.0150846145646126,-0.237756775648957,-0.210341957580367,0.738649626968577,-0.171418907529988,-0.0128194994445779,0.394400274188601,-0.801659685485217,-2.18755234095855,0.327533552672877,-0.321474256519253,-2.02421224072281,-0.696994416125559,-1.1461318816694,-0.185837241905792,-1.01437492247411,-0.7349144724385,-0.652469805678538,-0.769628115269864,-0.682623288939296,0.0763214871670107,-0.286789617789857,0.202934337984431,0.126183456156602,-0.0200158334613305,-0.0169342627018269,1.31628449311047,0.903314941210141,0.288002008450888,-0.483256319299974,0.793946604304439,0.151317372436443,0.688802506739637,0.839864049188284,-0.0193284524147328,0.32938000859811,0.0576932410362668,-0.393831394435508,-1.26030689066161,-0.379061328613632,-1.81122730982791,0.435255840803804,0.539811745762059,0.879445831350454,-0.175104682219561,1.60892369732603,0.791273750922209,-0.140672845060489,0.470837546848858,-1.06662661373878,0.696161864046604,-0.12231483197001,-0.605414266283964,-1.12953260239652,-0.670700286583495,-0.869090748097109,0.156991313276354,-1.53502237845226,0.154850502852052,-0.172387859773998,-0.152412626111073,0.535851661247707,0.398166606104156,0.387753148948419,0.0321710815263903,0.202670079126302,0.635769668932839,0.118456254143693,-0.758276699209707,0.479803877813381,-0.199535212434415,-0.182920602790383,0.820811764461498,1.3229074906128,-1.3293861014804,-1.03239495107319,0.0275730154753107,0.729841229966057,-1.03891216169025,-0.204164716069171,0.431674721340383,-0.695961630797857,-0.654959532132058,0.527999661920941,0.0891363185512468,-1.08902121706638,-0.0597193633119844,0.144019930789157,-1.07806680329798,0.759170274236455,0.16928496644089,0.70954123613155,-0.835131516342124,-0.639254843100204,0.208257379829368,1.60709305457938,-0.803552659758801,-1.48784512881005,1.2553853986916,0.814581478558712,0.542167907880684,0.806334488205591,0.405497047017128,1.06505803571346,1.34426724554128,-0.403562333340016,0.506008754720619,0.635064563540716,0.67878485998188,-0.307233935730211,-1.22645931067343,-0.542167979004203,-1.58630746239173,-0.646926010527483,-1.63345176592367,-0.00378488256235945,-0.425839705457547,-0.012222680210106,-0.61908408126273,0.0334128020862818,1.19072704929702,-0.674078670768443,-0.915326625914931,-1.08134636226038,-1.55320777554391,-0.724861310909569,-0.308463778905131,-0.974121463869204,-0.852846496382486,0.783311322337068,0.538746088374125,-0.565891137185285,-1.20611815235808,0.80153751345174,0.375598889354928,-0.123224801590936,-0.448784335272116,0.272456125050473,0.0907443764263078,0.142611939857723,-0.705352967650271,-0.30637146603323,-2.69909433692679,-0.111878019854422,-0.764030353053496,0.273908045015515,-2.26328981844118,0.756451019883822,0.334337085321162,-0.948540417409961,0.137275762017761,0.594016067941894,0.365699321599297,-0.651464980135599,-0.203660536425259,0.749356421131976,1.18601299785917,0.426350996152032,0.133025961317286,1.44465969127548,-0.1922596186969,-0.517224909320278,0.0520977513272933,-0.446296324208887,0.572363165345937,2.36644428514506,0.512974919562844,0.93694926087607,0.249075922846268,1.16503528064646,0.487283658743499,0.986256545419336,2.33852719460389,-0.664348216679944,-0.641431203468446,-0.7599357542195,-0.481759779588868,0.531456609797638,-1.69033676620719,-0.183895281419425,-1.80100070748891,1.97506571283935,-0.265307646001489,-0.793120035062872
0.968172583582386,0.242092351195917,0.402230724803181,0.283529436707979,0.346034369053643,-0.0151691096258478,-1.02641717198908,0.00826280538908448,0.147165439463865,-0.262804541357313,0.621922796314086,0.502855814268069,0.0954980722062647,0.0561078110303455,-0.123278424564128,-0.570680903729883,0.370931958818424,0.409352094012054,0.930792136735997,0.891327883940471,-0.0780171046939894,0.418869921562196,-0.140148601821135,0.377517423186748,0.104038259668556,0.393898525580223,-0.545637636416785,0.304931190565323,0.226275642696208,-0.0875017156848037,0.219646662919018,0.41425918849017,1.04586532408103,0.197042809094714,-0.100412176026794,0.028997371692099,-0.80419535683525,-0.768487244216648,0.216957320449616,-0.231855562693823,0.0837925940855432,1.04963835933891,-0.0378039570671128,0.314694872160845,1.57086815720531,-0.248680828192972,-0.513400829528192,0.164451118017229,0.448518930980313,-0.268466483689668,0.0697981845825006,-0.876980028618488,0.00105151103443217,-0.224425658348046,0.726498783325895,-0.742728911891746,-0.158671058461608,-0.177476636013959,0.226654753771823,-0.80360244391798,-0.674211943658106,0.181548993930082,0.0160500053549588,2.00234253866502,2.08420139103857,0.343874311816129,0.849958879157924,2.29616100629867,2.0724297425579,1.057828428409,-0.556575238209798,0.010729802507723,0.085322027094892,0.252854705831187,1.11547926413241,0.380780496099022,-0.0523528672424898,0.803449450829686,-0.61771627699461,-0.0396706819900006,-0.682316757362842,-0.772675282654112,1.3374538761747,0.0710882619075396,0.937408412764159,0.168795540274615,0.578721355560399,0.145774277998684,-0.5923603884143,0.493194779835343,0.517237125668691,-0.127868419727375,0.239813082835943,0.397084396152559,0.748111863102221,-0.461562538447075,0.182350795898965,0.168717897471095,0.050222260194961,0.356241033492162,0.271717009195965,-0.270474090720816,-0.373980307717588,0.305368968355604,-0.707545348442568,-0.971091907094505,0.359290072349563,-0.364103259964575,-0.186491932358849,-0.568253798300271,0.685587339439441,0.359467438755046,-0.261689044004774,-0.330321029907903,-0.744097582155107,-0.590829125599659,0.177911761197872,-0.611228118563233,0.53473122823113,1.14795044261223,0.0381891271487746,0.32618193792373,-0.182969695923429,-0.557216266290044,-0.737740570026712,0.170406008032032,1.07561991720324,-0.594845709558775,-0.518403472880349,0.159639031142381,-0.220699761701409,-1.6574817705231,0.758312001274771,-0.487285535628378,-0.463805602819137,0.285547900753094,-0.0472908665785716,-0.914875857419711,-0.459502949205046,-0.804210296533234,-0.245355836282624,0.0451167996455637,-0.562694583144296,0.274768803089672,0.193020601895346,0.348614854920447,0.9210507713607,-0.118726334007601,0.529481951612504,-0.431139585430356,1.47538136755547,1.10899677762612,0.455708803068565,0.677069237666644,0.429751904008414,0.0591651333488984,-0.261565289020373,0.632921668100487,-0.0731686568944208,0.120485954849856,-0.391070468662882,0.0402903686018594,0.489574690033832,1.35497578532602,1.58620074313411,-0.208066696372537,0.75266013944835,1.47448945433741,0.123497873462619,0.430424988432224,0.868098958527942,1.29462671776651,0.480521403908388,0.679556822937125,0.363743966547029,1.41394973788535,0.499016229588589,-0.12254049493534,-0.0397566164399116,0.506975813617866,0.0783424200783966,0.298435847726509,0.496532981141383,0.946034593488992,-0.611423173795334,0.00991134700664109,2.2115934579234,0.292317716556332,-0.47303626304108,0.681367948343734,0.54119587353256,-0.0707552585391395,-0.050994205943562,0.130154352733157,0.186070583036102,-1.30540654459018,-0.997679723496254,-1.35277919255033,0.0924566812412174,-1.15120666455182,2.06351589811986,0.0254867890075545,0.542707821300602,0.313583535379818,0.459609785480849,0.109553415557974,-0.260990160311413,-1.052804892644,-0.168446881017627,-0.0775832996699153,0.837566715675788,-0.53153184077432,-0.0464612338814278,-0.38701220382435,-0.264271734192634,0.261520411817154,-0.775452767305083,-0.836830664013155,-0.116512025053492,-0.325783422131468,1.58631055889138,0.301308585678931,-0.258685827329494,-0.527268476147815,-0.676275264842703,-0.227098434804914,0.243295420441631,1.37962774220858,1.26663884620821,0.753895361605146,-0.240595718889662,-0.468442495917156,1.0716786368108,0.456283390807856,0.651539132376842,2.03472089452251,2.67553672378858,-0.981767309090819,0.214366635510111,-0.072220684900474,-0.454984637944375,-0.612963809026597,-0.210800149935566,1.04640797052923,0.220532355813061,-0.765659120847533,-0.552995296775472,-0.510176583366305,-0.58673703657653,-0.634159217614187,-0.116413807958153,1.3641010252878,0.891382958076968,0.895430089100736,0.0846504413098232,0.0854941951696055,-1.10867110200197,-0.0552074840549028,0.176179749538039,0.279078558944534,0.195857688266688,-0.276612753398939,0.212534593349043,0.264730911498312
-0.827978384189418,-1.68534886317886,0.142634043163103,-0.807276615424563,0.42722780949949,-1.19567218370165,-0.585121070463236,-0.00960147292095786,-1.33082557365952,-1.41333261236463,-1.55980854244367,-0.497800608226394,0.236434462235792,-0.295777192173869,1.65409079377099,0.583448932602522,1.33117420318257,1.87315794274357,0.697721986299718,2.38300668407609,1.58043700565108,0.887819463516068,1.07512832282174,1.73804267457649,1.34896587059362,1.32742712622917,-0.440619509673297,1.13197979572017,2.57487333445361,1.29831218506143,1.08036364290665,0.581702350103213,1.93426820709919,1.59081126690094,0.558404131417433,2.25082315828058,-0.415200806711101,0.648589995576844,1.46173461557741,1.40424570210444,1.223250852197,1.39412380430195,0.50354218288502,1.00911741342127,1.43671373105539,-0.237411013380354,1.78033083518228,0.418043876204426,1.43864074943941,0.835759044585792,0.397633695997597,-0.861680798139421,1.48153795273391,0.856748044644173,-0.37881154171329,-1.24456527871725,-0.819982854111792,-0.976626854626132,-1.05325535394068,-1.96724332482268,-1.32297540693866,0.214551515328218,-1.15411855149042,1.58755727836567,0.224212943702314,-1.6131811156365,-0.428688201862271,0.317299123169797,0.486012576121292,0.117032446707781,0.0321887514147325,1.05677088102482,-0.176649233621749,1.22098699372081,-0.22897707020503,0.50266033082965,-1.00362289960562,0.349549310220935,-0.371481094579617,0.357333036314633,-0.448598565949532,-0.624223874546806,-0.241558076161482,-0.797092277011871,0.799937204880423,1.16818690048533,1.12831458291797,-0.376960550376189,0.423464703712055,0.487685098181535,0.643255112546562,0.136931184041351,0.379194345484054,1.48220277455474,0.26742504602706,0.810057150783971,0.39618630403119,1.02478264246329,1.23933030030542,1.06324424097429,-0.265597982865273,-0.957939786928088,-0.0669765174417431,0.228520946782852,-0.882407719056041,-0.986529385704115,-0.297561321487567,-0.168320118924052,0.000332463415523748,0.186547177724228,0.0471893644693033,-0.397727659568521,-0.996954770969772,-0.171805677703404,-0.409401982667938,-1.26607484549273,-0.595253274011763,-0.801008018547796,-1.54954107446107,0.308728291563041,1.51937431549018,-0.367425582727912,-0.738162824270812,-0.984677666893589,-0.487517722477746,-0.0625055450320031,-0.562661396546425,-0.612373995425715,-0.221461197189493,-0.149698357635086,0.634895643750465,-0.710122324356263,-0.467531943807341,0.867145151335229,0.501708152648442,1.49931505161569,-0.720945991823404,1.77831427607802,-0.311414970920706,-1.27597795772003,-1.73436209377156,-1.74009094218185,-1.29483721714067,0.160489715714643,0.0492221596600221,-1.09949683443142,1.02065718016722,-1.42508705386084,0.226161377652161,-0.975886062962695,0.209880451356537,-0.518765249645682,-2.27203990725831,-1.35657945475987,1.26736959479225,1.07594845046911,1.11014151157664,0.554852597751581,0.529559148896929,-0.070962797652854,-0.120950026808302,0.517691215252267,0.405286482487976,0.300562374591014,0.272884469311402,1.18041752049406,0.255290287331591,0.106221165956504,-0.292266132023571,-0.663201663702037,0.189684936778573,0.110526787991726,-0.769720389400648,1.87952211201681,-1.05788336998307,0.377316843531152,1.8588310532514,1.81063806202486,-2.03044269770207,0.243980235299571,0.270950135115323,0.340432836535086,-0.560994381736373,-0.800490672446052,-1.73602852530871,0.0431076862057091,1.34089953906421,0.17838980181956,-0.888701630076265,1.52032321541864,1.49183819055641,1.90219870992411,1.58162694352509,1.25320030351877,1.69259529200805,-0.618770430355852,0.215391418577393,-0.478412553956698,1.27516320919899,0.203766652537967,0.544489960063953,-0.273878658182077,1.51210014812192,1.14141988344522,0.924009223824541,-0.90155038408416,1.28454116363064,-0.166743371406021,-0.997351713564239,-0.252670730567548,0.193782001382207,-0.588474869142163,0.0205493933650921,0.111087920559697,-1.04677345499038,-0.419556235399899,0.27104012003518,-0.810072957829024,-0.172677599117917,0.462503114968885,0.237402764685705,-1.36416729621565,0.00577861300649568,-0.966064101197895,-1.49594673323173,-1.38147091667388,0.82831824949978,-1.00518283802632,0.0107799678058265,-0.637119963299217,-0.773233618940544,0.392622719417935,-0.439830872275592,0.05515594290549,0.0544369837718813,1.34979434074513,0.805378809936153,-0.641573318585184,-1.42043201307175,0.476486060083349,-0.59170477916075,-0.75965832861414,-0.677147827800223,0.901582535822329,0.28008192712053,-2.13459560822106,-0.204120732557446,0.26690780320119,-0.437534573526872,-0.0227959032590635,0.412037327704487,0.594762378905119,0.896598953586199,-0.786063857243733,1.60652740632512,1.12613660441126,0.0981395122929722,0.964101754302352,1.31013082249796,1.44609718477495,1.71081497512332,0.512073919137146,0.8230042195745,1.03797768211724
0.0425228336520519,0.0171716466504464,1.50080360866376,1.37427655664513,1.39581469587883,-0.872616437883182,0.609188226125262,0.410482599705128,1.85750390151969,0.708051393688973,1.46982393172962,0.495275094198029,-0.622813839787453,0.416339937222226,-1.6679088569484,-0.569741602703425,-2.33912607287019,0.0863548255781647,-0.135859087931027,-1.48348716067122,-1.07921489161194,-0.18457459323553,-0.330797564237906,-0.960827116634474,-1.00643496112611,-2.45276038119021,1.48546622456229,-0.634142762593148,-1.42318986028161,-1.12668414030437,-0.596833572228083,0.236716030893951,-2.07322199319141,-1.08178987982931,-0.941311462397004,-1.50175906190283,1.26657306961831,-1.36057431932963,-0.65443048870833,-1.69213952060368,-1.92267772615063,-0.976002815029001,-1.40169230630219,-2.11206160575655,-1.01569049391683,-2.358621025899,-1.9025082286364,-1.97715456098847,-0.669600376209581,-1.01839113608302,-1.18176972553534,0.660340502998422,-0.464031156655243,-1.59882260346228,-0.662270936283323,0.311927552606806,0.0826234704826843,-0.251885227592612,-1.63061513386564,-0.135288516548357,-2.80004080535934,-2.68637374034375,-0.346499149233199,0.165204497983822,-0.771792759466711,-1.58415098076693,-1.3828482022908,0.649402152544483,-0.146896755926354,-1.37585175215705,-1.04614514157053,-2.4552218392623,-0.536751964998552,-0.198059543057903,0.38370547627788,0.205815384482617,-0.369786702130759,0.831718841118446,-0.745763430099979,-1.10312231277211,0.18655739516797,0.295631031276162,1.3176707394063,2.02711323869257,1.05417825845963,0.0489679036473532,-0.447935199949148,-1.01307690009126,-0.605504211095505,-0.605981163995436,0.0954069606289423,-0.914431015659981,0.677190062275502,-1.94388108349896,-0.718819886859924,-1.61744934521264,-0.602540439820353,-0.393366045186369,-0.928181146375428,-1.08117215141083,-1.19943971080295,-0.946190424746406,-0.714587880566392,-0.681897990460177,0.913427869349166,0.701051827878113,0.236041454487882,1.81564396348545,-0.398201985255843,1.23426132379135,1.18315046959667,-0.953971193794756,0.994999644902196,0.664525726454626,-0.138050832336103,1.11793777130887,1.69967712630524,0.909488747483468,1.68522366016057,-1.50326046587262,-1.63901259781287,0.608100122344831,1.04098637196517,0.35317041537242,1.41442802099964,0.856285973165544,1.2262280461915,0.759379158016772,1.29322057945241,-0.748387867118906,-1.11987796128279,0.141933182726926,-0.233211948865347,-1.6181660672707,-0.9282815812979,-0.939644679397954,-0.0775158727846259,-1.68422082717726,0.835534998020821,0.533080868950159,0.581246529769384,0.200064445099724,-1.91644376356298,-2.29941742945444,-1.37093927183941,-1.52154183556574,-1.34518341427474,-0.950728174062809,-1.29211416503494,-1.13888778331097,-0.802153416915171,-1.46016144410867,0.148041947974849,-0.583546720205019,-1.98294470888994,-1.81494872384589,-0.770610082518434,0.635402411568094,-0.602637413417111,-0.59211686013212,-1.78071783139872,-2.03454143366953,-0.452911995711666,-1.03759913893496,0.802356495403534,-0.742733132595753,-0.882647684441212,-0.455573735975611,-2.43370138862512,-1.20404397888928,0.379229731394028,0.498027859185349,-2.09149008933878,0.154781730464215,-1.43410736615595,-0.24806321371687,-0.828271257034506,-1.45879953359395,0.598026274122212,1.5697207258891,1.39290347169634,1.26251102564669,-0.152631821022129,1.39585174127457,0.586472925375658,-2.16785785737527,-0.0282833765664253,-0.696126824975452,1.15090236644881,-1.93680313403076,-2.18871797237776,-1.6830603303132,-2.11389552540305,-1.52253142274376,-2.07389816907518,-1.52211686895421,-0.111294588936831,-0.43677629880695,-1.55950600069483,0.0557375141969516,-0.208367886276042,-0.732460607374161,-1.9056988312868,-1.8547606150765,-2.10185206343872,-0.425098653329669,0.533747550421086,0.0357154914537042,-0.134786754056507,0.281731922457512,-0.226713464103455,-2.29167590458999,-1.23259706016152,0.190251969986807,-1.30750196544023,-1.36822468433669,-1.85503177781758,0.538036166762878,-0.0214653222012404,-0.107969752289359,1.38997400864458,-0.736040000787078,0.0546093419677181,-0.564298015824224,-1.29338666423221,-0.0576371722549271,0.956334883207458,0.914520905203399,-0.363965231602297,0.747151125876306,0.405886419234557,0.610212595750085,1.80153641480431,0.633872496290163,-1.56022514968661,-1.00511971109258,-1.72014775522496,-1.6056538567974,0.279000924606391,0.189824146356482,0.0676118283775777,-0.362331660219116,-0.869358163989469,-1.11599327828419,0.0753959539338052,0.952326631511427,1.54618843728193,2.07077293847475,1.23699717174478,1.44843898678323,-0.118460909554876,-0.707314882743407,0.609472696985001,-0.60349534639787,-2.43652481054115,-2.36800720789949,-1.3742828979431,-0.337340833830432,-2.67710844905306,-1.20817722492128,-1.96095725673435,0.416913898224933,-0.499280927534946,-1.94351720160255
1.0069060912961,0.702097514897527,0.700760139545278,0.734383832902169,-0.330959593430815,-0.99402408994216,0.808592370819404,-0.21476708113485,0.999289963294683,0.458025232746456,0.959090843451199,0.139722624163793,-0.392369044772096,0.732571152340104,-0.468186380495343,-0.114928381923943,-1.44778779472974,0.152492342375989,0.157266661828406,0.112152448299435,-1.01482682053634,0.169381354524058,-0.248591597202588,-0.482868317168756,-0.536036032951373,-0.200296977526897,0.261429387777104,-0.494477994724235,-0.24921784773732,0.183519060404281,-0.762699142308922,-0.20582645136603,0.720723783360378,-0.175461856628577,-0.428717604757961,-0.189391539458475,-0.0290261706191668,-0.0489503771680637,-0.768453717583216,-1.04342966585632,-0.32639342423781,-0.41664716624205,-0.6145256535529,-0.763855188745542,-0.541136502401323,0.0548718462148639,-0.943844868807451,-0.045892400188147,-0.354827298665495,-0.449794085778358,-0.399505827144719,-0.375494659377319,-0.333601879068823,-0.909674522509597,-0.924555132156798,0.0727718336202185,0.59596936854512,-0.531024760132053,0.0482672868270772,-0.363893370912224,0.250712156492448,-0.763030792145495,-0.269036801302708,0.948839581898201,-0.19610700167363,-0.429809860684094,0.525701124855139,0.620877588025638,0.645040067331008,-0.69760352711693,-1.38908156982467,0.00630899168502853,0.348681877873444,-0.0789889532990111,0.884982480083502,0.0479919803109867,-0.229892079772922,0.953799936218546,0.0428586792635601,-0.323311599770882,0.382890014952803,-0.709255131476385,1.50169247815876,1.47167802548364,1.4884789180479,0.498997100592717,0.112492575854155,0.143900651212014,0.501259021760241,0.758571439849281,0.837596714634534,0.612648685972,0.206717998989858,-0.11020995725382,0.00609735740828023,-0.179878413674135,-0.348351697298558,-0.677085579902352,-1.11571321997441,-0.339460375503882,0.187660216981741,-0.125953003408882,-0.467215424820817,-0.460662098293426,0.432042280074395,0.0917995355025921,0.185687902407007,1.11212732165329,-0.0336934610997364,1.15345031050807,1.39608390559184,-0.0757444355758612,0.849334297206126,0.274595615212759,0.570134805229633,0.4157331382856,0.442611055252347,0.615863330902635,1.9065535953149,0.652575248208642,-0.86305932165628,1.85716324209099,-0.0464155127839782,-0.225252995322256,0.442073544076175,-0.104174877413796,0.392443304738212,-0.175518818591993,0.407327109943485,0.328563413652648,-0.18661677571303,-0.572373448473004,0.857122056760738,-0.512035140184503,0.310414066914709,-0.0258218513216011,1.31503583405637,-1.18941784913727,0.668035243001785,0.987748067366062,0.992789035501268,0.62351490188781,-0.0507785917496194,-0.808903407233564,-0.476144228440535,-0.300713686910132,-0.986136369456234,-0.245352386049502,-0.22262931377056,-0.109491886647828,-0.79902325596584,-0.43197165508142,-0.115785775756379,-0.185871189828429,-0.589451555648209,-1.1413862271071,-0.682391421113322,1.23513322455309,-0.84795383553313,-0.52612536296113,-0.648782623076216,-1.1113453380662,-0.544734125620701,-0.533879669591935,0.491096190297626,-0.280189438713481,-0.89404061459331,0.161596985740505,-0.765370103197161,-0.0660422326981207,0.365566176612675,-0.213923964043034,-0.259889359289974,0.0500675729670202,0.806659678522275,0.374740027916813,0.309499690316259,-0.586844575144628,1.08191632054675,0.702985509705878,0.574259442333213,0.551367565881386,0.14299850746521,0.281782679302304,-0.437970531924105,-0.684398834043224,0.0487059552437171,-0.406363346648594,1.4797508000869,-0.041358214644557,0.0114048301645632,-0.0940507367863931,-0.453375699616766,-0.176560228700475,0.0989149647194198,-0.81002692335118,-0.493298034087788,-1.08385074058226,-0.214685442241441,0.498869933732722,0.200184591954509,-0.390964567918057,-0.452358992968326,-0.304863329583711,-0.830999042567994,1.28098792685496,1.10380925695827,0.0148449962872937,1.14208165032143,0.208129472610466,1.55602188963524,-1.11414799555489,-0.689055047262073,0.319986134018913,0.304162376574968,-0.179336514177572,-0.788319321503178,1.04552914663143,1.85855817369302,-0.0738276955227269,1.010322152554,-0.0451246647505686,0.0590397161139328,-0.67088938796184,-0.777717625619995,0.0125148718689958,0.894645371643349,0.826317645080312,-0.532170246054417,1.42220891661727,-0.679455419571364,-0.13957575910754,1.33904204265236,-0.178158493146269,-0.0325643935135531,-0.265440881951513,0.156858226073901,-0.0721965638419259,1.38821841079381,0.721948729633717,0.942634340719463,-0.167635287379547,-1.20251719648815,-0.480060574184962,0.444813365510503,-0.135055438122519,-0.172120661055742,-0.278628854112542,-0.141892800996467,-0.17319319204034,-0.307047378568355,-0.794307487844677,-0.464920306654247,0.474185575951053,-0.649458881167714,-0.108332470260687,-1.18713394375535,-0.111646884761456,-0.345208766686717,-0.559302029676759,0.0565393282488267,-1.35569855539901,0.203936541755551,-0.322819258166639
-0.140109229405879,0.286599049863617,-0.881294122139024,-0.335089267385361,-2.06628753299905,0.417025605963404,1.10270009183036,0.926820065312292,1.35465016548326,0.307227040176265,0.685626466946823,-0.347155204315717,0.797046284707568,1.12842457400145,0.0342155230089566,-0.295757519215699,-0.352629703988862,-0.243001382377334,0.0382590339913967,-0.60685305757647,0.861630402248143,0.116693860106319,-0.202850612630546,0.469909635962168,0.746565899225945,0.599071829541507,0.236111916326751,1.05373336152286,1.23493687012104,0.878555290671683,0.0631287113103629,0.419207667222168,0.949568517285877,-0.151766905808153,0.0806545799924983,1.68037234712092,-0.0195566409884041,-0.489745043126035,1.23177711308841,0.843375871935233,0.0618484393423132,-1.39410395069437,-1.01415373518206,-0.855635648648307,-1.1877910917884,-0.184059916450989,-0.465963507291391,-0.0594908195054629,0.465201771441851,0.497363646407065,-1.3130354859082,0.575885286780696,0.461620830830408,-0.305068461765754,0.530826943365306,1.25390288985362,0.643719529017399,1.57426025554828,-2.76664060954639,0.105935098749296,-1.45913800116242,-0.511433817047262,-1.96285180218031,-1.05487196404852,-0.580274937001523,-1.79081005031063,-1.49256227309222,0.376186934194306,0.384431502041717,-1.94269326478762,-0.100655744864447,0.480643895933583,-2.18217823198538,-0.898536034794808,-2.33943824652286,0.216268922067301,-1.66264316624004,-3.37547288003332,0.298119816699808,-0.0054013527898918,-1.45006433551564,-0.505873246791438,0.505732252380108,0.163694257645249,1.98010519130903,0.298050301430527,-1.07245655195004,-1.03111391415232,0.699091827963256,-0.886873424288718,0.0483348423394924,-0.383291622118774,0.348041037082884,0.108331124823708,-0.607806392254724,0.933814279452805,-2.1725405240358,-1.40708835034946,-1.3564534820403,-1.25750108131351,-2.93778194872904,-2.05058794364656,-2.14221333007442,-2.27579483172109,3.10457809224696,1.98442587037164,2.20703314985284,3.67988517945904,1.32149189848732,2.01763025732948,3.5075493825044,-1.64972807835076,1.64350420599714,3.4164758495865,2.2741144468038,0.0658254268615177,-0.422234157921836,-0.104589352360973,1.43101859296647,-1.69406467113583,-0.394206882835551,-0.0692348825197261,-0.153836660947591,-4.44422222150959,0.859114899469108,-1.36207793380063,-0.557594276769858,-0.220951179962457,-1.95165585845313,0.174871153607201,-3.79769701449075,1.30569078765666,-0.0559317492641546,0.780129073314835,1.85318839748097,1.3159447675033,2.67420246570483,0.19195055911239,-0.672003838187995,0.258914152854732,0.904215004200769,-0.121815552938005,-0.901371080094657,1.22094240972829,0.297453427179284,-0.116739733287308,0.960441551750936,-0.435840907923799,0.776495277624076,-1.73540252732324,-0.590058798455515,-0.038751868286505,0.44242499777014,-0.391270601668729,0.278293880180547,-0.553327255395217,1.34382562338459,0.0753042790774209,0.0229008008293492,-0.916791416724149,-2.09142789953634,0.604807238068589,-0.0219139873751535,0.580086118363482,0.684784074173728,1.09350796527181,0.247160220808563,-0.622865657109029,0.681091219639604,-0.933921151950746,-0.730365937738631,0.185768301883186,-0.928597080656498,-0.67374290802144,-1.38675109629315,-0.420167240035191,0.124438161576774,-0.0728725787779108,0.957253591770203,-0.344135776806753,-2.50639842064237,-2.88001239443253,-1.41763847669689,-0.894906288496885,-1.46909933880767,-1.18787917340084,-1.47391718443277,3.11478085800595,2.81772121950164,1.32947786077508,0.983749360998906,1.63105322605948,-0.219080106971164,1.20476290972371,0.453642897021798,-1.34122500541992,1.07629834394557,-2.32698474609747,1.27796143781406,0.748835862217548,-1.00323397654621,-1.6886716201073,0.809311175898159,0.960505207126588,0.108140523637799,-0.942295228894555,2.36993841348021,2.10824836384017,2.77025856007805,2.53939422578556,2.99067712259229,-1.44997657809705,-1.2271420373367,4.27841971879417,-1.64313352308052,-2.10768478565299,-2.50230046883207,3.30508660334462,1.39673131099768,3.3209256984846,0.549550574325769,-3.37764145673301,-1.4276294347561,-3.5764283733802,-3.23742316865257,-2.91808556835554,1.97253262346106,-0.620506241139652,-1.45215657840932,1.06215844869192,-0.144651171829543,2.34898222824811,0.426066225444672,0.217227723956995,-0.86945590563929,-1.22934865108755,-1.25018041168245,-2.1481048104744,-0.67872508557947,0.045161205946643,1.64510816226419,0.57546460459212,-1.44195829964554,-0.952704436178057,-0.270525872802036,-0.896556520181517,-0.0116664288336032,-1.01005113467484,0.52120170625514,-1.46636604327571,0.548404910060642,0.456358875058129,-0.31057897336338,-0.476381526076153,0.661960706810965,1.36283398534166,-0.610435791801707,0.653430946559508,0.438930963495066,0.348038166807454,0.312784060551618,0.328756537318532,0.279112068388748,0.0871675032735923
0.728436622144413,0.395085839552405,0.957457478559299,1.36219910252759,-0.680860300060705,-0.101007493492811,-0.200550771837042,0.112380988289064,0.5796512229057,1.05826000419412,0.707909115229877,-0.622801436966682,-2.16752802273593,1.07838992414705,-2.18341743648398,-1.61741300657713,-1.88715961825241,-1.22248274588128,-0.443138767491673,-3.88528227804097,-1.88215310672188,-0.295580881773143,-1.11276664216938,-2.49868503807029,-2.61160484580686,-2.34283964032593,-1.14970151899915,-2.45735437372247,-2.60990105446259,-2.04919234444303,-1.35428083996707,-0.756701152077097,-3.21337860817938,-1.63356116746781,-1.57112539153848,-2.69889772868092,-2.02342030546391,-0.26374977734691,-2.04643243290375,-1.35037822809546,-2.03030986337585,-2.21494482524156,-2.19961151850348,-1.78970894820349,-2.17165710735956,-0.398510216266622,-0.829416226651139,-1.71502932630933,-2.04486388298176,-1.56463537252492,-1.12512018967245,-0.716421305641906,-1.6344387774145,0.199537476734443,-1.59020757799741,-0.399104646050267,-1.05089125649927,-2.0773262063514,-0.452123109314517,-0.23589158332313,-1.51052595104423,-1.52199223781731,-1.5418682066804,-1.71021652769663,-3.13414163701019,-0.923906149514603,0.0996216797323882,-1.89906317053041,-1.21528604889455,-2.36700411753382,-1.31692089477157,-0.667361657010977,-2.1556229922772,-0.668500402194021,0.589814049300878,-0.240428383801988,-0.0890094939408686,-0.215296438147486,-0.0910747926167743,-1.42423227241886,1.18284375936656,-0.0325319906082617,0.140320575874914,2.01611903202551,-1.72589626885626,-1.10244574426763,-1.5757344022048,-1.1342449186806,-1.25436320961129,-0.684749614300295,0.42334933245765,-1.23335014105447,-1.50326366442136,-2.53489090507346,-1.48054918274403,-2.08377671719217,-0.105040281362522,0.456154638221258,0.422795017518147,-1.19241952314705,1.47792427810462,1.897557740679,2.07540030681889,2.22996264976577,3.76330135789754,4.16619820580212,1.99958822304991,2.61012248241195,1.18912570358464,0.509582017669309,2.88109709779022,3.32843879261384,2.96957681180226,3.06026538634573,4.23069249295918,1.03616627762961,0.799598364295291,1.69941975219055,0.167319366854894,-0.575730990037131,-0.423457732218795,3.10503807171701,-0.0325038849545112,-0.737720929448326,-0.187402440690821,-1.43677233069493,-0.57942783372395,0.239548910483211,0.655572953368359,-1.78275424995384,-0.93743774380374,-1.57055742415947,-0.673421202952683,-1.61019001001913,-1.76218519885491,-2.4485427869835,-0.952542993233749,-0.385558115896577,-0.848601184779997,0.203859215444987,0.429543663225531,0.538456439495782,0.20274007110825,-0.424816681817007,-1.7867797333934,-1.74733876478241,-1.54130792629993,-0.704711540799917,-1.5036767494578,-1.74543511899226,-1.67671701228706,-1.71906709096055,0.356501223898248,0.230687884826968,-2.27331017817442,-1.65257206100013,-2.09909804841868,-0.803249147374538,-2.43477789735583,-1.13370107571397,-1.75308416541188,-1.82028064110215,-2.20026781091127,-0.543592873377721,-1.27738850070527,-2.33434017264396,-2.55905335329675,-1.11138439796775,-0.997608767366634,-1.84230459120848,-2.08575881908222,-0.922096997451576,-1.73833816916555,-1.34701162894906,2.06663178083686,-0.741269183161915,-2.8475585177198,-1.57610581664949,0.712859060933052,1.04283406812496,1.53049866050566,0.480507059840938,-1.44015712178221,0.515541002075282,0.275111416500117,-1.62787874281665,-0.653422895866483,0.623299548576283,3.50936303431108,-3.15643132881435,-2.54028327000856,-2.45409628788788,-2.37189322283295,-3.21326329028961,-2.08402799933331,1.59777400982886,-0.688833145584618,-3.62597318995687,-2.6095214039398,-2.06884032427398,0.880866138855023,1.19361237160441,-2.60842735456391,-2.63927499221238,-2.35673925861287,4.65610037301631,3.78907303521884,-0.876051884036657,1.26471170092208,-0.123520355679875,-1.3873274144629,2.38957024719291,-0.397359597363259,2.30379316034733,2.00828970166596,-0.13386597689551,1.21923354696671,3.77574966427619,4.71658962109247,-0.158448390802342,1.45632208895007,-2.29101408115819,-3.06579233182345,-1.78230492124942,-2.76786434214249,-2.65605131688067,-1.52429985008663,0.681357598764048,-1.51611325724603,0.187153702122058,-0.537644202976015,0.0346060621751776,0.876881805140845,-0.812406764951989,-1.32583017859011,-2.1052645070571,-2.41098308302502,-0.622765786049436,1.995149380242,-0.684195853379244,-0.436661787989226,-1.10743481619768,-1.32446289960083,-2.35812802977417,-1.07537724276415,-0.0755918114755383,1.06885635532372,0.53892119696715,0.655240031328088,0.507973176615655,-1.42765592555927,0.0046597761701438,-0.906257656524345,-0.821328601938248,-2.67307461695186,-2.86766524856485,-2.03580008412352,-1.78678150029614,-2.32247339925294,-2.05963369271592,-1.98971412257521,-0.977622896952013,-0.921987864989751,-1.81200041028684
2.87277824179194,1.26849549682537,-1.73519625512599,-0.233767505293119,-1.74357097152015,1.40820185150317,0.854062290142032,1.60299008970409,-0.066829328080799,0.28720521750963,0.347126853623992,-1.55504360943745,0.766391249439231,1.53845944588498,0.31895508239923,-0.956301321115017,0.190239589616492,-2.10327045458219,-1.33154083759265,-0.412181604124101,-1.16737702334805,-1.43105155529989,-0.444737966047588,1.24136973468843,-0.86032708662467,-1.08538440893268,1.30181736582509,-0.320045726984345,-1.71516320853798,1.2182405356183,-1.13734819758244,-0.853265613071904,0.699099253143648,0.322548033943118,-1.02454304267154,-0.947946367551178,0.719195741848721,0.186618015925057,0.0737248051771063,0.279956007209955,-0.978578660318859,0.211814596230164,-1.29393312961531,-1.55652958379603,1.32745075194152,-1.75146647369595,0.0761892506037719,-1.94702629064791,-1.2274554879855,-0.113148730469068,-0.17871823101282,-1.18651845432609,-1.66209648576569,-0.494274736002278,2.78697968114654,-0.0821153016044056,2.71897046382769,4.72958469935612,-0.459891545227693,-0.836835028002017,0.706426202667355,-1.04770270193196,-1.0929097017965,2.11179198236137,2.43728935516643,2.22310953255298,-1.02230258763171,1.76171154402339,2.23093377228207,1.85767367959452,-0.691264616012753,-2.36188428288451,0.00200993315404512,0.134015238210573,-1.32695260806724,-0.89946518399834,1.51602399479977,-1.66436151563722,1.24427934436367,-0.4848557267609,-2.57608145559949,-1.07537203879003,0.932448567836022,-0.032147574760408,-0.477909032165349,-0.00885645170293149,-0.591043644286467,0.698815310285621,0.906314320890181,2.09350118565858,1.83718042525874,0.185671993155963,0.728045524084836,0.409198696829777,1.65791173255148,-1.26622171112447,-1.0765467124859,-0.877342701328916,-0.223183855607324,-0.248679926826231,-0.714637573358774,-1.30198111706972,-0.71034998834482,0.755450776379443,0.917681292391521,0.818422854491107,0.0869079438231874,1.18640421002032,-0.00751455177690848,0.810959649915736,-0.660250229437264,-0.131953897291389,-0.613455204691314,2.08819925798066,-0.0372752886409195,-0.816136068658453,-0.0323383368199355,3.80095628414215,0.0697568454249753,2.73926308682877,-1.21816778986005,-1.08847894392147,-0.586376712702401,-0.257184562059778,2.14724823879254,-0.446568121238114,0.272392211529001,-1.10733019810859,-2.4867827135794,-0.474303886766752,2.18239048511036,1.00685865963362,1.0657131053659,1.23336233766678,0.738243969461813,0.65840975779108,2.87997749916236,-0.456430294270367,0.514646649707992,1.95488924560799,1.56761673477763,2.76414564660579,3.06964191707718,0.174268551403778,1.10493274452171,2.4911400798161,1.41293005418367,2.13828059754244,1.06822697765134,2.85671744613234,2.97280156254073,2.63800659160736,1.41865154087942,2.20420863262957,0.342482060408798,-0.767205403432551,0.250355299557934,1.15574938076745,0.554337542879311,3.37955297626078,1.75404900207541,0.0145523729714665,0.887270647528516,2.53450315123552,1.46404369122469,1.46235002521572,0.471628483813606,3.19416368248532,0.0315228864319602,1.6405492132296,1.73387484832716,3.30024712868072,0.78875108614027,0.465589357871383,0.35844106532833,2.57570190107837,0.568624254933056,-0.539361254195475,0.271240045449291,-1.61823003115992,-1.43316560839594,-2.57497120894246,2.95370601878823,0.664694515259636,0.68782040814295,-0.791996035630835,0.880126599638936,2.11666527048242,0.170888138202228,-1.29301938461157,0.591453951849325,-0.813766491338437,-0.849393388408985,-0.752975043329704,0.592619406251405,-1.95062721568194,1.25628215082293,0.177250566996578,-0.323311291573356,-0.489206372962436,2.81731129109197,-0.514322372364622,-0.0134707567753657,-1.34202115543311,-1.70663645810683,0.475131938408398,-1.62562344142917,3.46808036257873,-1.11682642411131,-0.849004804659328,-1.41645293559284,1.01229455222388,-0.410645841071492,1.86155604361769,0.0672906942479534,-0.241073081108146,-0.862381329897902,0.835390963777054,0.0854981349759338,1.81795618730358,0.0809940709889859,-0.651870589527493,1.07461847392539,0.0456106503546483,0.292498038023358,-0.693610955673001,1.12179184926068,-0.0756835505464598,-0.597276947844964,-0.867511566269157,-0.601398463186626,3.40541679737603,0.816017165352458,1.58365538443466,-1.69270185103799,2.43861139619987,2.83545839260253,-1.57094337165062,0.0429585870368823,-1.24492145366216,0.4185616537945,3.42317558708207,3.08058410070193,3.17643956669689,1.15076054595686,1.40766214354164,-1.56460203855643,-2.33199664139853,-1.19648841883592,-2.61067944470095,0.383239582356911,2.02556805500428,2.62665225483724,0.851782661562242,-1.37034132326565,-0.478608619736305,-0.241443345427673,-0.785733248256973,0.900411481444222,1.05517394139589,0.472533780890194,2.81187939841494,-0.294679329684257,-1.38993661991058
-0.217738326805126,-0.21143671824886,-3.48523616812964,-2.97070769738314,-2.07438259299387,-1.33581894673652,0.479934631580871,-2.14021131777561,-2.76454321947154,-2.51135715010632,-1.91632055847455,-2.01302042328839,2.53744160538953,-1.52498981289446,2.60792350363024,2.10753293410581,2.95542419885318,1.64049604795853,1.41284482819475,0.0520497198515124,1.9918441575313,1.18975509591006,2.28315719847425,3.63028876622197,1.92140689757672,1.34129093197504,-0.374858272021586,2.92042350707663,1.34234230600548,4.13412218061403,1.61353364102371,1.28640489473027,2.32071741951387,2.78968334445338,2.28784239678708,1.74501580949137,-0.512978148490804,2.40137943461762,3.45105285702638,4.14057513394709,2.1809260372098,0.0797960243917908,1.05956226801429,0.921319798658809,-0.649438659245206,2.18857506929174,3.72476091392226,0.721834762183848,1.65901043599484,3.26305570463162,3.09439309389071,0.826458957539583,1.56815840136732,3.15898451440386,0.835033268907726,1.89851503365033,-0.142426756032399,0.999950149914577,2.78423771234652,1.55119077368176,2.6236299113949,3.08041067639905,0.748320971981913,-0.728768406882051,0.189491777587964,-0.548982873763647,0.859616470429446,-0.650567566345695,-0.77723104042924,-1.3534560829202,2.35738309187789,0.496977495268531,1.17025289982915,-0.433245771944199,-2.2368212881012,-1.77315786558874,0.00783785542799301,-1.95466889134138,0.766629733277056,1.80039982182686,-4.48723379214642,-4.03740621034065,-2.33324577630828,-3.22416084987374,-2.25180673019877,0.50881078220449,1.5071415019749,0.790670113788281,0.605774990167694,0.744245032757929,0.945731477710688,0.26451931913147,0.319371657802747,2.10071764205378,1.82407843771291,0.201391687996257,1.92633045062132,2.27143138128124,3.06860254958693,3.01371377753533,2.2455516809496,0.582181849422528,1.23717924147492,1.57003232340916,-0.212346471555487,0.609522056462575,-1.89486763880627,-1.29551476031901,-2.38250373030832,-1.44571168735914,-1.79196771870143,1.52045096358415,-0.424525843853205,0.495614365720563,-0.439991418180953,-3.34683381418846,-3.92411033124995,-2.1697127214565,-0.476685782620824,-1.35380935000297,3.01665299172304,-0.498350023260155,-2.38559278444996,-1.48219696800841,1.32839651870977,-2.67504333208231,-1.53306872690398,-4.06206300646668,-4.89327478944258,1.21350669482581,-1.14003093404721,-2.68494201171912,0.9467975603631,2.47603012842856,1.25315902204602,2.90076441201004,-0.352385855936725,3.11683549167791,-1.31098752532816,0.767896324963263,-0.354294598012562,-0.877881631328046,2.35004693042067,2.21220444976,2.21560876491998,2.20879346850899,0.966216717944561,3.78509154892942,1.58148066262352,2.88685295873239,1.65878274143043,2.13122912159239,-1.15781655977731,-0.501997018605959,1.49162745802455,1.59297533866937,2.63515923233872,0.0965600823031755,2.258447233407,1.42487101365938,3.17346032026234,1.35493659845581,1.87825034385311,0.99067376616841,-0.0041679356888372,2.29076783439847,0.811066657366766,1.55301640322114,2.73402916372665,1.53689610153187,3.6175947813025,-0.203648142060774,2.19781597757888,0.649305753203498,1.38137211321158,0.508929518314981,2.40563935632006,3.49913104021335,-0.462677088116886,-2.28665619439152,-3.22606737781003,-3.17611485445747,0.0138799861812836,-1.48771667060535,-2.31328421067917,2.20210379029799,0.479920663413345,1.73677718618199,-0.305115377489814,1.80108923990991,3.54285277597717,2.1731953978633,2.90916438616505,2.22611021942491,3.19296216603331,1.68565234154454,0.428288467536098,0.287260918352954,1.98214023794564,1.94385776355086,1.06026251236555,2.76128951657443,2.57517466802395,0.833807044841558,1.76364660283745,-0.0165030385413756,1.88885606686872,1.94151485526463,2.22147853700094,1.39868082644284,-1.11541722403784,1.49135025864734,3.54679666971979,1.18759618638821,1.35180503655095,2.84484366625499,1.770687132771,0.132476266190468,-0.256450260560452,1.14370520733861,-1.89318961683171,-0.301303774291723,2.57191927427504,1.03846076883726,2.39475566447198,-0.612080705897258,0.387594034848519,-1.35908915330406,0.527907318269571,-0.434598768652141,1.01093080509214,0.0789752010696035,-1.02859566600948,0.257936853476448,2.42905930027626,0.106688357942735,-0.0843580161031963,3.19998777786698,-0.79609963457548,2.30722018074464,3.36909313986291,1.64936795187586,0.857251547088186,0.636519103156784,-1.07675280313827,-0.60833689546044,-3.97521217958936,-4.06051526741719,-4.16772970687198,-4.27279722205404,1.69902231016916,0.914004691539266,-1.25546291267399,-0.16041342027555,1.90895931724257,2.52673564979696,4.57857128004726,1.33726962540837,3.75010446970897,2.58664683975313,2.67684219107962,0.151690779393731,2.06877438350997,1.62441108258812
-1.4836758097619,-0.889211331099216,-1.76890027597271,-2.79801065472264,-0.77238143983698,-0.274576318740768,-1.24680211017549,-2.70842095406568,-1.78060844952709,-1.90369187057867,-2.25313657630985,-0.836814571017714,0.222254598061074,-0.652636069051924,2.08136982084477,3.31108870544616,1.10867629343649,0.36481185764892,-0.504053791118502,0.864042750317657,0.736057142571561,0.0430173569108432,-0.136666418849234,-0.399411181328094,0.937003728980453,2.33915686753986,-1.01055892715474,0.868736685303111,0.634123743951106,0.518134731054088,0.289967972397023,-0.584963451587241,1.68435625186627,0.774928681474596,0.314983946648279,0.679224442482826,-1.23816518052268,0.605929853047424,0.719503074548272,1.07709729939073,2.61332049114099,0.871477423003182,1.53596044273035,2.89022598556715,0.306996787284971,1.49497912177506,1.42102356534761,3.69393937412011,0.840990266884313,0.482994026498739,2.37166134929515,1.30434825425629,0.7263994114299,2.30053845022765,0.636320865912866,0.150019526187513,-1.48607638626997,-1.36266299125119,1.66042572440512,1.05507471347842,0.88650810190047,2.59260660597978,0.131952325046072,-0.706680421763108,-0.25979919486482,-0.585310647045137,0.911000728179407,0.288381041266182,-0.518324194665197,0.169856303650608,1.23942094813716,1.39820026983702,0.493011622656108,-0.786922630292883,-2.39833593596588,-1.89803653424458,-1.49003936004752,-1.96468002945126,-0.102870670495125,1.98042883441699,-0.126223431291575,0.0805316755878602,-3.29990848895905,-3.45436357288509,0.171293918179134,0.223525774774504,0.28337810184705,1.39795347147536,1.93469894418105,0.207629304504931,-2.15205629924185,1.38069451963123,3.49469519156016,2.2399690898587,1.42056215830688,3.09472368322856,1.54750406417907,1.13239241435852,1.19628746576561,1.24072784292552,0.452947888949135,0.209173310512657,0.304869660402312,0.849625328842279,-2.0011149649586,-1.92962219601948,-1.93620263428325,-2.93835998093425,-2.91389427037136,-2.7849204532383,-1.74612106042147,0.128433329489148,-1.48421271597051,-1.44811105603563,-1.01023539501798,-1.81616143654096,-3.72902560050445,-2.91062283784221,-0.614968858934871,-2.41239192555082,2.68008117171748,-0.651746122476993,-1.37593689070507,-1.07180318019241,-2.18468046669722,-2.2119791341748,-0.93354100541907,-0.622837030100684,-1.21735005858128,2.80757013173305,-0.479035874436278,-0.0473224150373865,1.46156599455798,1.04285761042438,1.19135157845491,0.731511385672015,-1.9998757017672,0.339091737322274,-2.66907302755717,-0.992676223253119,-1.98094845109893,-2.21058840558303,-1.51017328309167,0.556415434198364,2.16506397001088,1.66735133410771,1.31224633358296,1.55482437197481,2.01402051121734,-0.902255082796773,-0.731104500994073,1.76253604869246,-1.14923270389439,-0.818432886348862,1.59730435392906,2.63744729139801,1.55703868166366,-0.732729380379517,2.52902489158521,-0.0374849180899722,0.543995496420691,2.15628488385631,3.07527465092741,-0.89649169614587,-0.925412822307213,1.92384282930087,2.57074492420634,-0.350013233156395,1.97304209844706,2.17426201171073,1.76832110737062,-2.09719766318,0.731841355245136,-0.360239780517765,1.28819676223381,0.0283278468562542,1.67159291630754,0.992420731788234,-1.35391951769032,-1.35260347224199,-1.95641434423927,-1.16267118286367,-1.75068301822238,-0.938542244218758,-1.17783748114689,3.47565989529447,0.0954459524911757,0.55244765715228,-1.37681967492177,2.64676387953099,1.55003342972971,2.08760598009719,1.97360266722987,2.28130036487336,1.62543765574669,1.5174669800314,-0.766378657399796,-0.162836786726381,2.13089946961105,-1.72460370399857,-0.211029997521047,1.70217192462773,1.93691747441515,3.52593041789287,2.92698909699559,-1.05535429309024,0.757547754286045,-0.241150179989223,0.710697241728208,0.667075311260526,1.63908046359677,2.31189358314294,2.16571796592199,-0.959421621380395,0.589915326115051,1.97169573133963,2.79886473711911,-1.6952312549167,-1.66889767364264,-0.0101390899837053,-0.365959837256711,1.9227187104336,1.15114434348555,0.683528875144962,2.15893726639739,1.26620553406517,-1.08767512237354,-2.93461855490888,-0.329389485743604,-1.27898369719022,-1.21725425893125,-1.10550049774195,-2.87495336707218,0.404767535744181,3.04970431091766,-0.0828362485578012,-0.0433228472640316,0.675380528247866,-2.77148260008914,-0.556155495258263,-2.2941864320391,-1.98422247239996,-1.33336887146049,-0.0841334977678597,0.0466011693640701,-2.03724404180179,-0.692144941258395,-0.894136381354411,-0.738633924941966,-0.29033832429147,0.0878099803490046,0.0219044156559077,-2.50414855316951,-2.3820688471776,2.11709150076012,1.64747289056591,0.777273948629575,0.409242430892194,2.28668692922612,1.34801978862985,1.45996918562709,-1.05674134218154,0.381220967116947,1.27729673433835
-2.04494643328942,-2.52663864418041,-0.994743614380718,-1.50178312472146,0.0470663444790505,-1.09072168339696,-0.0801670222976782,-0.790793123085575,-0.356813680222928,-1.52541202784244,-1.67214580349496,0.449423627089536,1.71774507701694,-0.572537738029229,1.42710372065851,1.04159446618909,1.43779672284701,2.72427525725588,2.72893446324616,2.79879422282749,1.67375382585727,2.90403270389314,2.27178669974293,0.435230260767623,2.0615868777255,1.02744731936028,-0.992968647760885,1.41977005598563,1.60511277703777,1.7970068094244,2.05954937043959,2.37677044601478,0.759088766377779,1.81483378130037,2.51139641494838,1.29426674782767,-0.873495223175521,2.09325497803497,1.58901397945634,0.988336229620755,1.0503298869625,1.42990102470018,1.02870272149305,0.759492999371242,0.377137732901211,1.08022568643056,0.493252561218,1.19813917950697,1.68002537818021,1.91287953144633,0.0853711280859815,-0.14611745670278,1.8557194704328,0.411658970412286,-0.429200086437526,-0.896960073703103,0.239527862344984,-0.69048598588108,0.306247988379641,0.771630246819646,-0.189371512846812,-0.0939728306298216,0.0195810343097736,0.142690089872107,-1.22955923971412,-1.51074847418672,-0.468240399795169,-0.731992072520539,-0.990721123075275,0.800792623389986,-0.686421145613618,1.59718950700155,1.31684696916207,0.600436102595617,-1.19414181149018,0.466090113650545,-0.445939164857969,-1.06625385388933,-0.593477275090342,0.478300050530888,-0.629419263786203,-0.232059982509542,-0.774069898205318,-1.30414719006554,0.872131496306188,0.637020612176454,1.38850519088338,1.19373144526068,1.4738022742056,0.835351483382,-0.0384990364670561,1.12619631926087,0.290928914391355,2.05951930870216,0.215029558534614,1.73758027895884,0.634814615452824,0.0840448236235549,0.2377223728024,0.966854403487648,0.592285950688066,0.0585596790597124,0.53419669913905,-0.0414126219669832,-0.223544742961158,-0.391637234728948,0.304919669688115,0.123412594114218,-0.044249454814752,0.418628432762737,0.489619323802688,-0.321980532578713,0.677900039038713,-0.103059832495271,0.738682971331143,-0.485004979282129,-0.801941596729958,-1.57704095947785,-0.443564671795487,0.442514641421413,1.09973559700759,0.632705753257391,-0.49919841310373,0.39175233852184,-0.136359885342404,-0.312040240210115,-0.319066596378931,-0.369370480423975,-1.02933255081021,1.07434661466043,-0.638879558329128,0.342697887386613,0.457547659717324,-0.727807237567497,-0.257603271232603,1.62850507119587,-1.12564044385688,0.959760686871502,-1.02742101263256,-0.530826362280112,-1.74208613781116,-1.58550290941271,0.0195898183216766,-0.342421985997827,1.75776820614064,1.37496956074791,-2.7062170531418,0.308044695608002,-0.200853050630526,-1.39398091399307,0.190780942162981,-0.317782649156663,-2.3319052870488,-1.82680822871806,0.587223928221365,0.777407336198667,-1.30054704060764,0.363449264808628,-0.400229058519276,1.46037870925639,-0.576882220742763,0.266322244262946,0.802797857004433,-0.753129223800022,-0.878542440510033,-0.839689806878527,1.62327905705207,-0.496439403893036,0.831738251267907,1.32677789591874,1.16462707122487,-0.705068044870857,-0.190725748657909,0.764824057278372,-0.0222258330294646,-0.0259838335871196,1.344564791118,1.2175306739411,-1.30626582354633,-1.36697008503767,-1.4656693203366,-1.15441764653944,0.944067785060547,-0.297965314066514,-0.0822136707211435,0.445387578022521,-0.363275318096927,1.39028421489082,0.367686714932685,1.47823863084469,0.288984390663815,1.26096768216051,1.1365167182314,0.429174274041099,0.297900465620959,0.878864188445955,1.70116311685793,1.3588104033465,1.54816551987694,0.408358072849352,-0.488673191545035,-0.00826310070992249,1.46615424050302,1.92018313822945,0.899386675613583,0.284547210595759,-0.169229434673522,0.437545384278322,0.0801935841134591,0.521227967322319,0.390687186098064,2.45693658770109,0.211458371159011,0.156141716364762,0.151425406560915,0.0394534721393423,3.47383488134898,0.291269916668553,-0.372488742235008,1.36274829161858,-0.549794379071423,3.39347302680373,0.351668829162634,2.06749827581119,2.39761860804719,3.08629228070882,-0.000603811724873322,-0.671477760386167,-0.05549566249727,-0.802012671680383,-0.0288064090956007,-0.231156069609799,-2.21980982900492,-1.93574428681596,0.310524306885495,-0.767131362990916,-0.702550463504452,0.324426464370167,-1.64736899419857,-0.0400355363353592,-0.855113198488893,-0.122004928704534,1.31644341098911,0.637438780078747,0.212290660247989,1.49921489319756,-0.547537299833481,-0.921708554154619,-0.663147503354189,-0.985858940914511,1.49786071353344,-1.40031478256694,-0.748952533050938,-1.67328262696944,1.47837960000448,0.40968551420575,1.79988438931151,2.29751901384185,0.986410609753592,-0.916250298219307,1.43639345586559,0.669485742530341,1.81099614738751,1.0779434569499
0.336546524640344,0.0766384593827832,0.958736292285293,0.546292915041824,0.327565528085412,0.431919684504935,0.833378009893075,1.9083723242594,0.706784212213762,0.920960181220959,0.282169565496347,1.26863103546366,-1.78636811437031,-1.30517142670161,-0.884999760259984,-0.296898393207922,-1.18790272672345,-0.431956729865658,-1.78315630318938,-0.330265967580472,-0.668290237555379,-1.57069994137517,-1.64787734939801,-1.55467868398558,-0.58311124044898,0.160265588836663,0.384318909385521,-0.312000443403451,0.13454746950615,-1.932647980366,-0.823044933738961,-1.3665147047546,-0.939115956346725,-1.32137135762772,-1.96694605017341,-0.145603953309181,0.00976521060439511,-1.06805149919595,-1.94453524770343,-1.74786728668689,-0.160277430119764,0.42859947392327,-1.55229169866048,0.178163338481673,0.529435246737425,0.647098470471496,-0.931917054561125,0.286037834495269,-0.81366136837959,-1.8285375087107,-0.578816524443118,-0.196693077127713,-0.854196346453633,-0.757532172300134,-1.30864882894742,-0.00991684538671215,-1.15033852177993,-2.28922645743223,-0.75108846132197,-1.33771057265222,-0.411016179488034,-0.0703727035201962,-0.208864146120251,-0.942998466340852,-1.45973187537293,0.127519818112448,-0.45719321655601,-0.924391271031813,-1.44799596233609,-0.498463494564293,-0.420150713037326,0.294508205953914,-0.108555005300651,0.70092568038272,-0.252501130666109,0.640788789080898,-1.74882170692708,-1.08478035334422,0.880230560151438,1.24794981556139,1.78215049914354,1.71252936814001,-0.484189309176847,-0.568569658857932,1.25198011937803,0.20994220192229,1.15758366842211,1.73040875195315,0.835612625735069,1.39622139493043,0.115190346493356,1.33899326607772,-0.1031456794019,-0.449614923341106,1.4695726110441,1.85323979033243,0.0157255462665235,-0.461890366634366,-0.864020335179832,-0.418234392166628,-0.516612783289537,0.705449785768908,0.0888234944803253,-0.507790088155596,1.04240465361952,0.734379738163966,0.519530920404378,0.648660427393258,1.15231118161769,1.25277998027,0.61498390702199,-1.04674252456015,-0.0784526100721441,0.176061789858019,0.447183416867042,1.4017587876493,-0.570637671126024,0.040300279726243,1.84567919326818,0.75604590296299,-0.428535700540315,0.122957673590952,1.46299525707923,-0.524788954828313,1.87555673223278,0.425372995138694,2.64813479633985,2.00006070300643,0.845943749999407,1.13223779847974,-0.722112104328013,0.456729517611511,0.837657963289158,-0.0600801788319162,-0.512134660409104,-0.840894723437876,-0.185869499375525,-0.942071834385513,1.64435755555656,0.848078304888428,0.180150273148199,0.937680279960869,0.798236766781263,-0.883398811081256,0.613999118145217,0.855211361822603,-1.09888081171513,0.359345417449705,0.389948495008837,-0.198983258609677,-0.362037722960623,0.267114583377196,-0.0823754320892739,-0.423021458483034,-0.262731795094694,-0.491979783012485,-0.515663682558934,-0.43419129287188,-0.807021421646226,-0.00359461109345817,0.422759258541581,-0.449369467258122,0.0265997960639575,-0.779891151912604,-0.549191164713113,-0.310623033215074,-0.752540137590594,-0.272255479938184,-0.675336928566042,1.2711244035707,-0.369482379094505,-0.706108144444296,0.52887012261724,-1.0108673656181,-0.183846302274911,-0.533244020945761,0.518652027443671,-1.24461046212947,1.29289295646226,0.772674223869507,0.99601197354882,0.768975486124645,1.07500120754162,2.27912460695893,3.20567789175758,-0.545964553492651,-0.525656759785377,0.195139473212682,1.0526230583852,0.853410250281496,-0.481126376743389,0.768965815704071,-0.17681360657504,1.03113281622431,0.0351942302560091,1.09952834238834,0.728692583951546,0.240980881284882,0.37420379635112,0.0777489712010641,-0.818763847165973,-0.849113420141056,-0.912065003001891,0.680258133944504,0.196667325651985,0.958652539086449,-0.800651586905671,-1.81767425625795,-1.43535278586098,0.285004587918653,0.111548246204039,-0.937670952922328,-0.916385495861963,-0.506002236893933,-0.906458605463424,-1.00009715586895,-0.189257928332656,0.655585616183059,-0.100466337761122,0.527067397636856,-1.21763787792468,-0.329261216091247,-1.00369624641549,0.147063095806321,1.35049220926969,-0.938929790743172,-0.511189921150746,-1.33299784262125,-1.72314537787404,-0.41899492654709,-2.96261812673586,0.523888642412906,-1.79365149857183,-1.40835672230099,-0.159110250087968,-1.16363633155591,-0.609170294053703,-0.306388995610912,0.715001269194649,-0.385329400392262,-0.747546386698723,-1.94064133738061,1.18066645343106,2.03023802498688,3.43287146286021,0.491577289435829,1.39977658110259,0.700229407385357,1.21102466200756,0.957803597508393,-1.58945655246262,-0.825785096062418,0.187922764644835,1.77246759196547,0.0193402662231161,-0.305856468154475,-0.729690800566596,-1.13926031229852,-0.997340760905665,-0.117395082622532,-0.798180607267502,0.0513281584768911,-1.62561439099612,-0.194573065288179
-0.430336613947909,-0.292763228506116,-0.909514546458396,-0.03161569563177,0.231623838456786,0.676798262690295,1.1216376740171,-0.593045309258506,0.137251029055702,-0.779144964899481,-1.02005592645784,-0.186190418107545,-0.427381739679334,-0.345140186092274,-0.376011646507587,-0.25811358665477,-2.02917953098159,0.0015697088301485,0.914607880528624,-0.0599852102000157,0.590881358722454,1.24171986025858,0.338722565658964,-0.693741707875526,0.820765586771406,0.202367790640692,-1.4500937283569,-0.865211451325464,0.336757839725527,-0.883447325708669,0.330697188866045,0.853646815972529,-0.5983905193284,0.191688932565906,0.31134294819619,-0.108262579250945,-0.794457866903211,-0.102563802337096,-2.3559467635351,-2.11124462647811,-0.0161517327358868,-0.542290145755703,-0.53666204847886,0.074168554660637,-1.36541516926542,0.583009867957158,-1.06857125971161,0.644468231523855,0.554351207361556,0.0250054272915858,-0.514858111509717,0.920113640324793,0.467366223069748,-0.385546124358997,-2.05615161807165,1.2312952067327,-1.30994830107134,-1.88445642518118,-0.529662004674716,-0.656005111658165,0.966528930194918,1.07231594805702,0.802930350601732,-2.28787091961586,-1.91320923645065,-1.5865196581245,0.147859575683151,-2.16992148840906,-2.1960937161931,-1.18203023439878,-0.00698327660788636,0.661847734185322,0.123559455613917,0.13262029604457,0.219172376588494,0.512924707198468,1.42947545171258,-0.829607155377015,-0.525627797013831,1.00993150852514,0.539138854168073,0.0840824249414409,-1.2254088484785,-1.35307416665866,-1.18379226315206,-1.11504671524222,1.44511242524044,1.01662246788057,0.836924278823263,0.630305874102074,0.3447151663239,2.15813458954419,-0.867562750108169,0.793668168056299,0.595828790050398,1.02628780202442,0.647563611194103,0.129558143421903,0.147600099307487,-0.0266519756655058,0.260286790134931,0.629208755890398,0.262741484617798,-0.160792636699343,0.516090134412104,0.586600252342669,0.119270311125066,0.290975734363899,0.43559070717335,0.591850346516511,-1.17388168469405,-0.422832615311507,-1.00678095371216,-0.205602808171006,-0.16138266665936,0.0518391275675493,-0.917160089552775,-1.9439641623327,0.711861604648038,0.734218901363269,0.251924869458035,-0.999851510083951,-0.133393638963263,0.558993122697054,-0.293160387150141,-0.181551883961356,0.108143336538229,0.407659506606788,-0.298220038984771,0.753985801392543,-1.17574579507526,-1.08270554024133,1.23725149576347,0.00865449447266854,-1.12417302285273,0.806094384989833,-1.2526170769668,-0.4366527310792,-0.330765158129396,0.0830727658191621,-0.293318027438527,-0.502803531948208,-0.383360478779881,0.580656051618797,0.310158226482029,-0.127371924419596,-2.43960794181572,-0.191376387634601,-0.275961947380713,-0.111442850104053,0.0608692898549598,-0.60291941523959,0.44045949277157,0.0580715513857266,-0.155036376888624,0.895562748178527,-0.968012909085652,1.10034876876747,-0.743320152374071,0.356103845224548,1.05982953845218,0.485203493692435,-0.0963694019201934,-0.857601716012828,-0.396330365063228,-1.71151907443357,-0.541346586131049,-0.701782060592482,0.842263803640277,0.250079161508688,-0.201541131297663,-1.0756492256285,1.0721981723534,-1.33065826388685,-0.137841620321011,-1.9071307321631,-1.24444370456764,0.234773693681392,0.566084913713002,-1.08266591894216,-1.28694648444662,-0.450296341889632,1.66318007360323,0.755484415974173,0.891193872391433,-0.0271422006230291,-1.64640038608802,-0.440458685537726,-0.649937798263876,0.345770881528906,-0.0177905838027037,0.216160521673078,0.477357559131261,0.481231097913751,-0.621873456561286,0.469196161144986,-0.172416050920856,0.167480387329955,0.760385677911209,-0.890065811923912,-0.95481278724039,0.0406528550762346,0.551310588678079,0.372746581473487,-0.141635627027307,-0.0476748607590168,-1.94753871049756,-1.74080246485799,-1.35980908975992,-1.18435883275982,-0.651020277131254,-0.0880243877322763,-0.45714428490876,-0.945310894957009,-0.438019741954122,-0.632404210923721,0.336700710121702,-0.643659096879782,-0.823674985952766,-0.482519123064628,-0.307839574883826,1.86957599287073,1.13932655081642,1.08932253999426,0.938590954017252,1.60168997423381,-1.35705412596628,-0.652956431750192,-0.892272851324761,-2.00777720353598,-1.22982578396599,-1.95608771728973,-1.28336638412137,1.27965214601027,-0.00515931789259475,-2.7821876400508,-2.32733997541042,1.31844356589901,0.0296571177934335,-0.449351964328289,-0.494652350420296,-1.38882669777593,1.70945559557275,-0.00193426336847422,1.67937042342703,1.27625806469263,-0.32423307531072,-0.571849520840115,-0.191780952589342,-0.162678569032462,0.219516359854419,-1.48067602909815,-0.010492202193441,-0.232037805488277,0.745848486277616,0.104095403043846,1.91851687042969,0.948496884263637,-0.223439335806878,-1.28630221160376,0.156168126922111,-0.144875110927841,0.336265637460314,0.116094587795979
-1.21622148528129,0.313842080532425,0.939279291274755,1.83536797806753,1.72745207094136,0.864115119889414,1.52267835891017,1.91934485384089,1.28885384598575,1.11167487693214,0.55046568259945,1.10001988771539,-2.40769102748387,-0.0218541679783329,-2.82085012039978,-2.31743436971699,-1.98872870077023,-1.68239593896204,-2.1942770392131,-1.29144809186597,-1.2815722397976,-1.58775872428281,-1.42492623378862,-1.28799119720554,-1.68050806272645,-1.83685844512925,0.292823700183737,-1.52434961746366,-1.94955384574723,-2.27812665329867,-1.74629319553922,-1.69944004437739,-1.47003947994461,-2.05735429740452,-2.24729231246458,-1.43860243299812,0.652424095453369,-1.84984427898114,-3.09101650741263,-2.69216385990383,-1.65966470369896,-1.44719977671224,-1.86902424507688,-1.75764549322219,-2.64674355053431,-1.82632259699542,-2.20345733221081,-1.72287225599956,-1.67649086139039,-1.63676248401201,-1.8272011223806,0.365969185949476,-1.71164386141901,-2.01909762654267,-1.52908537377191,1.11413231973745,0.106090379188778,-0.48881515126966,-2.09545827164858,0.166359633810289,-0.938820567133324,-1.50064925653031,-0.050985416228341,-3.23784803021518,-3.8833127284647,0.108150478455429,-2.39289892029179,-2.53474416794385,-2.9111186076986,-1.43300362944829,-1.83993154356816,-1.96938310345608,-0.154546677702647,-0.43732232315915,1.45831641208227,1.29959370785847,-0.0625147772630712,0.731788712805188,-0.869774122504894,-0.470402901591728,2.37487252532763,2.40744886717396,0.0149413963205493,1.32961776467082,-1.39197574421382,-1.3472192099276,-0.0860408978641446,0.326139205668469,-2.19076078622303,-1.10956543405828,-0.872023555009489,-0.883528501500582,-2.21999596723328,-1.84555613422972,-1.54932303318399,-1.33868245867274,-1.94648347734104,-1.72477944943807,-1.08123172577218,-1.32183275505464,-1.58479734883456,-0.331098719140317,-0.738842831429298,-1.20010134213131,0.985586102720928,0.362514033405772,1.84722208523419,1.28187846333129,1.83186633782337,1.70804802109958,-0.00410523304815349,-1.92581451679351,0.207556888991738,0.978596073457962,0.598470525894776,2.08765695752642,2.01130289564043,0.473166837130686,0.299324499309392,0.087304018393733,-2.16916926515676,0.167045726688425,1.82166032850872,2.09312733365849,1.66025822494278,1.87524450171536,0.187547355940563,2.33353368541539,1.83068164117868,-2.11228029896267,1.3846881666598,-0.636572837048097,-0.704630988152717,-1.84372629428239,-2.98624202579794,-2.2733690444426,-0.0422903447109191,-1.81343233373839,1.71400333838,-0.888566290191371,0.69876416809676,0.143809635934945,0.754519082732876,-1.38145924298213,-1.87154429529633,-1.9098884523493,-1.64554676404383,-1.30782818377894,-1.09105504853531,0.307895384514163,-0.806350884451851,-1.27348901133801,0.663854090313411,-0.566984259972946,-1.24544439792533,-1.111258408996,-1.73112435390295,-2.20171639147177,-1.58841376796161,-0.179822862241151,-0.27458406250335,-1.40586118418347,-1.80226196174179,-1.57804361248337,-0.956211272830204,-2.14867554103914,-1.93860595796005,-2.66520385140088,-2.00416560760073,-1.54756098579459,-1.57215619047383,-0.194571887583121,-1.53144443428231,-2.85565539800886,-2.64049341918539,-3.73046499353106,-1.54161690548549,-1.08716865332657,0.0892122006323624,0.218305016172119,1.04832755335992,1.37938229572563,1.21703860992919,0.785868859050966,1.42918550169188,-2.71640150789239,-3.01125077242132,-0.650945752870725,0.19267318294029,-2.31220663989948,-1.23622143036476,-2.04410213777463,-1.83355911851695,-1.37086422103748,-1.39846651893922,-1.70801856112939,1.5947394113815,1.69687959237752,-1.70871271435592,0.433972142758004,-2.39850593510544,-1.77675169458509,-2.17786956866848,-2.272824606041,-2.37894566387726,-0.0863545056001831,-1.33705731085585,0.831316487131922,-0.719599094840677,0.293738381844392,-0.859058317353799,0.120067586914425,-2.06071472912594,-0.0127179168951193,-0.678494305612471,-2.32557411927223,-0.0517258288387052,0.454608224363051,-0.286411152374917,-0.110036260887677,-1.36552048790109,0.598492027556587,-2.13446929448478,-0.319772715428767,-0.721201803255357,0.10343440377515,-0.488070884922539,-0.521478008272214,-0.474519114259564,-0.352492922714692,0.32373882262674,-1.27195691413124,-0.315343907845143,-1.44779119234245,-2.87021586604556,-2.18607587760734,-2.51709006496634,-0.732838344061713,1.03102459650738,-2.15202276479802,1.08859568999836,0.756172934060302,2.19125796997543,-1.41532209081598,-0.820496159655442,2.81066124871072,2.09522247426704,1.82106400374708,1.79764793765174,2.508164124,-1.89556916258859,-2.54787315816964,0.964263002511835,-1.5020648125638,-1.4276501178285,-1.60420246935254,-1.40412208132245,-1.61778743266755,-1.4155735190535,-0.868751062855605,-1.40451384146963,1.53345915177572,-1.37977321863291,-1.91089728560931
-0.236298124439254,-0.0116326340951681,-0.529124010146849,-0.568445203050929,0.455035024357212,1.36257221382802,0.336267504601027,-0.961141704099526,-0.125834215282153,0.0167729458034144,-0.438237664822564,0.305609208410407,-0.651345132797041,-0.573218956507305,-0.669181972545817,-0.964324208499696,-0.450338856280509,-0.236536922699553,0.160151388095716,0.342567151883228,0.0322904543051933,0.571599902250579,-0.148605187464332,-0.774680760810989,0.303881224549161,-0.375498456840474,-0.478689599641914,-0.448770092892845,0.0513936584215282,-0.477269643385261,0.249923034809571,0.458423259792813,-0.256837283852574,-0.145400718159753,-0.333631236398414,0.0453978184165875,0.389970506666878,-0.810279161007156,-0.68060834645359,-1.0001881398738,-0.0786582275074871,-0.354823387118209,-0.724027915916405,0.182702456004643,-1.31332676607994,0.630412570114682,0.0514631067795585,-0.457644914523748,0.0636646331739671,-0.672698424761601,-0.498052139148711,1.39391568898868,-0.186867112701841,0.152840331332822,-0.956488263243734,1.28443418828816,0.321946074733438,-0.907270872529952,0.103579839401225,0.619495541677036,1.16247945333028,1.09751718453799,0.466535805134992,-0.649544707465677,-2.17400887337567,0.140004019665545,-0.524472126710238,-1.78932383309963,-2.10649836334841,-0.961284944904765,-1.80519433946978,0.136533710428538,1.20278100684095,0.180709298544123,0.218248902448822,1.1291220721866,0.472895553308599,-0.317541013586179,0.268602047447032,0.0301014072433495,0.862964597306437,1.25527789629352,-0.129386408033594,-0.696653035791301,-1.49740473601006,-0.309254463135138,0.22756940319178,0.653706209324209,-0.611206429407908,0.276653915453807,-0.592410280138192,0.424113372166922,0.176537859197726,-0.225476232303794,-0.272354236754259,0.174364618492591,0.334178538275142,0.433165844685283,0.642184190313575,0.588711729403626,0.224452973699511,1.15040277697755,0.819723357714181,0.445403206686108,0.333710118501903,0.587296597645589,-0.242720389902902,-0.153263615924325,0.533975027157276,0.189743713836372,-1.78368708950011,0.57338489823312,-0.530603328357798,0.160951063914959,0.210791586167952,0.280216751447466,0.76215911107747,0.111552846267197,-1.2203074739851,0.230207550132909,-0.0680602085876202,-0.536526003498661,0.250948289836124,0.940057428452756,0.203454828548205,-0.230970955011269,0.357936305299722,1.02949762185162,0.249182903935165,-0.225150744779574,1.09265061518337,1.46103733208193,-0.374532518384412,-0.625429351632483,-0.967701976240303,-0.445343704493946,-0.976228870499607,0.433003592284512,0.0829949370627169,-0.826985382041524,0.304191256472767,-0.200150994743456,0.460331261173132,0.709122165638697,-0.226556244488228,1.14237525394529,-0.14976228991329,-0.0505410432308716,-0.0623619542971815,0.3486296695126,0.570892655159508,0.226251519565169,-0.0356592213151416,-0.94698325503964,-0.0814316865032588,-0.179078545653746,-0.370192876326072,0.64434979079788,-0.277499334857668,0.842671830587833,0.529625746182401,-0.216179275122888,-0.15251559973122,-0.296118999432627,-0.585081751229248,-0.759724403642517,0.0132762291710996,-0.931270819457351,0.0802468541937067,0.347030739704908,0.518534895933783,0.149277966804162,0.163510664826628,-1.21278446246801,-0.211183344745491,-0.648408498619811,-0.124219145014723,0.28091415573145,-1.24970717807652,-1.00521029541455,-0.757303993892706,-0.243938299291369,-0.0947845722298408,0.240557597039505,0.232675501882037,-0.97034408319629,-0.765217049586684,0.360131119474771,-0.263753272029057,-1.03229567461515,-0.414003588285515,-0.653358194485348,-0.286164885149505,-0.573764187104302,-0.337463813664946,-1.26355297019229,0.080561160107448,0.78674542995395,-0.565399707139254,0.506453149259093,-0.142317204075762,0.722274833164352,-0.539057889553584,-0.3254381371507,-0.666898266802898,-0.20278113092854,-2.14510983021236,0.249779187752066,-0.802539608364405,0.00467225502018088,-0.959235191102667,-0.272333927615317,0.285451924457376,-0.322871191307853,0.219283246486382,0.176162574638665,0.0502597869394462,0.0318172034561092,-0.498202682892649,0.0675566235370844,-0.654362510451809,1.43002890017386,0.773861526328165,1.15606395844695,0.792510857309317,1.18502284660959,-0.175487684795448,0.569215200619706,-0.759372772297958,-0.938384752053889,-0.874089741546604,-0.419167762959738,-0.809947229899319,-0.469932424390266,-0.230445781723471,-1.18073802822091,-0.996597722695563,0.673073037522789,-0.0633904016553036,-0.381669900651679,0.271719866965242,0.298289360600732,0.28030421498287,-0.563676592011096,0.173404232468473,-0.0929656569946142,0.55248422111413,0.0110923631352433,0.346208297462669,-0.114666641854554,-0.201766965277199,-0.501416169988275,0.123912694375201,-0.204650150023905,-0.207483178423764,-0.0984033987203848,0.17595036449873,0.0862052610145038,-0.131391153254357,0.0207341126818049,0.114036099339341,1.48314233477828,-0.136912077133858,0.452037980371345
0.0615283892900992,0.841754010504818,-0.940392606229408,0.0547171418768874,-1.16559065407897,-0.447485641085757,-0.90965693220451,-0.925604884168033,0.699909394911364,-0.246668850836319,-0.0922959449287304,-0.969952165028747,-0.973903166598635,-0.836190091334443,-0.344744967428838,0.164066163673996,-1.5200031079698,-0.841687598500724,-1.15696519031234,-0.288549194075618,-0.581948244513371,-0.855709877486235,-0.647755778898905,-2.11649111099157,-1.83874591556811,-0.168869606165206,1.4946876906626,-2.50514547881588,-1.92856092578333,-0.861207876493177,-0.846834340267232,-0.18603679984572,-1.34280782151022,-2.3752579542946,-0.969272260486375,-1.2869459871295,0.661141869263928,-0.612653225009376,-1.96317101889478,-2.25379188887613,0.297923237982466,0.922227732257175,0.823153284893602,0.48686618380755,-0.267734249507948,1.30309143772936,0.0999470704617446,-0.0691311814192421,-1.65555854468381,-1.12175524996727,0.593290218871494,-0.815002056936698,-1.2598211047183,0.479427775410985,-1.47829728163232,-1.00354444117008,-0.232279036088209,-2.8697146092407,1.71913763545145,-0.673008744132958,1.51089170940087,0.907669231004164,1.64051435860271,0.191201161548783,-1.02001047964131,1.05264429988231,-0.0463519597492816,-1.25055221464756,-1.68934784168229,-0.328964232973337,-0.0195171527336077,-0.614832333105621,1.48815983175776,0.307947708900259,0.475346043412589,-0.671106712763087,-0.0578607979278696,-0.166722499550243,0.543923041280492,0.259723400891321,0.846977780066945,-0.163315524261176,0.248328210548983,0.405566335600617,-0.446940571964894,0.414438176906432,0.0274148752585309,0.462681429050053,-0.57145576596956,-0.348745887400282,-1.02890177725519,1.15992880164324,-0.444416934206028,-0.171817765638235,0.0939113864049251,-0.142265894993102,1.16655179937268,1.22804538414352,1.39760705616539,1.17470186149324,1.5648264435497,1.98548740153251,2.19011736219946,2.2904837963943,1.26253232109492,1.4144952544345,-0.310665505788235,-0.365342506344011,-0.139095760892357,-0.947912067953113,0.0420857740632115,1.6282854886455,1.24565234367064,0.476952962892258,1.3473359335372,0.489389870384086,-0.00403651670359283,0.0805690493317395,0.0345791298103814,0.568562037147455,-0.110282363279261,1.22013042787667,-0.354642390984827,1.71111573906328,0.795838970220447,0.518311938671948,-1.93800888317137,-0.148634252020223,0.0577353836634365,-0.347252554961389,-0.175701376582252,0.933059775985591,1.1168570076781,-0.153452334878049,-1.12224658091934,-1.79555633975416,-0.896211721872769,-1.78154103411788,-1.06067221504579,0.322540224066054,-0.142806522932623,0.400791362141892,0.0779086695778958,0.579093941561298,-0.033888511344189,0.88295186378549,-0.730608482298659,0.166593375967503,0.259365016334511,-0.357529255789416,0.00300474188481189,-0.0404892685141672,1.29219447393368,0.211199280092927,-0.30860576675432,-0.634125178670906,-0.0422788266073697,-0.187000416815068,0.226728411157814,0.216810880408181,-0.688943307051952,-0.768770620210015,-0.608597709545749,-0.357384378350756,-0.648522878772456,-0.293588036433994,-0.120622888117371,-0.823677033201086,0.474887352315506,0.20137272217569,0.444522636150744,-0.450167516294652,-0.283740668752343,-1.10865339699351,1.09302213849351,0.289948696014256,-0.0291543059028323,-1.27381152956428,0.394161245821998,-1.79631882851425,-1.05591961144931,-1.18121502931966,-2.21420778961995,-2.34751787669602,-0.510936366835734,0.819923456183071,0.452755300908661,0.085487340220674,-0.15779742338404,-0.338996943795597,-0.934119080158266,-1.11592989538843,-0.280528093303822,-0.0195405185797983,-0.522597869617395,-0.518144822801674,-0.893458440816359,0.446009040159761,-1.284200419393,-1.20930161329932,0.842943176726835,1.39965049365446,-1.43697757630224,-0.290934867892613,-0.603565355661284,-0.55920499732734,-0.143907432205566,-2.27052012705103,-1.16983907741812,-1.4969315163029,-0.919070271171656,-0.214170426065408,0.757731291398616,-0.0477149259195316,1.38691771120686,1.48027800021579,0.52985714974825,0.269278521204565,0.752629913018332,-0.573952825357325,-0.0237506802371502,0.155237845118275,-0.222600062334967,0.238445575219391,0.403576198925668,0.00134094808075679,-2.47397326070548,0.568086064419362,0.73652876618689,-0.488155111768027,0.615556379049972,-0.891383281938479,0.182233968970498,-2.16510934137915,0.10719634983572,0.661702828054184,0.821973838079734,1.93485480808498,1.66188956481882,1.43373980495556,-0.559073221439316,-1.26421625543231,-0.518948075351046,-2.83571504601646,-2.26677035580585,1.39984094318932,-0.490671745355104,-0.561947382789715,-0.406556013066051,-0.325719005120697,-0.531458781394691,-0.27203159721299,-0.978101689746696,-1.34932834277033,-0.542588652147447,-0.54197945228174,0.800064391544228,-0.911124964964701,-0.662627005329708,0.160414437746939,-1.19552049789694,-0.309056212185027,-0.574309017400447,-0.983181056566417
0.398250449262968,-0.0612945783475102,-1.68740635255945,-1.04057545757923,-0.870376322670714,0.249913817423606,-0.426799840001198,-1.73676425862378,0.623541043492787,-0.949668601694257,-0.280816457421406,-1.08471335166745,-0.706698447188714,0.350457351402684,-0.110639763629017,0.758413673798189,-0.0155206806268763,-0.777966713993081,-0.496607736693513,0.00287108793821062,-0.325952154574599,-0.996598164324093,-0.937939562079779,-1.16357688571152,-0.475263226172142,0.853825419172833,0.463139772556944,0.199828972842959,-0.324316718695377,-0.317796459096877,-0.37921661183678,-0.607721254068993,-0.714125091519853,-0.856060079480681,-0.859281258102262,-0.131920506476701,-0.652468414100172,-1.4846473813255,-0.728729544385853,-0.549235516591356,0.990631984219716,-0.328558780403493,1.70233745128337,1.38862451612268,-0.76946999678406,1.99536371208987,0.0937474043705448,1.02577016925038,-0.319352161226329,-0.648778702425666,0.189773166181564,0.0860250953651968,-0.621193994817117,0.741820291354277,-0.659601325634936,0.773733969253878,-0.380999136589651,-1.6488006954365,1.50749462066955,1.20442668893029,1.55546183060529,1.5655931695234,0.929209411445243,-0.910926146695275,-1.01594181645644,-0.842781746145371,2.86175862676261,-1.60865005392445,-0.569536120903168,-0.522225341665569,0.946613195581456,0.955593286794422,-0.218436574968668,1.13873732997878,-0.879439095206414,-1.37201742072477,-0.387652481633374,-1.46822039115405,2.2397378839736,1.16985467327162,-1.40673042598976,-1.4308747330672,0.23773292970881,-0.367784813851739,0.486236778368459,1.54185237917001,-0.262039275145463,0.913609027156897,0.0230673180467607,0.256778585452511,0.194667909038002,0.574574749468561,0.748162537356226,0.118465489853318,0.485692637359154,1.32399819979576,0.763141201222531,0.856533027617745,0.562715402252792,0.447006850872664,1.25671287806662,1.44011442834147,1.70473109668358,1.42397075010754,1.0993336938716,1.21301778932652,0.572684771664441,0.482847045334894,-0.432428235105435,-0.450098095043538,0.324973334769925,1.18419946590994,0.471842577791983,0.291797634447052,1.37272024583462,-0.0144934318603414,-0.49515976664254,-1.14828312193075,0.860468476847449,1.2667254818494,0.70390400667934,1.47317401178394,-0.446633561381419,-0.647952155115555,0.341627255317525,-1.05536088521681,2.09508176205956,-1.22109939609391,-0.869143196466241,1.66588269775699,-0.709717681449482,-1.03953487696194,0.418334416415357,-0.560892554313397,-0.50314621342394,-0.646512651198332,-0.80819778568003,-0.727516611062288,-1.7691706184704,-1.14397201608875,-0.50237005251129,0.0760849312800943,0.262305107781701,1.60923703641014,-0.440674674186301,0.208846193980023,1.257371919758,0.483764839786396,0.425080698124812,0.947897008745211,-0.132881658396786,0.430625738746123,0.0146224460922509,0.290195845821361,0.308494479136895,-0.465524966894037,0.106946630707554,0.974210757528345,0.126723808849427,0.319049330315548,2.03433855983557,0.108904728447228,0.346455370134116,0.044355465826235,0.229922525883585,-0.0054186599586474,0.329452329159398,-0.00259611048038191,0.708692348037311,0.919898330920706,0.811073713805822,-0.11107970869948,1.07046073758226,-1.51650820311564,0.595002119207824,0.0972202518948221,-0.0587077328682764,-0.312049452940061,-0.51816780416975,-1.90602668019878,-2.10447524295802,-1.34092094247794,0.27426859021192,0.0573250574863496,0.0841680839956337,1.18849583711126,0.231288054910952,-0.0454277841449756,0.40072995294928,-0.148920025330707,0.20666563067587,-0.165364902098659,-0.0299751465108255,0.367365789278846,-0.12676733327467,-0.344415666868801,-0.493316066178121,-1.18574805495408,-0.380176325898466,-0.209828610746507,0.438532865673946,0.759371751304478,-0.269436202165128,0.819340315360696,0.811233539724216,0.739554654530093,0.579727339098498,-1.11862633433268,0.282020096217952,-0.520974871312031,0.601055127334582,2.23187914537702,0.90010621110429,0.343338316168186,1.5711219319166,1.24943242971364,1.56135416087588,0.852096670892645,1.13694194120178,-0.436212421265964,0.385833623959438,0.714862493423956,-0.947554209865522,-0.0850556277613765,0.487316562170309,0.198105769624697,-0.507870771039272,0.814984144323837,0.961546766004511,0.708148225291963,0.261759149567989,-0.674720627534269,0.138860646345205,-0.987347219744818,1.75097260450506,1.39324936686331,0.822089619401286,1.42350283977258,0.661663481942625,1.36461357685769,0.121492840108967,-1.49210734867045,0.149282305363239,0.234084718205543,-0.942774455143825,0.830212231513724,-1.17112522588465,-0.868798273660543,-0.515271670496802,-0.470188418893106,-0.92509311756949,0.573727939017955,-0.338836012573398,0.618581422134785,-0.039655518933946,0.148463846143951,1.54181816510395,-0.900268184718938,-0.115948690851101,0.415152465599038,-1.0973244035412,-0.70942000585813,-0.584157598675787,-0.0250607517291594
-0.410875004560244,-0.235226436004328,-1.17047302486884,-0.59604102859548,-1.14003470985658,-0.45739487251384,0.0263974600969046,-0.991293438600821,0.062347596445403,-0.632790510006407,-1.0575428540973,0.220277555517286,0.497241749347019,-1.43872299135268,1.17752161037525,1.03770165006507,1.47840475756942,1.3722445102607,-0.00412424614579249,1.32426471924077,1.21310940378823,0.886617489978506,1.27447227248293,1.0048730717015,0.439130976344647,0.239768209370576,1.11365459432373,-0.693167369176298,1.05914877115105,1.54194941076985,0.532945056602951,0.47699675338434,0.501957005095902,0.784215547410579,1.29305265345417,1.18712535420985,0.879693503824572,1.21747354285309,0.845235915394321,1.4061192713718,0.231836326427246,0.634989069827187,0.589893450125826,-0.281403407229386,0.50370120754479,-0.681626479117583,1.02938596301315,-0.818505665596613,0.552377175053261,1.22952557465097,0.0121340834382942,0.205226150198281,0.667520548087497,0.658396449769528,-0.0490170496276182,-0.416205020143236,0.578633473559299,-0.314491501846723,-0.110662356118415,0.341828761617569,-0.651771103135477,-0.496191915829105,1.00742096467739,-0.687188034097224,0.119063877426889,0.86203768323104,-1.80384514758006,-1.57084433392281,-0.550962053032789,1.18963198558369,-0.496897888099776,-0.622300945921853,0.285158129419907,1.79109338918543,-0.953791971965766,-0.863110404350328,-0.617080281695643,-0.586819054493439,1.53686234731163,0.373272757850687,0.283186954644042,0.332862884849606,-0.202395429813328,-0.169680044809023,0.916217653310786,2.07314385863109,1.39821736603605,-0.877320914643831,-0.61671428748681,-1.76578639210715,-1.23008754467605,-0.765371676946657,-0.0497337940494081,0.523216309911028,-1.62665279125096,0.713136145840035,-0.248474191861334,0.519244782814909,0.802845480819429,0.634333018633402,0.174420275954595,-0.419076329455614,0.964157404761151,0.00522099237316545,0.221660038377937,0.627356472374922,-0.643477226460492,-0.318783313045227,-0.992873425613354,-0.863759189334358,0.347963487972506,-0.715407478142932,0.664444033209181,-0.560565971172118,1.29963519690296,0.150538439388155,0.323571881983985,-0.176243279698871,-0.588836877754706,0.269352607870927,0.368367818634615,0.923440862914967,0.470019688624238,0.2792765352908,0.355222339295848,-0.929212468977026,-0.594249126487782,0.329252229118042,0.378022146237883,-1.02867123038303,-0.154569606257074,0.525814286606553,-1.34694232771217,0.286847530504549,-0.205732636322159,0.0504189274141046,-0.174806447212892,1.93269243647626,-1.1044429756269,0.126182199771686,-0.644918482825245,-0.645474284966395,-1.20609945262686,-0.572374836280955,-1.31986442186278,-1.22580716788898,1.04552291908672,-2.61217158719148,-0.327768225186409,-1.45349677841232,-1.16051413386487,-1.26995467936695,-0.00262100076057426,-0.239992309259664,0.286428602030945,0.736988257188547,1.07274485688005,-0.266097905164688,0.852682477507422,-1.36883243979223,-1.49131794516687,0.862077091312922,-0.0255748458018855,-0.571196915891563,-0.580202229581833,1.17694328018696,0.806731461193023,-0.371132075078861,0.93356195546806,-1.32549929669603,-1.24319862117539,-1.09386432146006,-0.450110252124159,0.937032379363973,-0.747913994007023,0.240799811781106,1.0217662886763,1.60086088725201,-0.74898338173202,-1.73599576584541,-1.55892213777519,-1.16334252555284,-1.12292138230277,-0.719659090508617,-0.298054867218432,-0.758217091426187,-0.434350870911468,-0.00619353623726631,0.613766430171077,-0.306551515768804,0.441598040083761,0.0618094250386031,-0.124192065604621,0.494423676538247,0.667753025402378,-3.22166958486649,0.683225464259995,0.304793071232507,-0.710437098553723,0.754477653751708,-0.979140636744542,-0.356021149915612,0.0846476274908487,0.297932176056628,-0.21073103150607,0.135484254331223,1.35431687444478,1.18034656503802,0.554288620174804,0.616718777170779,1.50881709897849,1.32107212880683,0.237155369894202,0.169256761102188,0.195314621284685,0.218338719904303,1.3164376169211,0.444840135678597,1.10362721198422,0.160125530514739,-1.73994716112562,1.50999231866904,0.947524304964539,1.11748446007547,1.36217137151785,1.24346090243843,1.48484651461364,-0.20917619369716,0.776278898231007,1.96855811878288,0.828953049326333,0.21050461210662,-0.0433629494657444,-0.0468057024362122,-0.943909506822471,-0.600314385719869,-0.77463915498746,0.736230583036667,-0.268813592060965,-0.606006089366244,-0.432982637098027,0.227861936516757,-0.975193789764619,-0.608576262201091,0.552875033008902,0.549145290574094,-0.392954260086325,-0.298666497810085,-0.493897389552524,-0.138238550132912,0.0951967823621288,-0.674966099119864,-1.76872200267823,-0.461855357447891,0.510155518117607,0.287020684033204,-0.662874843673557,0.193684956100172,0.747222180554198,1.11969284773365,0.524457967713751,-0.929623723587846,0.809030928968258,0.211676484621308
0.535379790721156,0.043529096311297,-0.332480186244036,0.40223985809555,-0.802638756231916,-0.0711701819727481,0.713948194373836,0.428968777014854,-0.0370539135250186,0.342214566861326,0.268072217121569,-0.576230202441235,-0.647313059134236,0.645888760741524,-0.344351378778376,0.341804164050987,-0.481765230377025,-0.339738006923287,-0.981584540779735,-0.414211375090328,-0.610325850647618,-1.05885029338463,-0.858500159613537,-0.318517775606497,-1.0230785902701,0.162367817759187,1.67897681887017,-0.666303416226623,-0.282579852399549,-0.668278579691161,-1.15296984292161,-0.754488577265173,-0.827551306638511,-0.671253563093794,-0.940309177768413,-0.337755892327974,0.637782106485081,-0.195524427263308,-0.472665810623964,-0.70021911983601,0.241135828667697,-0.240962653509516,0.617869342656733,0.431254323803317,0.0337183277595697,1.46857648772135,0.680584946882085,1.06858050399167,-1.16034085382067,-0.426356678592425,-0.311757341104518,-0.131301304426296,-0.945786503769969,0.489835437988712,-0.100144742976304,0.00176116527596112,0.600397356393846,-0.970319588928049,0.0816341971628498,-0.1113662615091,0.265883310616016,0.510105755740667,-0.262796782949925,0.463672893829716,-0.87514338970612,0.597889793275516,1.92699835136288,0.111420931931859,0.0131856881469555,-0.838804127907434,0.842718097244625,1.60386897002665,0.0331038709171355,0.0748250726284764,-2.13493652258276,-1.708710766487,-1.63691552206625,-1.60300438281249,0.222469875542389,-0.114815861941327,0.905956168375436,0.580820271303758,-0.0602721335044131,0.23023723742562,0.675106939976165,0.131722938657587,-1.47310284347093,-0.979727974786411,-1.4922036386891,-1.00392294955235,0.178758751728735,-0.733346201588525,-0.515137494801938,-1.00887200040384,-1.21052764728415,0.360836371017,-0.287087224188011,-0.382150619758035,-0.511359868160711,-0.663285776759845,-0.430396882561731,-0.437891081858468,-0.375644670338027,-0.0569208303799357,0.147886912741059,0.457851513432482,-1.00044609408223,0.162331389551301,-1.35113904220005,0.0690956932349181,-0.246400173162228,0.0205426120586286,-0.609274541739222,-0.535336732735912,-0.486514211148868,0.540755381750485,0.221360719079759,-0.338588590994003,0.647573631799323,0.392113226862214,-0.373917303654156,-0.594778404532821,0.808573788614832,-1.01765786076727,0.262055643891001,-1.42625252041246,-0.611028901766713,0.525955403739962,0.949231798695038,0.26744348693827,-0.342033423519844,-0.341022252273421,-0.783677118998416,-1.0660980187188,-0.096573862350971,-1.43164140754842,-1.1237291855257,-0.0349322434315329,-0.867550639169092,0.79314885992087,0.579510386157776,0.954071841178372,0.36123964040562,-0.34184040051383,-0.948842692342826,-0.667142163571727,0.590575043500993,0.00165597127984487,0.493099116027471,0.928019666320831,-0.161959385623974,-1.07658877552227,-0.085452305051745,-0.351890961576422,-0.479957669006247,-0.500201841623967,-0.560356834439966,0.738130588597131,-0.351000080656226,-0.499692247427234,1.68741744311588,-0.135673890917261,-1.22631227922114,-0.095598755631477,-0.253897305478671,-0.256931676671878,-1.33351815262863,0.876812882198772,-0.272808789942691,-0.204908366956147,0.751473339313014,0.121481720448519,0.693905169897705,-0.640021030332574,-1.01661990743713,0.180307558967554,-0.518631176225231,-1.0424158618037,-0.464699402841541,-1.16913887057416,-0.149668971230886,-0.435775085864076,-1.31485223177634,-0.498899950170872,-0.0116149023317746,0.143878281112168,-0.274698754099509,-0.243970619267595,-0.100741068283617,0.00142989204333117,-0.593525633020855,-0.577126974958449,-0.605492128138789,-0.0469705706186655,-0.689752015702867,-0.237839703918085,-0.266013307620117,-1.41293995193736,-0.572064133126045,-0.336150101926559,-0.966682972594384,-0.120291916068753,-1.20771881534104,0.850971936598092,0.00500246529012614,-1.15468348579822,0.266629922660666,-0.852073663069393,-0.191000627219273,-0.701030237686538,0.239849071723149,-0.618595953760643,0.627657743489659,-0.48459364581551,-0.398832106444242,-0.0177076311933013,0.18487631658775,0.569141937826237,0.513518680727362,-0.795096337592907,-0.21489164707208,-0.53745319448153,-0.666907538798102,-0.51917002629915,0.477724780780741,-0.799611690311114,0.64001033669376,-1.35331718328647,0.364470198763327,0.171372722420984,-0.163507467153968,0.147219007073043,-1.56754126688146,-0.77473331488385,1.34201168643422,-0.472361419383599,-0.728521922655558,0.956486766979431,-0.00666212582328931,0.889159750709265,-0.826363773583857,-1.16469302426514,-1.26042764591525,-0.144959658454198,1.16045960713,-0.477900688895055,0.539769814383823,0.15478485049612,0.945127654330708,0.62213948692284,-0.719220668720333,-1.01422704817126,-1.56916069700169,0.338220840635227,-0.273802774213659,-0.425021381883068,-0.1166784585587,-1.21691233721219,-0.92082260545272,-0.098020445264989,-1.27208094529376,-1.43097910234681,-0.651174000560017,-0.0575821163991653
-0.0474568578674652,-0.210175599276953,0.0274467712631467,0.467140910538706,-0.410104344377264,-0.0764676854010956,0.920676046822126,-0.587379325078652,0.769283188401573,0.324871908988603,0.328405443188981,-0.00272397397932787,0.789928261370728,0.830062896357365,-0.695014295006394,0.271749585159433,0.486700295746496,0.718334576347666,1.41227586183129,-0.272089010779077,0.300472002391301,1.06595439811948,0.167789245629372,0.409204684375981,-0.0387054807045531,-1.02017890147618,0.950853564630329,-0.0427967665818001,-0.112587782701444,-0.469475839882427,0.67401329823622,0.689371817656651,-0.590389243598573,-0.0933737111097118,0.519187585125782,-0.559156672455963,0.946977783265102,0.389873001046301,0.500181664451581,0.514719667435422,-1.04296570236851,-0.932822379115063,-0.544609846931062,-0.710752014498452,-0.664318832350257,-0.439845965029362,-0.14773374687543,-0.0959648270974326,0.0969182017743816,0.293431857247883,0.0324929581962733,0.851286745657675,0.375242342738165,-0.00454163299292254,-0.547692219424469,0.783288706766279,-0.14055037281871,0.603809436409252,0.0602181067177303,0.1654224527661,-0.406402998451171,-0.58801584593587,0.31701061830058,-0.46663966481995,0.0625684066763127,0.559626921434265,-0.312313334292302,0.277562198544805,-0.456308125283655,0.420444925333587,0.394726034497738,0.414678408109426,0.449951054840703,-1.78837931191901,-0.216301166232799,-0.384547474632193,-0.391684998829688,-0.447176411984043,-1.48325030136672,-1.0811602062797,1.08212605908808,-0.308243465364525,0.79011912760115,0.92121690952081,1.23292904245978,-1.11233247254247,-0.971637687086092,-1.87755363342682,-1.75775926555442,-1.85934712169664,-1.51217963475296,-1.84983087561937,-1.12089446457642,-1.53538347604721,-1.45655319823951,-0.420271151601643,-0.366547044545494,-0.449964435924581,-0.702366189470431,-0.607677922616349,0.335506342899633,0.789857299437768,0.274375934001729,-0.0712743974290174,0.774385935284575,0.740018627509938,0.092090000440362,0.8996533545642,0.182838517669432,0.970858875472181,0.343417216344901,0.0972285699844576,0.941256764431236,-0.0205561870614278,0.860732395206499,1.00783522941322,0.466623172461308,-0.067051332115207,0.888537551273322,-0.0465106699362901,0.125396561638547,1.01575035589212,0.437010686779823,0.177263752867017,-0.270809640081441,-0.785483626542369,-0.394978584360889,0.213791023888866,0.877124779925927,-1.08350043768115,-0.315107458957359,0.107232731793953,-2.18341103477149,-1.12375461377775,-0.222507566088849,-0.749001387603435,0.505421706578323,0.777772675885371,-0.0266804948161164,0.397821217477179,0.283175560876321,0.205163001899425,-0.832933052898711,-0.640335061345314,0.115222367636213,0.280230662066099,-0.447669917635237,-0.172065524610105,-0.3637873242721,-0.327638920709031,-0.677364097872258,-0.23436438329684,0.0995156407400351,-0.122998913530567,-0.417273557305293,0.109369697904579,-0.0535610610867994,0.0288636182669965,-0.539971550223426,-0.892628749840699,-0.713642706409399,-0.231455040431862,-1.03658264587392,-1.20487156448058,-0.461108413007166,-0.416850288278318,-0.168581332020063,-0.270579563229879,-0.654594547729307,0.345978750838603,0.189436522545376,-1.32777904176883,-0.571172124681351,-1.2871319585802,-0.471415801068931,-0.99484969660735,-0.143420516952528,-0.532591410771727,0.269318133688191,0.238774596182745,-0.164665363980092,-0.154692199965826,-0.456488029124781,-0.361971643838218,-0.320648811345019,-0.814169911878074,-1.6620335208268,0.248717271838365,0.618305260162735,0.228048957214245,-0.718104317626831,-0.389740019762031,-0.642932767078753,-0.515948088162998,-0.999621890596287,-0.0219367760503832,0.491888884174542,-0.170589146078191,-0.581558599152758,-0.396510454882383,-0.799822985755387,0.459903771872017,-0.388768727679213,-0.464550408070653,-0.065199109112078,0.0270465772331824,-0.922133783272353,-0.333595102706285,-0.195309229419553,0.369158467462358,0.604637177530535,0.917293402117172,0.127630726341187,0.129374335762287,0.624839865915736,-0.242215545947036,1.01649393661454,0.719752071876929,1.00466598435271,0.157298709065122,-1.16836702202352,1.16936561576688,-0.471806159795769,0.0501246835126999,0.206885003183095,1.03240782772693,0.114266912675663,0.0575003790518716,-1.0002458862032,0.168123054328096,0.514331873757516,-0.63573326591139,-0.329716520814857,-0.36377244903248,-0.824863959287755,-0.255928679654067,-0.27252776427246,0.363755135154386,0.636818764777851,-0.580094906180113,-0.469850065198566,-0.0366016491782308,-0.443276741302477,-1.06283343700616,-0.685814591298636,0.165407353918965,0.204738226757582,0.197468956041117,0.543631459740381,0.552988194151271,0.459889191090285,-1.19004261255163,-1.86045868154023,0.311437558080796,-0.571980457738833,-0.793692805074328,-0.890994128179106,-0.0886077389273027,-0.760237919841332,-0.676345155579031,-0.68370635267204,-1.72292788782617,0.359902034298248,0.0104671180575757
0.65769729008435,0.109457149810291,-1.25593704806433,0.10008020714,-1.55765186859386,-0.0414556523642834,0.884966257084975,-0.0203334314694692,-0.81141008064497,-0.432508892066232,-0.907010047193931,-0.414759143806787,0.576274344648714,-2.0443185332958,0.246702793552255,0.429443134241193,1.1011960001854,-0.0348689792197967,-0.510515845174812,0.0393788743806267,0.335297241441002,-0.354373937977663,-0.285960891182117,-0.164805986725997,-0.0657546187352867,0.0630070591565607,0.614431939022894,0.162187178055741,-0.0153419568590474,0.115539916166682,0.510880618168105,-0.556819962099745,0.312118107883211,0.223871904235799,-0.337796521298948,0.419663451377991,0.690571931303073,1.09207214288953,0.673714343877108,0.66264491951857,0.286617333572179,0.428710689204089,-0.48904712629661,0.081830186106262,0.326511633400315,0.587828455454077,0.201212663194078,0.0360902375451572,-0.141140928478828,0.301036002774413,-0.49486056741314,1.823333651935,0.298202187874088,0.506422078401292,0.608708966811615,1.25490508118274,1.13546461188665,0.996770936874237,0.108660573496759,1.28418294439367,0.943452288721803,0.275674553875289,0.643498845620776,-0.377408277663513,0.363971944992906,1.166885448238,-0.744223499432539,-1.30641941572953,-0.736450562228199,0.541640960818916,0.325391763284197,-0.229885843833519,1.95478702432112,-0.68913840999211,-1.27647348594699,-1.74745999655483,0.022220167982035,-0.875585241281701,-0.025371982234848,0.190430254837214,-0.323320753677201,-0.639555231926019,-0.425183270670756,-0.223544707641129,-1.43106489972609,-0.461463206219064,-0.551041373229642,-1.13606379868627,-1.1284546355714,-1.49305354004966,-1.36609309274736,-0.543599441217414,-0.679814196930334,-0.357683124843116,-1.35133457189553,-0.220914729673065,-0.0923284744895666,0.625816909057007,0.754857867996052,0.0826857421294797,-0.178708078456976,-0.00429138597697878,0.0940594250716406,0.50256130955121,0.357406370946941,0.316921821055195,-0.969933802965513,-0.209485690846404,-1.47740754509585,-0.525597523661841,-0.633707867575607,-0.484094662191369,0.177996117665577,0.348098788731662,0.391356637589806,-0.156313913593163,0.0351210570686973,-0.136183403204421,-0.612926522949675,0.0246989280507602,0.611172505790849,-0.239541225913762,0.383248178910839,-0.103298461978221,1.04679039901699,-0.781410999071518,-1.37126227735169,-0.376243356040064,-0.0545920312772096,-0.35714731760131,-0.102871591621903,-0.994878460217542,-0.894037664296995,0.518881815888112,-0.0762639023293728,-0.0206884131382975,-0.673890943201711,0.810308318026574,-0.59910809373737,0.697846131950454,-0.174570969556515,0.807042602479788,0.176128446267134,-0.482690362829218,-0.704239153250596,-1.05006993474977,0.212071726479105,-0.246586550137877,0.672651005259327,0.400018048117678,0.136169947484521,0.0713849897192049,0.115121233561852,0.36886289937434,0.207006825246023,0.750889579965313,1.01596791699782,1.10219262098051,0.690699910449617,-0.510911587776084,-0.424233032682434,0.759401718862242,-0.688232818830459,0.865152656081686,-0.0929299426664955,0.928925971138799,-0.776342509249658,0.165740970311264,0.569764369939653,-0.854316779935616,-0.06796107340655,0.722445921252888,0.0162131880656326,0.187878572171838,-0.0602800102909856,0.477667799462244,0.336699468779867,0.681314975732123,-0.171177448329316,-1.53483090070735,-1.30321745181069,-0.826973098365615,-0.646715157475363,-0.555283160312026,-0.449609766932752,0.509262334156724,-0.605380669923438,1.17442285081694,0.869643154178907,0.310649379037037,0.376833436479981,0.342437430540564,0.60382362869893,0.578846509351234,0.794070468887628,-0.77362890712007,0.937357624704175,0.173033841400122,-0.0696906268212931,1.09163803109768,0.237402988811913,0.0589744688273878,0.249640826752399,0.416412074237751,-0.119766670683545,-0.333040696874407,0.746473574248905,1.07453580799552,0.78445600067105,0.826259456806589,-0.73055516608346,0.0877873788741067,0.541822127537281,0.824346921910902,0.166630705369848,-0.0919846293353896,0.334687571103304,0.97680654867328,0.284781363232033,0.82042601489087,-1.65078889149305,-0.0484754576816738,0.766384481310089,1.21801537431074,1.14942886931529,-0.199965619271401,-0.157565337820089,1.39188396925914,0.39729507259444,-0.149691606615401,0.329341714676337,0.637537499945613,0.272277864447065,0.771023809527404,-1.04049882918653,0.698514189384806,0.215364560644669,0.440947909329916,-0.16751515487016,-0.794870128984244,-0.278644764500004,0.851946114189067,0.108295292277779,-0.5832440163543,-0.405273148452172,0.415773084626492,-0.611195092645273,-0.802535879897969,-0.471626462121656,-0.15159145828383,0.0380732338919179,-0.643153376264169,-0.835362699906913,-0.989961192225527,0.437110737528313,1.03310560230883,-0.175837452987752,-0.417897928817111,1.01988638836944,1.40056728758747,-0.109880052868503,0.3928472968244,-0.342136419319752,0.477793017779661
-0.680463154924676,-0.378455154813149,0.861579137749606,1.03300769357129,-0.175004432426042,0.174984157479109,0.343832293036462,1.11732743368806,0.859012199675042,1.12641841439446,0.661222981886971,0.21628245879097,0.721740567276315,1.15601143159725,-1.51716675657307,-1.02044379589247,-0.165378733235173,-1.19843619563602,-0.486246150711393,-0.614706590611924,-0.69003271951792,-0.438354742589803,-0.168966887008351,0.0180572388880558,-0.674363803568327,-0.558813054376817,1.37906074331753,-0.785049944051274,-1.02095830255673,-0.581035886428764,-0.64346837425775,0.00426192167838021,-0.719997837668263,-0.613738805571334,-0.715624605148678,-0.700344565706067,1.53498654396478,-0.210468397806804,-0.353355330548483,-0.920812456425597,-1.17467653868696,-1.06616851019996,-1.32842541699493,-0.196972204654416,-0.80710379394533,0.191840868960363,-0.939775871659588,1.55944082878959,-1.27617047323134,0.0335581528651921,-1.01358869592818,-0.181539940493263,-1.05829868980875,-1.34836549622394,-0.0115086708018847,-0.148497877033239,-0.938885853520739,0.215458538982951,-1.91690085709879,-0.0771761552359103,-1.08410192714481,0.430720644572896,-1.62286520674125,-0.990725557745488,-1.80584133932274,0.393980713836146,1.54287584547396,0.961503018473284,0.108239386152921,-0.424151413760334,0.174029893274864,2.1676272887807,-2.02501752742789,-1.63470006570354,-0.138751216698095,-0.128976403676913,0.0999126982234138,-0.288913867548493,-1.30114527372856,-1.02806132647437,0.995535093276446,1.16220045202938,-1.07659156443016,0.127687223063073,-1.73253263740393,-1.96695641891678,-1.80563304800781,-0.302675755624645,-0.362942663941875,-0.0586994007055057,0.629904075694176,-0.443166879712159,1.29079807626859,-1.3251225450901,-0.311384780724405,0.134297796075781,-2.00993309941612,-1.9171766544249,-1.74722464061199,-1.9101768036353,-2.18205216838863,-1.25880189807839,-1.71458471910744,-1.72851349940008,0.379530218884264,0.306458044595508,0.37714426769512,0.605462812038253,0.58192934332173,0.870165867535952,-0.56965475127811,-2.19238470830946,0.230983636503349,0.464922003962365,-0.0246076765826002,1.34087061049415,0.860588854553347,0.936498937894378,0.0429992637905206,-0.155390358328561,-1.81869571493826,0.246003079888369,0.681504095666446,0.479215456588516,1.51663193358501,1.04428274617764,-1.46816829833601,1.21680629616064,0.358414554469116,0.227322065727756,0.631064537562963,0.164195009707115,-0.468542915306255,-0.482410975437234,0.657018378870866,-0.898157529022689,-1.85683620341473,-0.351973573407929,0.49566663363768,-0.419196314106511,0.463931893244276,0.231966811118105,2.26015680379966,0.463833913798537,-0.986265902806493,-0.253340006130005,0.3106168412463,-0.467876293420599,0.246747502960629,2.00597233693442,0.561059005880971,-0.50068258781353,-0.434072673165707,-0.193585362896744,-0.345548597309649,-0.261588182406186,-0.00399431811445475,-1.01226690520423,-0.537144518110695,-0.0520362654239655,0.5693876735833,0.384330316335893,-0.259004353738243,0.294979234037252,-0.141016693675851,-0.11303278984605,-0.698354206319011,0.253060660019826,0.035183334465787,0.240661363620756,0.243224096614303,0.875976672700436,-0.70223725805144,-1.37215413752825,-1.9882707478024,-1.84581194359803,-1.18497610607452,-0.860008453679399,0.225216602639691,0.757262840727532,1.11059191420072,0.653537309784454,0.391639514883419,-1.23336958254282,-0.26452865827259,-0.639572698922227,-1.15699433253522,-0.882163068620107,0.968231949123576,-0.558020398176858,-0.924484222103131,-0.538114455394593,-1.57060443199744,-0.874503068206669,-1.24848161696192,-0.418623265344254,0.837536709449147,-0.165518020857027,-0.158439409243933,-0.633940215020027,-1.75204928282834,-1.50251470668943,-1.01883149647311,-0.162309047382636,-0.753174153310338,-0.160075927631488,0.397564669126569,0.153945698208279,-0.387845396860941,-0.579424672642093,-1.69496772743837,-0.655393356921566,-1.72048783745676,0.164170151355795,-1.29769086146293,-2.18609708874104,-1.13600011718582,1.05444091014441,0.272819206721053,-0.298187969601265,1.57109028506708,-1.58083664214612,-2.25280503634894,-1.15780417062281,-1.61942708654636,-1.19977386875544,-0.335909648719725,-0.453433168402497,-0.235082388194079,-0.771902140999322,1.30062252575563,-0.190999867171675,0.298992873867345,0.0304605031816476,1.3608149251571,-0.603746904404481,-1.0727259154814,-0.790554894019324,1.09741647159641,0.569442055980355,-0.125011734482889,0.544781675112752,1.48008711382956,0.179066118870828,0.369991106686931,0.576141888810441,1.50656839169224,0.872620668514065,1.3793685197136,1.16442873836305,0.47007118007796,-0.599185831530281,0.937463912252702,-0.539188795019741,-0.636220958706049,-0.463169297365732,-1.00729803653459,-0.207777655484176,-0.685687286021142,-0.766052091686951,-0.754697178966687,2.36253616307736,-0.134961940508867,-0.357931893443275
0.416474136413112,0.37755824068297,0.319448640273773,0.275245157275878,-0.332426756912064,1.26397991098209,-1.15363616413219,0.666312377452229,0.174703818813685,0.29112104379169,0.133772351088929,0.392132539317244,0.508405423581143,-1.56970325852041,-0.865448254403858,-0.27108061277918,0.309535581098165,-0.3074410906635,0.0896633336875878,0.318903210054534,-0.219047570344671,-0.41166642963349,-0.268042076593064,-0.760883525245066,-0.332408121915175,-0.4063984504286,0.943716132763667,0.10725385356798,-0.586097541717601,-0.365511597743817,-0.0588220941498126,-0.301682400887858,-0.145951568564255,-0.522046162950095,0.0126803993190184,-0.503528873998248,0.559521439058528,-0.260982030904952,0.210754528271732,-0.485452928833216,-0.341170802065941,0.729864289379657,-0.499150640781874,0.150270473700592,0.666581345948738,-0.708185736396422,-0.778282742826484,-0.148847813157089,-0.427952037078831,0.210233563884305,-0.147960211390756,-0.0530022845817978,0.118350739289567,-0.341387654457942,1.24054489328637,0.293903647308334,0.19825547047142,0.779338278602949,0.529867153491275,0.122369751617989,1.03247790698405,0.0546340137715196,0.482908126678525,-0.066877875401498,0.625530592494219,0.924899475196451,-0.402538584307632,0.32393331340959,0.454507061279849,1.09359131377132,0.908225172904248,-0.720947464994277,0.702443200525981,-0.738122699262474,-0.160078086471899,-0.322958193230431,1.18123002979149,-0.0623032972013663,-0.324330822140339,-0.643887507343434,0.182913254025516,-0.469437407948175,0.0530981637008798,-0.0913344232147041,0.134893108080722,-1.04743035707419,-1.24107373850967,-1.16486850124216,-0.72771001200579,0.102595661169006,-1.17563952294909,-1.32107870545753,0.513618442454136,-0.284669195430114,0.446660501564047,-0.698598426785451,-0.314033077143546,-0.509083283563721,-0.263467416698606,-0.247416937945167,0.437962216554326,1.00424230545225,0.108512921576071,0.405517030312548,-0.155025839557711,-0.0919167498040147,0.879268278751866,-0.0403369776401251,-0.0697623409266551,-0.261908277118515,0.112846867915732,-0.0749358440251898,0.461710010850785,-0.126549803108882,0.41265400116103,0.231010187502046,-0.638628786430844,-0.984093435854384,0.105928676039545,-0.144480411227719,-0.226449647890067,1.04688355704055,0.118440977144648,0.460360200577569,-0.304222900278622,0.873483467276208,0.627028064874627,-0.103680168056825,0.455570979356641,-0.520676944690747,0.163939581235679,0.661141144327203,-1.41031849010235,0.0387208116435,0.692839011052763,-0.984513344670465,-0.114476391013664,-0.621825482605694,-0.446315499843962,0.217256118240871,0.366134788798091,0.601240200023568,0.765802531751569,0.685732615965767,0.280786271365043,0.246122605872953,0.811769167487885,0.467186831917901,0.622127528926398,0.581863211835691,-0.533911924191245,0.569293959632225,0.922309955345166,1.8263432978567,0.311970150720515,0.206817996104488,1.15505507371604,0.887624131632071,0.366202162400426,1.18204633181404,0.732023125188094,0.68214556822716,-0.244124404903114,1.07917660984813,0.226592713297566,0.718753878426748,0.141022148692137,1.01259771035268,1.21248541933447,0.87383552332808,1.23753559368434,-0.55244686077894,1.42234952069,0.369632640156869,0.549260731467301,0.719710296001453,-0.210769511339057,-0.575702690980322,0.20609266227349,0.289627613106856,-0.384717311387798,0.244559710494748,0.959905682143186,0.210229832352171,-0.479016287032719,0.144250616718948,0.341010937363129,0.340213998894455,0.527987560413857,-0.0705257503372183,0.122977867654068,-0.28447652134958,-0.207147167483394,-0.543176351343278,-0.156381879941199,0.0692087049310772,0.938746055854972,0.633690521930172,-0.515723418216348,-0.13801158834944,0.224906908900269,-0.575227816767,-0.431313793527609,-0.0154913256440617,-0.118451031945045,0.929384905406638,-1.01389357860978,0.271283986487886,0.328465434199783,0.394042105172663,0.529540344272436,1.00710790929831,-0.2688156440384,-0.0186157495502368,1.1206742906826,0.271714150232931,0.860245223163783,-0.122624247525487,0.671658857288708,0.27130455370896,-1.21713251364521,1.47277045676806,0.770875713660003,1.40513654326483,0.638996196380884,1.16152329851733,-1.13823949617997,1.04061791089158,-0.641208467909119,-0.708183114964238,-1.08035679594269,0.514813648644083,-0.00526706695870836,-0.2079778273746,-0.286365659560851,0.289833600163779,0.720636604672089,0.151516620950823,-0.330643166334653,0.0169607563003455,-0.781201367355511,-0.127055043648295,-0.0949334729853385,0.244623159994532,0.344778061983993,-0.0513933159583015,-0.136181319635613,-0.0107755325578894,-0.0873830859283148,0.0333291258534822,0.369497159083944,1.37448555877778,0.756574444253644,0.38794677338687,-0.46129756903934,0.0631385090442038,0.538080121152536,-0.346196360904523,-0.00960004840556402,0.189195208258463,-0.0711221952161303,0.120279744681982,-0.378496209344554,-0.528457075040313
-0.11920608529024,-0.190367042448132,-0.974224169038631,-0.207287886959857,-2.08430112295303,-0.251044867989847,-0.663807247255805,0.105660782385048,-0.623472631341652,-0.202816209310474,-0.6679360510739,-1.33672584754378,-0.0656064237010813,-1.16274920239832,1.07924829853555,1.14749236238332,0.476275894021844,-0.599737746312508,-1.571330549468,1.14260651253311,0.166333678059021,-1.04117687643452,-0.777629321201255,-0.243375553653091,-0.26040667562808,-0.121879962138174,1.1350631725655,-0.0770405949129114,0.175139171676038,0.65013353044087,-0.654520341882276,-1.58065592326063,1.19709129783839,0.19909583777265,-0.799843048477188,0.100633549220417,1.20034255912274,-0.346750458383008,0.0571848761205257,0.413302053129065,0.338211031363701,0.82277629657202,-0.670598742724618,-0.330909770835665,1.29097932456838,-0.481645801502644,0.829256911240494,-0.881776993407259,0.218733140622475,0.300080780547191,0.578636341615634,-1.13483164969867,-0.258128334729886,1.01451840050148,0.0233642360196062,-1.21274262380228,-0.929635935020164,-0.531992106426346,0.492197725845571,-1.35962378661526,-0.432029482590853,-0.483465937904496,0.297933924801383,-0.313015970140757,0.73385799746062,-0.10311779001977,-0.786460669507907,-0.276206303620559,0.609966269011468,1.0312944226248,-0.122572330663075,-0.768817933498417,0.481253428657242,1.00122115297936,-1.93522463226744,-1.86278920239602,-0.523505625919757,-1.27247838010549,1.07795056624305,0.247507165357504,-0.155787806720727,-0.479384545173337,-0.68339805799936,-0.756488400715129,0.328362146575414,0.89015059834111,0.682504841319032,-0.756076054257908,0.525597325518733,-0.805028930394734,-1.60807049995846,0.488834018516299,1.01984362154349,0.757235965379873,-0.0206597612135497,-0.464697664396212,-0.0500833203804109,0.759428947654355,1.02450344435899,0.915586790557223,-0.292185493502037,-0.411511280518382,0.298754488294732,0.809026858661179,-0.629921301422456,-0.506223700777097,-1.32243847351559,-0.998288874197548,-2.02590026934872,-1.41335758551692,-0.789988926803046,-0.901493695474925,-0.656172433339846,0.0674907595478792,-0.0220099991254436,-0.491234641590643,-0.390820498377526,-0.540791467810201,-1.21727539436756,0.117755118542341,0.936780137862774,-0.519356192472913,-0.278883916990192,-0.774994966919265,-0.34698988654368,-0.0333385863110165,-0.665301165079452,-0.47598877909846,-0.446027000258294,-0.360990770874549,-0.296940602288016,-0.00376820167317842,-0.336799962413395,1.19838573755163,0.808693443248219,0.433575018319981,-0.321686548535334,0.762619952299102,-1.66455712587207,-0.609519788789521,-0.54785214797329,0.212009843101958,-0.0862842709833476,1.07928538667006,-0.118855136429614,-1.01362718642719,1.21102113042238,-0.762814135497065,1.22335117835447,-1.04332609169095,-0.136988831350107,0.504234437518861,0.301565612742512,0.531954546293912,0.924334466046976,1.15271273133475,2.08864576608294,0.0077215437359342,1.58836871981074,-0.5028667332827,-0.866884419054422,1.3680166138761,0.813553766357177,0.367027301569723,0.0179073252452738,2.10463819389126,0.672495503371332,-0.030070301868139,0.981201607807733,-0.33108009395269,0.236023789220629,-0.00871977289516072,0.0529352391187237,0.989707191790748,-0.365369130436948,1.10166728624599,0.77044776586106,0.824985411691549,-1.36052957158057,-1.88955848012226,-1.30440725348526,-0.589912258855135,-0.576663213066224,0.427580689515808,0.101437786551221,0.0728543654203812,1.07882326975009,0.46516535208213,-0.146631676401962,0.285044707129184,1.34321855496482,0.206920912528631,0.697248656716878,0.565645440522157,1.38248392120368,0.0278509444329959,0.491111653313459,0.0613003130497263,0.301403977545831,-0.457640456027982,0.799442106148879,-0.129333101994332,0.696243007680525,0.243403399839397,0.242522480916616,0.209870763096704,-0.381031360073715,-0.239309359260304,-0.939530588938498,-0.801464966591605,-0.73436123826092,0.478354993446964,0.133546141834311,0.130620176354922,-0.130172489332491,0.166749674585462,0.482638957940694,0.307536990003039,0.0786142372127156,0.422162133388144,-0.532805928607864,0.0457218355984852,0.292455744097695,0.504475849734141,0.479878960588013,0.145673658314458,-0.202514358291447,-0.255628135509314,-0.196227640787642,-0.627971295900099,-0.684444437279792,0.418657595431439,-0.476338923354966,-0.352022169788245,-1.14147375165581,0.70507903146686,0.579382125587265,-0.932360517510671,-1.37597507271627,-0.867231991064195,-1.40914114311743,-0.397926680069636,0.151502726588092,0.714368138346601,-0.320389053573466,0.439725825710652,-0.773605762131297,-0.775469177220007,-0.56619081790696,-0.319413200511658,-0.322594012896601,0.867248465610949,-0.257902348252164,-0.465153255428099,0.2061397565864,0.988192623347322,-0.583061896777803,-0.53229590938327,1.20489579074937,1.67726713864939,0.406409628332338,0.682661317986062,-0.676785363140149,0.969643392416276
0.107013169358226,-0.103532097516595,0.910573964284191,0.803086137670329,0.0237604036896304,-1.07260493010204,0.0219792183264524,0.261600786333577,1.72116949727973,0.920310397209164,1.0439000729812,0.366137143904949,-0.163302120069385,-0.0515869150974249,-2.63170462021557,-1.30414133728535,-0.146265746410639,0.31128749806608,-0.527980054586937,-1.33585052005105,-0.750103207393513,-0.24447030449252,-0.253266431557103,-0.892837569640687,-0.767510373683395,-2.70543478399456,0.595484615895229,-0.0612554099815563,-1.3941986254293,-1.25819337410417,-0.882956299338559,-0.32301156054782,-1.6440917051588,-1.05484996025993,-0.803291336107438,-1.66792740352814,0.468242999152567,-1.36053636311505,-0.0998664752329268,-0.979899840061301,-2.72005651712026,-1.21265860648745,-1.21504240502769,-1.56889363289685,-0.786891525956997,-1.85890640659333,-1.76864001532241,-2.51325863593705,-0.415039830312026,-0.759077353356703,-1.6888652822779,1.29912053972284,-0.493830169988874,-2.27412791010315,-0.552730237656736,0.950337400675034,0.84742457509367,-0.478222590102811,-1.12010597231868,0.387105173523521,-1.57870454901537,-1.34530775688485,0.366973501742843,0.457037047167316,-0.61787595031853,-0.837099551713707,-1.41311451450751,-0.869539793466778,-1.49637753162693,-0.512184839913487,-0.920716817050006,-1.31159516937692,0.176314712462038,-1.15731176246178,0.683393221104235,0.0465628878093746,-0.727701113074741,0.291566230680821,-0.337344295051598,-2.1427485725952,0.935488533529753,0.916243752580125,-0.38958055973188,0.713802065397741,0.503074053765414,-1.38333221980966,-1.02812656724346,-2.46419488092459,-1.72854468971866,-1.45706159068945,-1.87979960552287,-2.65297484498139,-0.339708635000187,-2.09771289789706,-1.59517223522679,-1.75571889588717,-1.20647381989846,-1.6644939522811,-1.78825630299793,-1.95282849626063,-0.781707529432781,-0.562363560288965,-0.108709488051462,-0.924648614824685,0.860333292928972,0.497892989789471,0.368643066987185,0.909984588319748,-0.609669120394099,0.448612820102939,0.888661567465397,-0.923559644093378,1.488702921031,0.868861260266854,0.666475490800901,1.28855026014379,1.4348831574889,-0.0181995149726197,0.61140199363492,-0.718718838600814,-1.88284986918904,0.569148311968232,1.8727639539192,0.381426055270823,0.683424397636696,-0.133488602472092,-0.224896938203534,1.27872200795829,1.42293952818159,-1.25542694420021,-1.16544808628942,-0.843179192987258,-2.5035309672902,-1.92065050401146,-0.865336488793761,-0.982962525631114,-0.342117428140965,-1.14030196713843,1.41462815742306,-0.770041432621537,-0.0556853465550344,0.0167432584869135,-1.53963141050671,-0.625593927605887,-1.3891946156325,-1.25838137641862,-0.182222505760634,-1.47304150326481,-1.39359480352691,0.0395237910369046,-1.04981407704181,-1.81005377881739,0.703693569132211,-0.0373619831739087,-1.34632160425034,-1.38994111184779,-0.860472055397917,-0.328798547081587,-1.36321387567136,-1.59133001434724,-1.69143578303104,-1.70762163660055,-1.01355781083781,-1.47115714813371,-0.110566001332614,-1.24691055909022,-0.54899117745733,-0.854289069680766,-1.18224913057353,-1.01296875768647,-0.233783466674394,-0.257089103733429,-1.21691842223264,-0.71501161252801,-0.851503424007574,-0.621964813856844,-0.883026891048868,-1.36651595351014,0.337681639347955,0.623031161132516,0.899324650792093,0.844363893995685,-1.17389314674066,0.56061808010038,0.459260481526535,-1.48284607182135,-0.398526683384994,-0.0722186937203916,0.629481234536908,-1.48733340096141,-1.2227324066932,-1.39285187606932,-2.25636773845775,-1.94427580637452,-1.44905203304087,-0.461689834054212,0.439786910577805,0.200271287557989,-1.20968891829284,0.141457503676952,-0.759280705934411,-0.889661401073159,-1.41416126161897,-1.86915253110933,-2.08006082769708,-0.16480860939342,-1.08746146531625,-0.391356938850244,-0.0758162694322317,0.751620799281631,-0.171702400843569,-1.47264034510524,-1.60781354356204,0.511844754594223,-1.16399870873944,-1.03109989748187,-0.983987462716985,0.952696866815983,0.783921309701876,0.688645321209281,0.397327028545895,0.963346616726556,0.313407287936173,1.53237202446072,-0.142807056131422,1.13230543894893,-0.146786870908797,0.967348523064261,0.362861444382794,-0.097206671064365,0.18836304972836,0.596368463381518,1.14950902424824,-0.285325440692608,-0.530897630387871,-0.597067859458173,-0.577146093806357,-1.57270044010196,1.00426391101116,-0.116395214149412,1.3959355674318,0.152480394321935,-0.830495638635727,-1.58703284410179,0.135211504763889,0.217644157167872,1.12084035170692,1.06050614952262,1.33957273140962,1.17623043407446,-0.679813678772903,-0.395511188361169,-0.453258010162165,-0.148059229600995,-2.02421200648383,-1.75443179698613,-1.02904927082311,-0.74808201886149,-1.60597899499992,-1.91309398915873,-1.63735253458495,0.121459070083383,-0.201041842089965,-1.85586029143345
1.30491262852881,0.343805647357116,-0.539248703868111,-0.330940016517726,-1.15896328842044,-0.513657097933168,0.238239362337669,-0.315660441968689,-0.115433652261544,0.0436879674846221,0.396814767677298,-0.576153788568091,0.568595299276856,0.919095996116932,0.0799191100023914,0.065560440368997,0.429864756580057,1.09351005926587,0.804974244040925,0.74573320416015,0.741403675075958,0.924874413894284,0.437100457750347,-0.295171203764647,0.552515771902987,0.203436150443918,0.0811364717042656,0.628657578315256,0.626850524108014,0.0848121769741041,0.607783440064523,0.612074732386409,-0.159562550747749,0.286801504009198,0.718071769222468,0.420029975316179,0.150911040264907,-0.171987843359201,0.209825632741612,0.548784817085384,0.354046649279243,-0.0457268546256777,0.113782938362807,-0.425114987240552,-0.276806078084583,-0.000906939047325886,0.146792214428226,-0.228997206859253,0.667204864934864,0.583455245189902,-0.236148941673798,-0.87837523504153,0.294786034840588,-0.246731001868816,-0.532208339856673,-0.539394059542219,0.00135107255072221,-0.363746957135609,-0.667658833507033,-0.746805425760942,-0.0228759462792582,-0.501841810669171,-0.131094333824995,1.41195825752599,-0.214147660109987,0.206425638743902,-0.072491345233055,0.73198974584077,0.57823488770671,-0.0805998595857633,-0.80619995290207,-0.604084204690175,-0.375658530296712,-0.852662497632877,-0.658884626110155,-0.889163399197864,-0.677415535107735,-0.621316338847433,-0.577086688210657,-0.151739918411308,-1.00900173255691,-1.02178745419043,0.33221465609311,-0.220232754761429,1.30458429940978,-0.519176815550089,-0.598990366972452,-0.47073290895911,0.708310208396141,-0.763502368102651,0.51460442383978,-0.335143948521534,0.357223770421265,0.249418594630241,-0.629700239230415,0.0812560333848979,-0.439001704685042,-0.720257207503042,-0.667547977046976,-0.318263766517026,-0.877709115575632,-1.02673130528694,-0.759362649938572,-0.426882826724105,-0.127945143968017,-0.0564128018097998,-0.527306567139304,-0.159866281887661,-0.843087215782279,-0.071054633792314,-0.0442642931616389,-0.507467950462916,-0.172983053032229,-0.155078106036606,-0.365385054991924,-0.644512510108592,0.466746229872754,0.365425921771545,0.346641228123791,0.504753488151246,0.12427554493622,-0.482598369272582,-0.331553641685333,-0.660908904487435,-0.318003336303644,-1.0712366704086,0.243332925301894,-0.772170584751627,-0.544564373175393,0.794338679335355,-0.666474815072104,-0.389835452251285,-0.577889847082611,-0.0993136451055886,1.0920807669207,1.05565907080262,0.354218928866532,-0.190954577039063,-0.880577821507482,1.20137561847306,0.925693023418058,0.53699140650703,0.584139856821621,-0.670785968041328,-0.707478618556437,0.183764169072783,-0.263949743443876,0.00162153727041982,0.66656787358499,0.514954488692767,0.841661934746647,-0.518798479055382,-0.0942551409399308,-0.243707024467527,0.964171629026141,0.513861569959025,0.376023816904529,0.460151881133507,0.729075134645188,-0.156973663187893,1.44343165597052,0.31739410001608,0.319492958895814,-0.854696760240059,0.986305905140334,0.661627656710112,0.645594071246895,0.703409487721793,-0.261569554605677,0.119486092296779,0.336585442408768,0.8992150512306,0.969815770240795,-0.0465033124374392,-0.137728387857765,0.436752377284962,0.14375095936468,-0.109962695271017,-0.0194934501780562,-0.457749520657705,-1.05939430849815,-0.703596126199997,1.04909150677848,-0.0154217482006923,-0.315826918570935,-0.438651233295095,0.683484421114975,-0.201087394160768,-0.189289329259625,1.07561739491834,0.578748016651007,1.00222873374688,0.383001535743634,0.549069331404186,0.342137178365196,-0.477059476351141,-0.209049854601614,-0.395255065613931,1.12201149302937,0.41279839615382,0.131216332400169,-0.971223797422028,0.906067770061253,0.943954977066614,0.241713205319898,-0.192092116881594,-0.290330517963853,-0.648265557655093,0.164761135750373,-0.72843906307707,0.550864506129101,-1.28673886843822,-0.359708245723926,-0.16954119581881,-0.619697334457989,-0.515789971021488,-0.792208679648666,0.134762820416629,-0.11066548376219,0.0665932512873565,0.321514278525406,-0.187085321786421,0.0399436602571042,-0.927634019337213,-0.0508611450026005,0.100982086735651,0.789958475425898,-0.296857204734547,-0.696165796645499,0.396540844755068,-0.321702250827729,-0.160667047180949,-0.690276501206125,-0.569958665209666,0.176146454551851,-0.176723439660708,0.372958229451702,0.681020691010757,0.250024183499543,1.08786186042649,0.0754614606373166,-0.0300285747700282,0.0954870836739591,-0.467184545499437,-0.286305039612328,0.076331426909738,-0.838873720790602,-0.600044574949668,-0.592614238485631,-0.54143473086516,0.891005691655244,-0.477373807071039,-0.4806817506695,1.95841171894183,0.600501991031448,0.725120302557382,0.576362768293229,0.909575122805281,0.23015990954713,0.207065301996774,0.396844927269927,-0.929115987303591,0.722841544279362,0.311970642071153
0.402464841181376,-0.532193074837608,-0.149920501634947,-0.418341569745798,-0.598146388012215,1.93321150934142,0.249388293216182,-0.254751307072586,-1.27439729732967,-0.548464307093389,-1.10930339680112,-0.542905148034928,1.76882745088031,0.362938872017333,0.253465559500603,0.459161506410095,1.95882794354193,1.68282374219562,1.50446058805205,0.592662363567036,1.98013443939271,1.16772460003651,1.92604722467593,1.21880595170129,1.1227643188219,0.219125643735912,-0.0547848862210621,0.239733641103532,0.87314571207757,1.70044926564525,2.1001239839754,1.19722490655898,0.42267114064962,1.49656450208904,2.0087813049552,0.514480910397314,-0.0465719924942035,2.15735289420738,0.747750613764163,1.40894281700739,-0.387648195936539,0.922431732000281,1.44711466145828,0.516413013439394,1.32294495369723,0.658667785396325,-0.184419495692718,0.699164634652907,0.802463368574031,1.87287366006846,-0.134222481342848,0.610605268078415,2.01576229559522,0.160920959048339,0.791756336185952,0.400726145878647,-0.175234060256769,0.955603866997623,-0.107838791036497,0.175120828268417,0.813084852763856,-0.0144800999376465,-0.807348848957307,1.50043178753468,0.84262343951337,1.18607465284262,1.11062344314257,1.13741297104181,0.956574725569646,1.24427283360687,0.894964400972446,0.595373690064153,0.195131858392814,-1.18295687907301,-0.0889442116838405,-0.382740003190625,-0.0945425181612876,-0.0791604695201457,-1.48782318127409,-1.0213109025954,0.158639776894269,-0.776375656314617,-0.189680971958677,-0.494924636499971,-1.16523980934921,-1.27928421564722,-0.153841865746952,-0.397076349878103,-0.635425661490801,-0.248519978127657,0.415661255649129,-0.0172047343068977,-1.31245061657211,-0.0410340730007507,0.19729460065452,-0.939264528573997,-0.104640063432756,-0.494732172812698,-0.255126591910269,-0.384460904550391,-0.328709920785991,-0.833442007809993,-0.540920636860084,-0.226846243468251,-0.986042972389059,-0.701272126009673,-0.676112622739863,-0.715943948444301,-0.637148567777721,-0.128119596841904,-1.55603640731092,-0.290636419731176,-1.32921758779069,-1.09215604016935,-0.827119928930126,-0.755418580328471,-0.0440933688537129,0.147487547560393,-0.876004724285867,-0.702481076590032,0.164613355816075,-1.32483474023186,-0.589427417353436,-0.2221549979068,-0.343353254955662,-0.603157267106141,-1.78513308283031,-0.722413410352291,0.0494105341314433,-0.444714253455121,1.40904946189595,0.276080801506357,-0.0476267926972234,0.508637649592431,-0.774688194632137,1.00063732359484,-0.425890442942709,1.26813506005325,-0.664263565651175,0.330780374799096,-0.430583756581246,-0.0857021888336419,0.858318246591717,-0.892091649833583,0.732541594337619,0.340111888236681,-1.24176171758557,1.43528843004271,0.307575130069183,0.934366796481101,1.12573151417182,0.670926686492177,-0.718361208261053,-0.513284879348805,1.18998135636218,1.66481425648339,-0.980932635037467,1.4582337430496,0.0760597348826608,0.32515465040311,-0.16272500716717,0.472286564451387,-0.0860534608474068,1.28006698190306,0.865722543038925,0.8172451941485,-0.1913466995974,0.79798020605782,-0.0435794673922135,0.151330971211993,0.673608986351227,1.43217226661965,0.386589640795091,0.144369961972726,0.189147085160228,0.130916712605216,-0.182417999675531,1.35900810947544,-1.06826976262742,-0.0200125835793899,-0.353792186119367,0.0989666951532021,-0.410837992919077,-1.78840585998265,-0.964340932091495,0.712337093505023,1.20145760701259,-0.484427452434548,-0.879219704936603,-0.236892515628693,0.194135931195831,0.304117540841434,-0.0912386770849058,-0.696188862075792,0.515127079536745,0.928736613591877,0.129157544078147,0.173832566724412,-0.0220641395646887,-0.307010005097871,0.364384358546902,-0.132951110794786,0.221719841099938,-0.276085105107377,-0.00679962637028032,0.577749345379433,0.91693000256622,0.390750673870018,0.819003373639295,-0.319983923147225,-0.829673036232648,0.435036188472348,-0.0906444742228748,-0.831164773845292,-0.235024508925217,-0.0587529713554893,0.555612843191711,-0.856426832935682,-0.643358426675211,-0.561925059716176,0.785535447002717,-0.799671555267886,0.366578554560957,0.295282614646457,0.888717450677012,-0.601382862490274,-0.138522491931665,-1.3913524022395,0.396985195278331,0.21737924038201,-0.359376362402218,-0.213763893635365,-0.661704207141423,0.463943112359657,0.533702681290751,1.19289744539685,1.58227704550992,0.0699353791599693,-0.118153629955522,0.478016110598156,-0.857523717655233,1.08901559394116,-0.262942756939221,-0.251061273523503,-0.0855090905106972,-0.611990930226158,-0.0895670597252999,-0.1542064793143,-0.0784292864037624,-0.0129031849904313,1.64375148527548,0.329097626289979,-0.31397390199852,0.0413087208290769,0.530749883663905,0.393489744879838,1.8937082099737,1.40292775403954,0.281852697856199,0.465312472675646,1.11382400707522,-0.123178308934538,1.63515394684704,-0.670933722337057
0.456274709115643,0.297097557115436,1.59637508282195,0.606140555302705,0.524686015004421,1.02345287376498,-0.218169427552899,0.291555638161606,0.294168506634111,0.568813164386337,0.726528037571499,0.910031257070574,0.223611494222937,-0.306540333983237,-1.57733275065753,-2.00611955285302,0.0998069700498119,-0.85077428336749,-0.128867905506637,-0.555994935139663,-0.747706334078143,-0.0255647710388882,1.02840899248947,1.35197375551337,-0.365573012438373,-2.275544892298,0.400766815986955,-0.318942940362469,-0.865180646099464,0.0883922891336428,-0.0975585114791345,-0.151252793808457,-0.221914299459798,0.583521378588544,0.394833799279495,-1.0172753420722,0.955429074906764,0.494371097504173,-0.154055192223561,0.214956497249926,-2.08675533208171,-1.22954153637554,0.749622223030666,-0.631300213652523,0.797763241890017,0.0532868225774897,-1.37826298666778,-2.87876951838235,-0.0823093215298455,0.475543660566074,-2.67643684451287,-0.466626325735378,0.060186967575881,-1.78305724778551,0.609523001214018,-0.137292027180398,-0.235275951642026,0.543227402612043,-0.186411442611952,0.683789092263366,1.02795266497003,0.118336467431411,0.597937210499288,0.93519414164304,0.387859185496869,1.10686849958052,0.846178077803087,-0.981321851858575,0.485104400427293,0.625940794131331,2.01359157560781,-1.13402303993769,0.407395287484529,-0.948044050407393,1.10077346883868,0.779166307245171,0.709377705925954,0.242191904259188,-0.708287109486105,-1.29624583568886,0.946669179489937,0.823337065262557,-0.19313721438843,0.849191399331941,-0.153661519925835,-2.23383930329391,-2.20839116395891,-0.429430366948542,-0.84485586000513,0.849323463447551,0.332678736524014,-1.0935073788456,-1.14004214461499,-1.46690559441255,0.89586464018171,-2.21069526236414,-1.33859515132879,-2.31629182470403,-1.84908519994149,-2.1799391443274,-0.460936722513382,-0.371637325197076,-0.478825680432157,-0.687747431730517,0.863074752913396,0.197087728888939,2.19898933365472,0.587706442216587,2.06850839069405,0.991726640476172,1.66565749154963,-0.410676462390763,0.976918461365661,0.428968603539919,1.02875882054854,0.400251841383276,0.806325975283175,0.307500598087375,-0.301983054883754,-0.376783802399543,-1.92649123923306,0.104814296499083,-0.0946218771747043,0.393287573004856,0.590012102440806,0.622766670183028,-1.34273995369444,0.802494211675853,0.978590638930736,-1.73549682873294,-0.559321570062575,0.605938284048328,-1.85588776820095,-1.54468641210828,-0.522833817100404,-0.374834077442263,-0.516084365779689,0.330195540796536,1.03304317274428,0.264987181618684,0.0387550480256614,0.0886699959882586,-0.0511382640434818,0.600104202287929,0.293316961339129,0.0223435818125979,0.407423558497194,0.913084773160688,-0.978813590091415,0.911745124888031,0.0690699198041806,0.0390311803712892,0.809330248601433,-0.0188351569838689,-0.863617308772544,-0.567994418583701,-0.813651924885545,1.22035272012065,-1.52700147594174,0.518930391341726,-0.122355523296584,-0.999422342817495,-0.98787490033125,-0.371270297497074,0.668628247639418,-1.57843136443726,-0.840196487587197,0.40209985443457,-0.501893005576342,0.39021520777339,-0.348424242270462,0.630049344594737,-0.166156355626924,-1.58322883481742,0.158898605465342,-0.0127171754386622,-1.38069687984882,0.0740213307112697,-0.55857688462943,1.59333221028569,0.734030423071205,0.883374239605554,-1.36658746823628,-1.5269326091509,-0.32716777049901,-0.615198224466661,-0.32055581865036,-0.418447011606124,0.500329860523311,-2.26350980114922,-1.00245779807006,-1.71122981850383,-1.76456273910326,-2.45566711518518,-1.59291458406567,-0.327328654928452,-0.200602477071967,-1.27175124619844,-1.07326520805094,0.485697809908831,-0.365074118490494,-1.43862216273956,-0.593904715212893,-2.58449071355731,-2.1237220499125,-0.341495910215313,0.850753003917374,-0.912141693379384,1.09232650240143,1.33270117319865,0.382472564065233,-0.281462270522778,-1.65721462033269,0.24586797536145,0.0580652021448084,-0.491659311532677,-0.557687397057738,0.531824704346491,0.613780037388113,-0.434681146183313,-1.00822992050347,-0.932856618427829,-1.10551047497149,0.499864659701411,-0.129415558172799,-0.582990182298718,-1.73980437852539,-0.600338447293529,0.0658221759810047,-0.180349194333913,-0.607899442313452,-0.566517441485542,-0.0336196181428382,0.234848580342091,-0.693907906396729,-0.162738799318447,0.833026476229639,0.975283037272686,1.38807834712108,1.18416096258011,1.58348286251661,0.0290251760019508,-0.015329487010963,-1.07693698907094,-0.274594012811179,0.46145828435818,0.921167806663122,1.45953075965821,0.980496921299256,1.38563922335512,-0.201023886374102,-0.878868297257059,-0.0671719474323993,-1.26281770008776,-1.62390935252827,-1.76632528672591,-0.692110367395165,-0.253830017926742,-0.813948311080091,-2.28762156419103,-0.357080077209977,-0.482717706820523,0.785660697532878,-1.0847275123089
0.78122243263537,0.307877923757352,0.135477300096701,-0.844166739654041,0.115997958039245,1.58823135031935,-1.07446454863463,-0.558085829800478,-0.0580113383502033,0.384801837876142,0.815698819417436,0.445586576469102,0.099166626365077,-0.951540032952235,0.330093019882291,-0.18380060588774,-0.383220858038911,-0.279641601246229,0.490409367487903,0.656378261901666,0.293974642797574,0.299198859585235,0.312306785896988,-0.0596215378763669,-0.191471106445709,0.450184097287154,-0.107541946781058,-0.147631535625423,-0.0501561845022601,0.0647898964921008,0.501564710610124,0.379579376791808,0.807728926625215,0.167614475654337,0.439768241642653,-0.298280463812235,-0.158180944133705,-0.492237224859078,-0.450336833729131,-0.279469640364606,0.144308679695854,0.548238659349097,1.96166044842792,0.511694741645619,0.835717868006581,-0.294269864013679,-0.355942823558857,-0.543208938479325,-0.163098146693668,0.233829959425456,-0.300564582353159,0.470715365133476,0.0895849442911115,-0.505183993243736,2.15358468351177,0.656443772232379,0.748759286880097,1.27358905845068,-0.0637003146611222,1.2083816868189,0.266628756564653,0.0784896019220497,-0.091103204765379,1.4418131203005,1.14098171107887,0.423738845251735,0.640160318532592,1.34212715795749,1.46591775556637,0.988996312271076,0.333909874197029,-0.765000237427345,-0.278550497806047,0.597022983036755,0.252845026688922,1.00289915809878,1.35181574202592,-0.369971272883795,-0.136273327867538,0.433043546839743,-1.07128072316569,0.27105626848154,1.43193409197818,-0.488274098933136,0.20232595705772,0.198570198894603,-0.561332924083325,1.18402848350466,1.00880168765822,1.74479809879166,1.85017324195383,0.721035655345184,0.503272747494524,0.148202119934065,2.00186745495786,-0.296511797373149,0.0929271055831204,0.126398899361697,0.269427791097012,0.0872466358300106,-0.334401409270096,-0.706460460907558,-0.353997961005983,0.155548539304299,-0.446180128174622,-0.604170242074407,0.188013102925597,-0.468928225110801,1.21975503155333,0.445436210350844,-0.474953843862657,-0.187153342775154,-0.654924494601846,-0.187902855828155,-0.614071871589215,-0.248951512365553,-0.419474546846826,-0.025082456216291,-0.651756530031797,0.675251037150324,-0.122023533161554,-0.870165152454878,-0.639997331942214,-0.116010505405888,0.310976701248014,0.118636092320655,2.51396758275637,-0.224430051471819,-0.927742989393591,-0.461731591716293,0.640417040156896,0.0464458143666032,0.569125177380193,0.348471113487631,0.659300994005511,-0.0834670870974306,0.943272833068965,-0.24363591802554,-0.0923760824459464,0.138064957007837,-0.0289099537309197,0.45574806104695,0.880242489125609,0.592548788673473,0.506383053437039,0.807553356796682,0.824087939888463,0.832873084856549,0.805633784276334,1.1665490605948,1.50295659496619,1.33859192033525,0.684669598400977,1.0505310101075,0.612099725741952,0.395508526938433,0.0989398076394428,0.985296320734405,0.226296167401671,1.670521286265,1.96053700518872,0.467668016890818,0.350415890497421,1.7626834691999,1.23289743282809,0.354405989009365,0.29953142266748,1.0197549660169,0.111278466114416,0.715933889703421,0.92382758079161,1.63538460899867,0.599484519351591,-0.417959746630384,0.296899772805645,1.06102320707733,-0.307728508964094,0.284864526663782,0.571173995269423,0.111304192744323,-0.507950107162096,-0.434114885090727,1.53856133942824,1.23995179815521,0.756550020383834,0.400123855969916,0.381535199767987,0.922800107682963,0.202673273736339,-0.551391957060374,0.0445523579122419,-0.266457952604537,0.193416965045571,-0.18622156362573,0.182437760596421,-0.158502202725264,0.0106213889516287,-0.20073534484796,-0.0156164904008358,1.67294966379682,1.30871863866682,-0.419081855012493,0.251628436427591,-0.45641779267547,-0.118039196790639,0.297287791129101,1.36168717960546,1.6210196439695,0.885447220854894,0.313525780824093,0.483327684210212,-0.323581881893125,-0.516462263624532,0.273421794065183,-0.0272013062443888,-0.249073420952818,-1.58002624983314,0.114787454816041,-0.993950714443905,0.432165699480478,1.03325069085407,0.0275498858777544,1.03335080850983,0.870987000953543,0.110460985335092,0.166139217997153,1.32954738139098,1.55072571268489,0.796695771484597,0.405538701594086,1.11317154516089,1.51495126898726,0.319056740464448,1.83376441152743,-0.426996367142892,-0.0728693790552608,0.481257897504277,-1.04628158999138,-0.767630786423661,-0.320378324925237,1.05942813633936,0.847845453358524,0.952407829292158,1.3795826272923,0.859635555301103,-0.259283598408798,-0.5119889430761,-0.670607929617105,-0.413928219098888,-1.15726869569004,0.280518942417406,0.790490859824623,0.492867485935269,2.09875197035512,-0.0851841034594557,0.153343534025524,-0.196941724037222,0.203884470727417,0.394760469761324,0.238745929879949,0.349359448516317,-0.137477748122351,0.245518204428977,-0.00592581281820687
-1.42243384699618,-0.461939621854291,-0.411735745492722,-0.994518909671215,-0.901944782535951,0.343555463429264,-0.190093822800885,-0.852005676040362,-1.30516373164661,-0.856690334287244,-0.972039716248751,0.754953940067751,0.3446497901508,-0.748111017864413,2.16579618524447,1.38579516450259,0.273678717952527,0.664529604529384,-0.687492197428054,1.68118547424565,0.688002473058037,0.634243997501204,0.286835498040685,0.757699586256405,0.941725459715708,1.58357443657433,-0.475686468071841,0.590588402653214,1.61027417488729,0.783416064655367,0.21191549900481,0.0978528815531503,1.44104815943473,0.680718211048643,-0.25422943348488,1.35417152927638,-0.510080116556475,-0.107269517961566,0.18144452057513,0.980241428538561,1.67734985390517,1.12367288588815,-0.0536202833218067,0.363432447798365,1.28830059553442,-0.121817943141852,1.64476897487631,0.731452276862937,0.499252136311955,0.838029337731503,1.04855580630268,-0.813492397860338,0.129380200599465,1.32519292554278,0.108099827166857,-1.92107286888716,-0.100629348252876,-0.325119950955665,-0.272411568167405,-1.22350431748772,-1.95864241314832,0.00160261221892829,-0.498362649325984,-0.483727960935042,-0.0682156637343128,-1.00574797433723,-2.74928389354438,-0.0543627409965864,-0.280370401107754,-0.147128879015808,-0.588287372095566,-0.110809944359691,-0.38134599931553,2.09566164545564,-0.693271913007536,-1.14793871140318,-0.952276344768714,-0.34203541853009,-0.0136890931880222,1.52528797414295,-0.604750173955002,-0.513909408235179,0.749756073047107,-0.882880636570067,1.01348705006126,1.40857011080815,1.17233760992137,0.619475075632463,1.50308204039124,-0.0369815629225767,-0.244021854887657,1.1499414298721,0.476290149251104,1.98328673503205,0.0657031298173195,1.16641343324344,1.37883393843881,1.62957340519833,1.8511643974499,1.3660469560469,0.0603446495171108,-0.494932688540002,-0.0518418546215843,-0.0610190762336667,-0.733746471985667,-0.282227633864715,-1.17910036552355,-1.13867714795488,-0.966014805216919,-1.65349531529497,-0.233317254548662,-0.587176196222702,-0.604487521064016,-0.795234805521098,0.0949206128632134,-1.03788606585983,-1.00059700325751,-0.503833034695129,-1.61524009181488,0.0381044830659758,1.92117134269621,-0.485775822491865,-0.798212938406469,-0.360225629000276,0.192090271543798,-0.49653849787339,-0.344420358373006,-0.851000903974339,-0.87688860035693,0.219725862459678,-0.452096864169204,0.309836079672523,0.614168647888966,1.82989499720561,0.783507267345493,1.05046655319047,1.11169719731419,1.38261541512014,-0.805373933585445,0.634179814819252,-0.665244119869743,-0.610233965918735,-1.01370770142603,0.525993287985682,0.42720214884156,-0.951540730261016,1.52290666373017,-1.58319602231441,1.03466190849143,-0.906786105899325,-0.925543067366401,-0.389983102864353,0.0183005817573502,0.663216877751393,1.64269385655169,1.87649357228156,2.06000650047439,-1.32893259654347,1.92384570720683,-0.773814775004801,-0.175573183055005,2.26500918899099,1.19058048189662,0.798051267126276,0.0683374658534317,1.370632023498,0.774427519543133,0.145007597948927,1.4242183040848,-0.563848369369113,0.04463685922515,0.155982521615603,-0.0566248409830815,1.62067726010991,0.264838353874897,1.02899480608885,1.70070897657655,1.85918800336954,-0.272568668316221,-0.57065111702298,-0.772197242919545,-0.80481761239404,-0.194845624339779,-0.118621122408618,-0.0876657691395286,0.777169568062478,1.21206381593861,0.337100546295044,0.148400001900756,1.26299362589959,1.07489741454075,1.11917003013166,2.10173313374948,1.36801733274037,1.53094568050039,0.0541112091368723,-0.204597958388738,0.0867035779898667,1.01110095063701,0.647315866721622,0.462585277017701,0.832001389413069,1.21704824598485,1.17684486410886,1.04688934524672,-0.577046863551671,1.56948869686692,0.534871267288407,-0.211709209168169,0.488067456647569,0.706195472755669,-0.720378453077131,0.858696254524796,-0.44607584992298,-1.14631531246675,0.211213806388387,-0.449982470463038,-0.408190981471929,-0.248961538894999,-0.0451053799212893,-0.287304758124914,0.133188437475924,0.726901767156341,0.469004675272109,-0.358562782286082,0.535269796526975,1.09607680997212,-1.31874629153408,0.561548303775551,0.531100605932653,0.541771180745442,1.34266238933527,-0.367993532394149,0.27597364520066,-0.748244182219632,-1.3157409522234,-1.09390812298568,-1.82627696777288,-1.46882166922488,-1.0098761955074,-0.624562990478342,0.345581431444096,-0.776221144849671,0.888226643712092,0.915114217061258,-0.447954634255678,-0.986734878568046,-0.740870452860732,-0.868584884088997,-1.28773716501294,0.711008802875298,0.457296214822114,-0.0430225819206358,0.132348077374773,1.61982965863302,1.27588084594419,0.161518634050436,0.880565993179971,1.44335864621497,1.70472760374671,1.32342829879968,0.555487006804554,0.823902715778071,1.25909084941747
-0.356159806073302,0.114308159674908,0.511886338255101,0.882890608010359,0.399978985654471,-0.294511464191145,0.574811381730389,0.362324509707464,0.570051962047593,0.494328089271562,0.406283746421631,0.947666584913146,0.303933999796623,2.64551805084467,-0.00730747485816306,0.106283154522353,0.114819505580579,1.04203169653372,0.0870289639110989,0.376858579504999,0.281497243658018,0.870455510735364,0.554977817751212,0.895339964945141,0.333840168933711,0.00480714580315667,-0.997100270519735,-0.122419720252511,0.334680133329037,-0.376583709830161,0.114797449793337,0.65187188719785,0.544637681614581,-0.117070873504127,0.0191425099741543,-0.275603642324126,-0.298700966009063,0.235556556797499,0.0950100702938069,-0.240810019020197,-0.601191583042407,-0.371247287566668,-0.230274567322119,-1.22636394162269,-1.40015804522181,-1.54066592583941,0.261832559615815,0.418030151426739,0.418743195397778,0.139078451681374,0.263972067543464,0.885106234527891,0.616591111535057,0.203076463853117,0.128506843731525,-0.0209220268953689,1.30081194442503,0.00168505198119293,-1.12416757954346,0.251169576133994,-1.01743050703561,-1.76098122863732,-0.753420020674986,-0.917296081920328,-0.752250108903799,0.0745178840354212,-1.30849256168626,0.338558425041779,-0.318239065279126,-0.425496002998374,-2.04164455504661,0.220595507657787,-0.578211598771881,0.37236874635011,0.94923079133932,0.258092933087736,-0.68667275147312,0.433573139959301,-1.36321604716035,-0.0833902047937111,0.605466201380556,-0.120620976507501,0.854275205999321,1.0964393739388,0.744859889029352,0.0165587057339642,0.490857359225732,0.627574567426339,-0.1360288107254,-0.48054504978358,0.272296977869846,-0.443865990966031,-1.47495318337844,-0.193827140658917,-1.47627054671978,0.292151547745833,-1.34119621779605,-0.87067824128256,-0.607830221560276,-0.629662220795171,-1.06183335267488,-0.421980771939817,-0.671167057455595,-0.74119868683927,0.17654504410925,0.00928532391787279,0.409650941144879,0.695397553241273,0.702419155464458,1.12286720808836,0.709450608460293,-0.656033155815098,0.221905147377363,0.213134360542928,-0.177570665968592,0.565351582644358,0.436991620262634,-0.293535804136661,-0.768909926947635,0.0631750095423084,-0.442687681479415,-1.12219527748984,0.780796795446096,0.887191587414194,0.311238376358851,0.473466962121897,-0.399607210586728,-0.0477606230389835,0.448848280171628,-0.741343456903205,1.22000098764984,-0.444732182740273,-0.892342690920795,0.0311030297910718,-0.41582251271059,0.0586275190601058,1.10408767669873,0.258950762950049,1.03860414941025,0.952794992609084,0.366195422567209,0.105317599431271,-1.09280790330783,-1.18844174884391,-0.680832209642213,-0.785295896630006,-1.29953169394031,-0.576367477646163,0.0683850981875651,0.156788366537378,-0.622483937142994,-0.790243447510003,1.25739573499536,1.15613213002436,0.0116246192737417,-0.00542179957688743,-0.580005339593354,-1.34177733611605,-0.706859330907475,-0.414443547967043,0.485863294511621,0.148417141886581,-0.713562635485694,-0.206663145817816,-0.335573064073752,-0.664416716889955,-1.19059693899306,-0.546818565163167,-0.565751577351406,-0.402695328538179,-0.659965127887017,-0.420109097306109,-1.07693501840578,1.29259868893274,-0.356096524723244,-0.425080728896306,0.662758216053059,0.421457235621326,0.315996270678687,-0.0813263782255556,0.297138723627993,-0.224716691446911,-0.318944731816307,0.0881246883287141,0.0225775240095057,-0.803080972096549,-1.32567572110978,0.290318790928165,0.0739317616277467,-0.227421843693602,-0.61997253633472,-0.311686697569905,-0.5717240374603,-0.25339870590735,-0.0257067058136876,-0.697440086385193,0.299733854178237,0.647160832821198,-0.201520508810573,0.349723464237998,-0.646104608683872,-0.880704350379603,-0.378539897966665,-0.414362893789297,0.0312676914248986,-0.163892575686515,-1.03346620812963,0.437919555301649,-0.750987698594847,-0.0602630835770392,-0.326980536244491,-0.410742681989138,-0.502811638186753,0.187010824014468,-0.480736523928061,-1.31244365116325,-0.375180449368607,0.302245614575756,-0.42496297854168,0.260848232708274,-0.16622064413725,0.143649199967499,-0.122273843585705,0.413900637128182,0.586490842073792,0.159999312299568,1.19730275242222,0.395342879959045,-0.119382803647273,0.552469353781348,0.474819624056776,0.212026030055104,0.494077187317101,0.285625280863303,-1.03065962033646,-1.59592577914385,-1.9059052452245,-0.806090094757293,-0.508047454202858,-1.25472604377831,0.176499731712404,0.690274370272332,-0.24840610750049,-0.702340545398963,-1.11271504865269,0.449470296425458,0.508830335444302,0.460970872577581,0.132951225977574,-0.111476404826357,0.63513611593955,-0.778595326644161,0.377474367801673,-0.145215123644048,0.0306003742340795,-0.256099921077533,0.848124446073443,0.457000857158881,-0.0328055307258325,-0.382353010239265,0.440273240704471,0.0201612676512963,0.847909088677317,-0.205606035651413
0.00345347610611615,0.64171700660283,-0.468579475722738,0.0424392711492397,-0.376773908111435,-0.08990285267558,0.96409849743029,-0.0189359740675136,0.119987416206223,0.0690894013186705,0.356059035799433,0.508636169777369,0.309499789985125,-0.538872132619733,0.504035692448776,0.514612357862113,-0.308297444871395,1.17491505594278,0.509860903863793,0.4007480482691,0.233991312103932,0.98721203380577,0.749867044386571,0.542835655251305,1.06484832981288,0.844479566952596,-1.7576738268709,0.524921482616872,0.756187114320018,0.403131619351728,0.664685672703149,0.87657197810323,1.19049059457314,0.474381874745879,0.527427697385271,0.415299657596173,-1.52602914793637,0.369268450517083,-0.393268990317112,-0.175355963777591,0.813741384962576,0.141217477359488,-0.432133632281199,-0.197279269013327,-0.284626656213524,0.563239289336459,-0.321133300091965,1.1935649658793,0.825370057494943,0.718773030504212,0.339208355768889,0.46556542668965,0.851779455018826,-0.00421293904573616,-0.456683793364165,0.776032418732873,0.120219263831222,0.151827887564183,0.0509079173742279,-0.659405059617717,-0.0850397847915916,0.120449526703752,0.0446932305393515,-0.47858285161393,-0.571753244929341,-0.149690963973388,-0.412262684039945,0.121059184282,-0.537093656586322,-0.775592732902784,-0.145654816497008,0.428277266084839,0.342978737270722,-0.0901501324943859,0.238893761479405,-0.110750614575455,-0.078584818981093,0.0806960146714788,-0.200358413222028,0.695732275067755,0.44608078394287,-0.953844209972444,1.88807987818661,0.504451493676655,0.542742655113805,0.0789782553582659,1.07347962540477,1.48506183812281,0.302760290805152,0.600493088386853,1.19477885462956,1.03211753184419,-0.480775516449769,0.390425486960811,0.292158197096405,0.676754759702618,0.193612586983572,0.00385547338885483,0.169790508683419,0.55404712446031,0.0383258061348378,0.0318667130236815,-0.0158389065442716,-0.127999499796505,0.265278706248562,0.187606822600009,0.680630930448753,0.22513309839749,1.27874123951425,0.761399611921386,0.197201493441975,-0.112486857411063,-0.0261773667595297,-0.626020550673897,-0.392340361745729,-0.206840700190991,-0.0795403314804736,0.0729136942456711,0.565224322276878,0.940962509787374,0.363443005293369,-0.107124495676544,-0.984766904399378,0.0861197838583229,0.149825507143954,0.0875903436537161,0.0318843360794954,-0.696106378609745,-0.462614539572361,-0.0655748282576642,-0.267427626969899,1.12309605798486,0.728419226214564,0.346126319600044,0.513507120065355,0.0700157336308529,1.85095483070421,-0.0314813881362371,-0.063060978441076,1.44712611695601,0.735859774661257,0.143933393856898,0.133630977812369,-0.317619257059236,0.78037179731842,0.309973032209256,-1.31348427733999,-0.0427989251530479,1.11933011098793,-0.336446179744125,-0.628119221579153,-0.0483266106037124,1.19572208851503,1.33588659729125,0.817848669090383,0.962436114205197,0.12140551509249,-0.138208007182726,0.489604448898198,-0.636709546926666,1.7285083659922,0.876872349049808,0.123366403888164,0.30595111366007,0.743435850665213,-0.147588995995951,0.0961630980189517,0.693453322886252,0.454212525708643,0.554815350639473,-0.0659492114590534,-0.144633947665647,1.23030997011425,0.363157350405234,0.320741575210935,0.0824695284728571,0.822433968376976,0.761745791126553,0.756666702939513,-0.18962397977628,-0.563878788085221,-0.822434124979505,0.534030750457093,0.0367431913675889,0.0122583668182179,0.987481913951538,-0.443488818551476,0.0651806260784777,0.0941269299490637,0.770255813802078,0.7286944949798,0.490363369652998,0.555051836957916,0.513729202444422,0.744037452092561,0.69017997753486,0.0440765092799848,1.31910751002389,0.840994458800946,1.2844244590809,0.193520558260537,0.581164365542283,1.06368322963315,0.067214036941179,0.860211181852226,0.620386517597523,0.0771081498957972,-0.0106851904851184,0.351935593980513,0.131634204965229,1.47090300131057,-0.776695574390573,0.417118043572244,-0.658408911460298,-0.0187154385815855,0.137934741857756,-0.456541938772702,-0.338912586402626,-0.525959306652199,0.127940916347727,-0.961755797854661,0.254680103660398,-0.251140841801074,-0.23695026802936,-0.428537522836613,0.576892934106804,0.668284588673519,0.598533678122805,-0.687562246365334,0.157869411275651,0.556271209229837,0.186888444453619,-0.180439412362527,0.257850752938453,0.119024578112528,-1.73713018027568,-1.05939220853198,-0.135997865481351,-0.0437519975966475,-0.603621397310506,-0.0595315614934633,0.674620071193275,-0.326848922606775,0.195759558580655,0.0383231236103338,-0.105318748519004,-0.793239362723821,-0.931993925536808,-0.760952704933488,-1.36133814146905,1.15513461703483,-1.03188523193062,0.252892623201319,2.06287106103128,1.09123595597179,0.999343870941869,0.199488606134968,1.14159999457752,0.895986966420268,0.400250727000111,1.51139496812204,-0.312299928536727,1.11856956965471,0.433785662939017
0.463384855543757,0.297798526537671,-0.282966261925543,-0.367517878687869,0.580596901577416,2.12685165393094,0.0634523950443025,-0.100416580292071,-1.22871965116842,-1.37965045492725,-1.44887965063844,0.725957102930507,-0.446534570133917,-1.34801832418506,0.983470211161042,0.591654415177762,-0.131032427508192,-0.312912571390731,-0.696922756096337,0.507492458988809,0.347848874923469,-0.866231401587501,-0.501398044198641,0.311094640729907,0.860173609790823,1.2503809887221,-0.698666511075164,0.468950469823852,0.284274708178815,0.783177632438115,-0.0587581441322848,-0.405947595956988,1.14674841370058,0.515640482465762,-0.476506733622438,0.402289505266709,-0.420500245987361,-0.415113228099558,0.0795319241659594,0.804668407586975,1.17662817048842,0.914333398466381,-0.995145396264045,0.669283526813414,-0.457235569103791,0.568444559906266,0.647205082869062,0.779858581509985,0.798086370935248,0.530282654752106,0.981620105675942,0.254060597826579,0.513738795476338,1.17985903720487,0.420036143967686,-0.0290944102684463,0.456062276201368,0.688173893491384,1.49966590643872,0.602288154281206,0.707639818235401,0.512276414002089,-0.554651041212735,-1.05308030932829,-0.342323321946835,0.342290091244893,-0.543854380477977,-0.775952439579926,-0.87132331322979,-0.769241820379542,-1.14223088226735,0.0912749951777104,-0.627915123701989,1.15607536046483,0.309089449167266,0.104790863405681,0.124408245200936,0.109253411068505,1.21173850082161,1.30132577899824,-0.760395448006446,-0.596963607954493,0.59777563281193,-0.448833798261944,-1.15821252106774,0.943417480962724,0.642500620440186,1.74085936715901,0.399411038650846,0.890965892088717,0.331569655012453,1.75582451128662,0.0530918003168581,0.436083148939456,0.800146896989787,0.621556429729077,1.6735545350196,1.82933015910738,1.4852962609489,1.46480687230175,1.53972223569159,1.61296404332485,0.997958759754718,1.31337882799319,-0.180560981737222,-0.10125629305932,0.39714326161998,-0.584245182993554,0.863243109668571,-0.453511564788682,0.174812587456352,1.09173171080287,-0.152085511420542,-0.67851275648816,-0.0838587881479588,-0.444476521238335,0.0820912765725581,0.332709526718119,-1.22788181704566,1.59472953193045,0.882019169096675,0.189233830119068,-0.999078086077211,-0.0763550761225923,-0.0874460743731048,-0.700081579119945,-0.584633492283767,-0.46094246109269,-0.821471699916453,0.72131278852422,-0.899001664994275,1.23187692898222,1.28841014723488,0.461773969948178,-0.00513224999139472,0.212869196423043,0.251298209098811,0.378968840885936,-0.274872448851619,0.735711514749901,-0.0844310459811753,-0.307708697498933,0.351486287507448,1.20559598909445,0.954462535536627,0.559226484921798,0.657474315701898,0.310369827497022,1.45891764293981,0.666935955631308,0.234990805847088,0.443902511510299,0.529284324766459,0.900353567024645,1.16160362100711,1.18308041661637,0.913571980750576,-0.0813675888524362,0.984866075533469,0.158380996824094,0.899294586957553,1.68738451315825,0.674972734374798,0.84004447779121,0.441419139762627,0.448694580506279,1.090081484815,0.787908350541175,1.4957172484865,0.321782049231964,-0.165344599191647,0.506319848662943,0.798075588400897,0.665316002485038,0.722015444770213,0.263851957085767,0.456349490923225,0.684818396425709,-0.823071489352294,-0.310567102045113,-0.617878193680036,-0.0303623732934439,-0.851105582188309,-0.44969939556053,-0.459622622493136,0.629647787783824,-0.212832893822441,0.362836769273448,-0.0713081663015212,-0.173286137622731,1.25952800018376,0.554057533583498,0.989510964861047,0.62887527819739,1.31431172789699,0.762635104497867,0.0745487317667231,0.0701471602722597,0.643943014918157,0.18741157731245,0.467359529829951,0.965283904708972,0.972489371484484,0.157358117531785,0.662361285067903,0.366594873221002,0.141315586245678,0.396917545647753,0.149570703679241,0.224990522149585,-0.27732027020672,0.391131721839213,1.44465781879803,-0.399248573520172,1.02754216084154,1.40012669343986,0.294497902387242,-0.34188719796741,-0.425363411819725,0.321610710727475,-0.961949610782791,-1.270759398938,0.38849084861173,-0.757708787263301,-0.226035439834603,-0.906136737402855,0.563616861548081,0.472216265760867,0.25500857931906,0.645602741418567,0.505606078107142,0.941175092964239,0.317815748015472,1.16734908302775,0.162561929306,-0.203774036996052,-0.520371794776046,0.177564062276859,-1.26054921151859,-1.44008315453755,-0.119474113269727,0.749097274291295,-0.304559649515927,0.562817051729566,-0.279259265251312,-0.431966710680695,-0.624212327006825,-0.633416484279835,-0.33917278627264,-0.724085462703048,0.249576523872177,-0.0925276253920141,-0.197550007076283,-0.149440279555372,0.885657067441774,1.44870246140574,-0.449507310815695,0.334511156268373,1.31298364120767,1.10558876345095,1.00213388573597,-0.110327133249314,0.0869911432974641,1.13591387550705
0.358048342477028,-0.425779156967768,0.0348099918257159,-0.446906774901237,0.777312517338618,2.17341069877601,0.321206446140239,-0.45453232495102,-0.319661659797775,-0.118796611256158,-0.473325413329228,-0.255270268365679,0.00140428475438895,0.536018931774608,-0.18066401431168,-0.0296943834663204,-0.696388313076945,-1.48053322696977,-0.689669775754,-0.456846728367323,-0.197709879802568,-1.09623844680222,-0.0781287385221675,-1.13917495028533,0.481961335956787,0.361370803581358,-1.00437688235981,0.74331842267111,0.202892043617831,0.0352536687677778,-0.404049094209547,-0.0881826831182672,-0.871893965660983,-0.282721350595944,-0.241671868940448,0.472876744301234,-0.639986255441121,-0.201684967025984,-0.096251257924268,-0.0704147477569838,0.38327133301203,-0.342080577384592,1.51266884511662,0.978939949736172,0.0535185644598399,2.7283281515045,-0.814366752625593,0.543685134451249,0.417300096231236,0.0963503362599412,-0.152723719113846,-1.48076610988756,-0.168149474803453,-0.228595697358926,-0.737562556999499,-1.35842222309871,-2.73632029278325,-0.926434185155406,-0.581238419075117,-0.611896464657133,0.0605184625530693,1.79385545525146,-1.31609045866709,-1.35197011367321,-1.31504484827707,-0.801433564144138,2.7804252765738,0.14318864225141,0.397380681692009,-0.25361851490216,2.46421106029892,1.52818474607931,-1.34141442460701,0.917063287632962,0.623861127672434,0.866752809896276,0.893608980207827,-0.106174451859387,1.15371424688869,1.21458674904231,1.1459147914438,0.330146781585972,0.0842763499197654,-0.098594445674077,-0.411355382898207,0.585133583683051,0.216480458674985,1.98182191447861,1.57516372710683,1.52514058920129,2.18227421692968,1.398605532121,1.17946000961767,-0.0670144655879431,1.7765931428027,1.46403196787456,0.153074700841628,-0.147987381327856,0.0786557484429399,-0.431206698564422,-0.0323495661145899,0.0294512499285165,-0.114571279160774,0.182481549730771,0.121336009960158,0.311946795281369,0.558589365095926,-0.637286277385109,1.19326646121107,0.174370595036828,0.000215401526764138,-0.769540512838983,-0.47302886564261,-0.903554342351664,-0.518467286722526,0.123539949605259,-0.0576868120259869,0.456618385909787,-0.101727565934434,0.229699523041048,-0.0400402865632078,-0.221403150288767,-0.581915164947362,-0.840332177777512,0.143457042926753,-0.0834046544506022,-0.338708517477329,0.38467832599303,0.438920307192325,1.368331264103,-0.415466638338397,1.95814688981687,0.509009861710614,-0.198583937296982,0.481881744764381,-0.10438740025929,0.100933536214872,-0.375807001056375,-0.0595210258031856,-0.618869417424476,-0.442414890627938,0.100567965992512,0.492071828545997,1.50581815008803,0.271159236823447,0.660131850892067,1.04078372474638,0.863515024375765,-0.0213912884159121,-0.257707480627602,0.257966213877928,0.543327539168093,-0.363183795299506,-0.788652525074375,0.122103383743417,0.245836887601428,0.831261763914584,1.69872381738823,0.321031932286592,0.682066208087263,0.821908979676837,0.468842635152715,1.23502278477078,0.654481205718703,0.899305623918817,-0.384500144303248,0.243938314903007,0.82861623579676,0.467820102448819,0.429638302780802,0.516963407011723,0.0475689345123263,1.85668251332764,-0.781262340819161,-0.7403911078299,-1.81990800014709,-1.10083318562378,-0.529209582309176,-0.997995257736842,0.22035290764107,-0.125081585141829,0.395933016801871,0.109854897878567,-1.11749927792594,-0.348976769412132,0.570961546848474,-1.00114638109575,-1.62819596025768,-0.182310083608959,-0.406891031591795,-0.312560804166468,0.429948561371979,-0.189156351499232,0.567804596299571,-0.626527161374481,0.518403684119614,-1.09804112379043,-1.82279897029784,0.396347692537075,-1.54220977910568,-0.662019510039048,-1.1545121662172,0.158617404746533,-0.0919050945636256,0.415512601380649,-0.177573412081157,-0.414179088525573,-1.58112391688492,-0.0988783196990792,-0.334161565894411,0.111846381887285,0.768036199787574,-0.611952700465181,-1.19117761973889,-0.0617518521021263,-0.712008907555486,-0.55120696075115,-0.273846209879647,-0.440418195054752,-1.96210278790745,0.676822928010126,-0.583526421526066,0.366934769768436,-0.693507288860275,-0.697048196201147,0.078994172201784,-0.482590905858355,-0.612964104177272,-0.514320921497013,0.418165934797386,-0.893762228861598,-0.355927004810313,-0.137131245596711,0.34064235140577,2.27960266663766,-0.169817061111815,-0.846867284891476,0.786007949981627,0.208161240364159,2.21434572924482,-1.30476680115445,-1.53085342961203,0.166154654366266,1.20018812759185,1.09870745672957,-0.317268615990636,0.273290206453172,0.166469540399325,0.729341053893986,0.251637502280858,0.164252749531288,-0.12672717125233,0.495233310638923,0.869055859399064,0.179911187060881,0.254913096450844,0.860639297093752,0.208541686826681,-0.424362783954674,-0.276441811088261,-0.801226402090782,-0.593112735295826,0.300806035368319,0.538203532107281
0.175687270397396,-0.505319143789963,-0.802869046743589,-1.4207050589203,0.081873568114399,-0.562360090736684,-0.30608387927584,-1.41941855487178,0.115026423536495,-0.798504509812894,-0.217490638599191,-0.129264859637389,1.2510147456334,0.416215924568698,0.84663066266733,0.96943490279157,1.0231063377474,1.01273618770628,0.565683099879623,0.8499606486378,0.601103358301226,0.85829530033886,0.665234276806815,1.39626734689052,0.761219554281825,0.405627640583434,-1.52258390439349,1.10584520670984,0.994454528971182,0.348293620622745,0.578988775799895,0.556220246857904,0.740759233211417,0.824161585986594,0.930426898880269,0.404279795908029,-0.835488813916952,0.321166423160623,0.505802313298015,0.671765246290019,0.548717151632394,0.695716605481557,1.0988757895087,-0.0260833250118082,0.80370212578041,-0.265783115050103,0.905495809891211,0.476038479012793,0.986590976495814,1.3026431785439,1.03711967262587,-0.3351297761398,1.35566304537947,0.893138028986492,1.19613941215852,-0.239649054888235,-0.0127355278524156,-0.0608057617051641,-0.420296072944652,-0.526024622974596,-1.49891265781726,-0.586014174858384,-0.242802920470018,0.630345208499674,0.897094785541598,-0.131322494100001,-0.760760700308628,1.70746855279422,0.759696663183502,1.45934967974068,1.0950029580528,0.183389288151686,-1.25325028068704,-0.402042582772184,0.561287263520951,-0.210656527482549,-0.863932603708708,-0.103924394777985,-0.0182151321234753,0.468003285229078,-0.263618990319153,-0.794299135077562,1.33690597173577,-0.449374509174937,0.934267277733422,0.0982626631672526,-0.150262020279721,0.918261107607883,0.942126053586528,0.717644797881608,-0.466998951208053,0.104087000405403,0.850050236952505,0.621309237801446,0.930065814587614,0.585133445529973,0.226766557344173,-0.424739684737539,0.114729117939455,0.28040879483202,-0.269479926055263,0.320837094855976,-0.424717926974852,-0.159838757374305,-0.204967543689097,-0.12621428078525,0.302345315786724,0.263448154080557,-0.530612492523817,0.0255088331170051,0.485526595521334,-0.444728073824615,-0.162083772959538,-1.05668977148847,-0.674186515789736,-0.289207360482042,-0.996794914930974,-1.13590254004873,0.958976038488948,-0.175245299962137,0.634142081145589,0.215175694296883,-0.0566691328047377,-0.207466502280396,-0.744048508860203,-0.691811700109583,0.457074420123056,-0.709811018035154,-0.568691731136224,0.333865642104458,-0.924517584311838,-0.477739597430969,-0.391922623564258,0.26366555943328,0.781283254865862,0.888753254815149,-0.0175706638811824,0.650619280848667,-0.56278116297908,-1.04296702066913,-0.350648455198608,-0.570602184155737,-1.03747643603712,0.183326821549942,0.611530679217664,0.17691829178357,1.09937861547815,-0.786778410551924,0.748440101562006,0.307922899075005,1.44986179042435,0.835222557438068,-0.857510071215215,-0.523783367825036,0.787048256965499,0.518415204459023,0.587666438703049,-0.1091826800142,0.517989901873592,-0.00145173768712421,0.622552919933603,0.141593881327041,1.4150709670424,-1.01534321221977,0.932632561537903,0.484231319769205,1.07594352754633,0.860285096477703,-0.47355701213812,0.369900522002503,1.29690047127829,0.587454988641834,0.304261505848484,0.307766721277008,-1.15779904343903,-0.667070386173918,0.0738825536619753,0.94049552096527,-1.08410030903634,-0.318002387673128,-0.548301412578963,-0.927626011132105,1.16950264715383,-0.212968458325437,-0.498139359072768,-0.0617690852498341,-0.162835678231934,-1.1242761010215,-1.1175053811835,0.329861613937339,0.507085662018686,0.352000306417109,0.648972915796335,-0.00305923264534031,0.0788549542291599,-0.48433626502675,-1.06509016558194,-0.729311802074486,0.460085615103043,-1.11778023548916,-0.31121750044788,-0.256464231883937,0.911137559552264,0.205149884247121,1.16301609664892,-0.402000988609702,-0.776575721864382,-0.714804065912416,-0.268746238511009,-1.11377385011937,0.461253127587596,0.306839738366014,0.164235616888517,-1.22986945300881,-0.379414319306119,0.0668263969122209,0.512665324065387,-1.26320907527505,-0.784294756265407,-1.75633219669769,0.63500248919374,0.720852516779608,0.757971502787563,0.197386180417183,-0.09807426458349,0.320315614487733,0.82215973220319,-0.565632656392477,0.0248355769462464,0.982465973995606,-0.329220335955296,-0.203080307637566,0.125016976655718,1.04407015680527,0.225491437698583,-1.41973854906111,0.435929097672867,-1.33652401362663,-1.00979960592643,-0.660748399469209,-0.732827044438471,-0.857458946709582,1.16919103413455,1.64161978444079,-0.020458350902861,-0.405281942361685,-0.428094517962552,-0.591481459033456,-0.407363415710197,-1.11055758830597,0.297441417209651,-1.07553193744677,-1.04622188903714,0.412494453148899,0.461788992430502,-0.00812308643146138,-0.16172667167277,0.262280166983042,0.545400604712183,0.127095307151677,1.11162722953437,-1.45857538004415,1.08849205893337,0.724416442400645
-0.373871138687042,-1.86096736072688,-1.55894395344705,-1.63825795708221,-0.907498981904748,-0.792803403009832,0.415355093115968,-0.687880180807041,-1.38179888672992,-1.43425120107809,-1.4893414595871,-0.90342259727002,1.63872452603616,-0.0740976398975598,1.36742739691615,0.882723207780737,2.35631810064867,2.33979765835545,1.62075817838484,1.5952335336082,2.53051608911914,2.01507712357542,1.89368748929355,1.84414329343965,2.19096365375205,1.1340147288416,-1.63881724905628,1.66560260875755,2.38934567604137,1.85230722418689,2.31118009120505,1.50486277167506,0.969215011614203,2.25241231518732,1.59325601776355,1.82739618471237,-0.744467429599769,2.48381118697348,1.78756864854268,1.59236794542139,0.701863680286443,1.71247473891381,-0.564591413405942,0.211678787107311,0.802680501955323,-0.266685838488572,1.27558061334823,0.872814220086323,1.68090768912954,1.75658804268779,1.08383850313632,-0.821337825576309,1.98703034657063,0.757737100260355,-0.154226713153274,-0.524427945674884,0.339809959991768,-0.235682314752711,0.171872159361564,-0.715204254930725,-0.788066967379381,-0.905550617044938,-0.819448772414819,0.280244338041743,-0.415910222554561,-1.0908311905175,-0.385436189415654,0.899523705523304,0.577375972314813,0.352193119738708,-0.477252093878074,0.114154677079904,0.0796549749996405,0.284558928394185,-0.34528005256163,-0.30050802025609,-0.210529710737206,-0.288116368129473,-0.615454128288562,0.0991362756868591,-0.479770114399618,-0.395083128367605,0.10620665980011,-1.07173487925385,1.02045295316598,0.417276279409773,0.619331219029044,0.0845985672399291,-0.330927736369539,0.41897658863161,0.407501600295718,-0.197456529798562,-0.476867442396811,1.14614366560294,0.230210774351035,0.587604775701599,0.515735185861303,0.0571386616107109,0.305448191749313,1.06404318634848,0.356099761250481,-0.690426347246618,-0.2919693514241,0.391023556967969,-0.37972110645274,-0.200310839931868,-0.98178379971239,-0.216834032298722,-0.491961193156069,0.283961932442913,-0.470419765170953,-0.0984053887519822,0.090697340587648,-0.547481571766194,-0.383541663021762,-1.27121196311569,-0.692705513758266,-0.643487982539451,-1.08424156087171,0.00344674486032484,1.10485709762845,-0.282178639504632,-0.873245231494777,-0.114730678067139,-0.353553808880865,-0.0625852571991052,-0.838316333923445,-0.728075128946436,-0.477500743508919,-0.0413860546645682,0.68564908599316,-0.344613506296286,-0.381002807799382,0.0347433212298914,-0.17586440996163,1.28897567887411,-0.27826259500734,2.23382212899987,-0.499817144481066,-1.31120825905219,-1.33928284121997,-1.27603252697243,-0.686834123189665,-1.15511832823863,-0.645091980266677,-0.680984665724945,-1.22037483480701,-0.00928575495143667,0.51338772609492,-0.0413686380764462,0.789765289589975,-0.600296709213193,-2.28542314753286,-1.71107670171548,1.37689443724118,1.60716035205189,-0.230935832679363,0.25078559477287,0.175074042594486,-0.152191667100364,0.00146936982055539,0.545833737598841,0.291613273672449,-0.773145199062308,0.121122700059302,0.191311922289611,0.90587222375871,0.14888707551587,0.0383064731782967,-1.27764794169644,1.27761679535393,-0.00578573443302333,0.464268740155893,0.648505404583022,-1.26025279429223,-0.544278261647935,0.646167500522272,2.09457368747824,-3.03224043275827,-1.80333633731734,-1.16760930603968,-1.01194609511077,0.234114598795537,-1.0244786865799,-1.31594209269744,0.171620116093197,0.0406941280592091,-0.68631139070554,-1.55715604812851,0.618142406908786,0.430943503787291,1.08066092691672,1.04901398153084,0.663564468761166,0.976557137342324,-0.545307783435856,0.389204946663061,0.457148434541403,0.484603735472989,0.140546381310555,-0.509902964014738,0.0871173889825457,1.37585460916934,0.859197221586214,1.23139268721543,-0.382320056450353,0.102338789108927,0.245503383134173,-0.634362896324015,-0.915652160063027,0.722471214052986,1.18083455773606,0.303067156835762,-0.404793785273612,-0.0641051237180226,0.279436606994514,1.06572122656512,-0.963509221576941,-0.347417822047847,-0.375122432740714,0.446654030606552,0.349682540868373,1.39307263591328,-0.976018839022461,-0.329427004520098,0.631836425783632,0.931817614513448,-0.845067261514312,-0.7794833320419,0.793178920015891,-0.285507284555561,0.113160368411894,-1.30404282649968,-0.146593064776025,-0.344916636724141,-0.747554384642249,-0.915324744169253,-0.276587610928713,-1.34106263381707,-1.29229012617448,-0.337135616552161,-0.266433299754192,1.44201939337187,1.25665588136246,0.143775262999757,-0.569309493788724,-1.04085454133733,-0.651974004255371,-0.939388143990208,-0.473965605029636,1.26562110815106,-1.68660046486588,-0.423516040434663,-0.362984911989034,1.62845202231725,0.977674714354098,1.32848794292119,1.56949017401897,0.876636580363345,0.287546267210219,1.45587911506778,0.106276569985299,1.45597546824866,0.704476875171639
0.804700773000208,0.316548243671476,-0.803212250239982,-0.842050350937744,-0.785343481654854,0.512601019722116,0.799793882497114,-1.04695841003199,-0.562929972315836,-0.596206255019591,-0.804924436647028,-0.595723949091191,-0.206313241674388,-0.64449193730513,0.799819543224318,0.909586874483368,0.204146850863685,0.0981859502339898,-1.08643631936566,-0.20529038761933,-0.104520475740976,-0.383494471655994,-0.322660920498166,0.353165517106949,-0.573104377394809,0.463602295714929,-0.0410180007954971,-0.160652141583616,0.588337286048266,-0.254264174273781,-0.706658386245025,-0.936253010003739,-0.0499470354872318,-0.483999055493252,-0.248501860669623,0.472710445251479,0.983163356538123,-0.190867756768031,-0.212831239250758,0.505154863724783,1.04973258051066,0.0173939858430709,-0.31743674422925,0.00154740799273021,-0.363382411224289,-0.377319938523965,0.831677326292112,-0.67675030614133,-0.21208077957383,-0.419224713339178,0.689671963510356,0.343587681534339,-0.231290080668261,0.998461794459554,-0.180741070506812,0.319413752277505,1.51009336523172,0.469739996032174,2.24626850922098,0.878531779300626,0.454779754853349,-0.870143108307649,-0.0201042313231145,0.280216543419582,0.441479979698323,-0.308239061856478,-0.856670709850175,-1.37579392811458,-0.892491859955275,-0.362077019749736,-1.62410920796148,-2.09829090817879,0.840895981718212,0.160899524829988,0.691520002625693,-0.43595683117741,-0.414676877028507,0.564122857726492,0.637271303195064,0.131096427195132,-0.447317040313575,-0.616752107393522,0.743537918258404,-0.685559098331708,1.08203416486996,0.743075003145922,-0.190643754566078,-0.513308084607528,-1.34729416025008,0.267611578954041,-0.840352269295365,-0.5015198126788,-0.434354969920533,0.62887610211884,-0.578155828539874,-0.376440437404945,0.845838715155167,0.840536355454726,1.01870768556041,0.890674719362971,1.95461904346609,1.46279048615471,1.46149547438377,1.98594398104729,-1.23717747433497,-0.995651007518866,-1.95337442405766,-1.49341758920961,-1.1563436999389,-0.968652663090485,-1.51923067552421,1.51770890661303,-0.85200274363252,-0.752394334593981,-0.841137761968508,-0.59333090558121,-0.114717049087386,-0.720007366122095,-0.587565689523416,0.247557133959926,0.915533064078034,0.0839857117821915,0.042868360261601,0.773000878102133,0.163228575730647,-0.0394753529682057,-1.19209361284805,-0.545760767318379,-0.178464355922241,-0.185899046683052,-0.154688918996591,-0.865375733587301,-0.0897121974859015,-0.290661453137945,-0.284946288006516,0.107060728364829,0.0490467060868898,0.0525449198816028,-0.648951361552627,0.353306553972728,0.158478518183225,0.271489442657142,0.162282991163227,-0.988803626100899,-0.425189557308658,-0.200143185958637,-0.569150101858136,-0.368944752671834,0.507304171649924,0.630608469290395,-0.0939655133525581,-0.138385382528393,-0.429167667429831,-0.548979556280543,0.886114797271886,0.289481348444684,0.644127777374619,-0.25695476256183,0.964528648670199,-0.575698967326167,-0.136379265765186,-0.0243541819414417,0.139940661503659,-0.944105673458374,0.511458956977258,0.496532313666835,0.110161377526351,0.618563345305111,-0.00211088856611249,-1.25844318457436,0.568026452818202,0.562978075846378,0.670812087682251,-0.006059014251575,0.0911433443097368,0.200366130148358,0.351788525378046,0.164392472944658,-2.12498407631528,-0.311442791958517,-0.429939258463205,-0.207030736383415,0.665411556686316,-0.468864054438917,-0.672479181198736,0.743468865534152,-0.67907212794866,0.158001929169757,-1.07436850671291,0.507065073694215,0.631954547634147,0.208926272433161,1.09085118600828,0.535913357417638,0.738037256755246,-0.632399373108599,-0.683227931999445,-0.43558042057364,-0.403974165389277,-2.12523497201546,0.802588287073497,0.80239943608829,1.09367493458599,0.471395095584959,0.850269613514576,0.101652039731919,0.838679913792974,1.2145736040818,0.547340865113731,-0.511436965003927,0.573423801530671,0.472896764212985,1.19400808910013,-0.0203361414227372,1.27100258836547,2.10347889402358,1.1103734625526,-1.16959931316179,-0.204646420115095,-0.0524500145650959,-0.915864628153767,0.371816468625805,1.13447595344607,-0.142620848460187,0.207015264584657,0.854913732764284,0.938574659919324,0.325280215188587,0.196325508254397,2.67018856034821,1.93657620829365,0.616854520077419,1.18182451189935,1.20816855941379,-0.786703531124547,1.06428422096881,0.256626460539902,-0.539569919381234,-1.54233092842029,-2.12418313458587,0.316588213718008,0.775485743508489,0.941241419204422,0.852351633810892,-0.299077214966019,0.0858095544536322,-0.80933311292546,-0.820187428329098,-0.610551119062945,-0.597433684544385,-0.219893901689619,-0.66104306713656,-0.856055052198792,-0.279975495623917,0.384512341775879,0.510765074178536,-0.661108057551829,-0.903499331738623,0.566870028494058,0.260407035853294,0.704252510572887,0.0771455479706694,-0.574538631198247,0.954054686097563
0.543082355227357,0.935072243065505,0.0969090789105802,-0.033908048025874,0.377985763776127,1.25149667289122,0.531845038396622,-0.820252580120316,1.14177924229809,-0.051668426530889,0.567562841200383,0.462669074807308,-0.82881279977945,-0.43685159869528,-0.167987924761078,-0.151811753788416,-0.264274201762486,-1.29114248556609,-0.488298908336544,-1.05674689202863,-0.343589153879267,-0.239639221142211,-0.61952671928462,0.398045492593254,-0.197948719545806,0.158722493028524,0.319424362117235,-0.0843204376901697,-0.23374283915725,-0.684867494486357,-0.184541999007717,-0.660139249126828,-0.601256584409871,-0.463357428251764,-0.500405088701283,-0.358859069559514,1.51030061754257,-0.884146540462368,-0.641369845711007,-0.331295421201629,0.343354944836593,-0.147312212873837,0.0191579528476835,0.482958376580709,-0.600119574154324,0.961383917189181,-0.167748458345124,0.0677710925410371,0.180294277961161,-0.725052795509139,0.0593728678748708,0.899948221440149,-0.133403121667312,0.550059583677692,-0.288634438616476,0.94482637371417,1.07727337946306,0.778219331551206,0.872097335707024,1.28437574639047,0.533515651651471,0.818620125000164,0.622730904317575,-0.566918124867789,-0.348047173381702,-0.0869046315672209,0.593522667308933,-0.220689205749519,-0.612895661595172,-0.536404971892372,0.887647573668987,0.0679574010791135,-1.36457176186342,-0.789520093643886,0.669917589954994,0.451634806266157,0.656416589552677,0.931577529539006,0.0160847100182277,-0.518574603904298,0.896422336731927,0.843372540780704,0.237693688176603,0.405361142850612,-1.31290660874373,-0.469040443975551,-0.559075893618043,-0.40718777496794,-1.19060990491088,-0.222180619122389,-0.0303332003369292,-0.132668704531467,-0.132281318398064,-0.62077976735001,-0.158022715645113,-0.503118622136765,0.590964415638671,0.391325758470086,0.328396738018277,0.0186235730547046,1.13286994010208,1.25277712359377,0.44904191996977,0.42218926709276,0.457169386196978,0.107836734869664,0.248433529923838,0.254012187745593,-0.0125403384173899,-0.111047789830818,0.410068342459431,1.03409207319523,0.930573764933083,-0.624014974652783,0.498145039414701,0.346580684311041,0.3471564134217,0.500026954805314,1.65537640132781,0.192149893920441,0.128967122104941,1.24100558349055,-0.059409679108002,0.55278784832311,0.457924364683652,-0.14997318934014,-0.181483414602179,0.88852090692962,0.744958460149418,0.0412762426177758,-0.7895982208007,0.593342659077085,0.467738559208791,-0.930993947042451,-1.34003051092907,-0.90044233811186,-1.45000734712024,-0.794964717052794,0.386013838660013,0.304695354677876,0.107953773380603,-0.499114555309566,0.878983782543403,-1.03992684051921,0.0703791362082977,-0.0652485022136951,-0.0159304733368822,0.480800366725665,-0.107097008537012,0.40318730491998,0.298953519770435,0.198420608107149,0.900154845875831,-0.373553752570454,-0.141986337111656,-0.126235557244745,-0.732128015308544,0.0362224405838932,0.351646764851688,-0.345797988469938,-1.41419129488185,-0.121875182548943,0.021925096714547,-0.682239311412783,0.800321792549897,-0.47797308605923,0.149944831742804,0.206181899424109,0.0306094498115298,-0.735585261963327,-1.04057597768045,-0.0987787297271408,-0.138614605362092,-0.792183881327701,-0.160101945001726,-0.63286283712626,-0.692639071775675,-0.856622495486084,-0.158126561617146,0.153907209275379,0.408739020971066,0.280113404351807,-0.919694200994225,-0.0113523512141436,0.829198558480042,0.22421143120946,-0.539313851865738,-0.9596598829827,-0.713670741499908,-0.268445998906193,-0.318435801286725,-0.235189498852077,-0.141850153791027,-0.319428648478407,-0.333738451308446,-1.21609604591692,-0.0701564447186801,0.949647227646905,-0.691095347125458,-0.235618915449139,-0.655482587701533,0.242299857770724,-0.400256483980885,0.0942051728440577,0.463420941397891,-0.379420532780974,0.145572059577872,0.769489158001885,1.13262055711546,0.910872046173379,-0.540205423629961,0.740963458510052,0.652963774477018,-0.862556416524559,1.27599499644346,1.09924331929447,-0.268907778135672,-0.731407365788009,0.490859273686408,-0.607465342698428,0.52831115867703,-0.903605315835544,0.0478135346717239,-1.23144493193564,-1.22938404422863,-0.704848506210414,0.699243148537095,0.755313655280755,-0.183053595669667,1.15733421538047,0.554128239391669,-1.14627558718181,1.29604565932599,0.358017746302723,0.482206007660403,0.41589760909733,-0.237786120433066,0.822033706427877,1.01326091730969,0.37223978835485,0.744857975218792,0.728893727239372,0.0499621650195761,-0.224044125849277,-0.142970153078759,0.597713871224414,0.47917454512806,0.479438858687248,0.268253780515983,0.295217470839502,-0.944198524645564,-0.426599816930578,-0.804358937217617,-1.72829408757191,-0.325825164116145,-0.0156567154009519,-0.814129961858165,-0.691048213976318,-0.195035995115109,-0.941445194179427,-0.411959075585412,-1.75668927343339,-0.683206842711284,0.443411896438885
0.944761143843774,0.255310845491218,1.27292463653535,1.27351348748048,0.697226594641387,1.25970845670345,-0.101287980982449,1.10141264341043,0.414257781975383,1.11441339872542,0.767967435832336,0.34015212417832,-0.638554574956825,1.03137107978746,-0.354015699146201,-1.03928806764825,0.446828535780798,-1.21389642472784,-0.400742822748468,-0.37499295471852,-0.552057887111382,-0.367879671648836,-0.224733682953266,-0.587031485687034,-0.635431309518047,-0.82652555840231,1.11245786491487,-0.560772760745741,-0.548344272013972,-0.371157159226126,-0.531961512410015,-0.544164947715195,-0.91252254011345,0.217095887360004,0.0855332363273785,-0.609892433091436,1.55872791590288,0.404754246678128,-0.410207938056392,-0.247267648677984,-0.925477423357927,-0.100780309726376,-1.18165609238625,-0.648991679104412,0.184286151245102,0.189608350285257,-0.547168701957625,-0.564228435488073,0.499551395202464,-0.13075125492345,-0.32924650141209,-0.444995817624493,-0.237571638940598,-0.364673165631337,0.468307998798477,0.236973791312972,-0.545561879441594,0.628827322166947,-0.772769116012342,0.756829983957798,-0.510038605247064,0.104686123717988,-1.43870342194066,-0.50573934369313,-0.500559157324863,-0.0257079685935298,0.94325525967125,0.560974550301423,1.09506973019218,0.509188193788604,0.961416691344084,0.0281476227487253,-0.588360325092596,0.014133507378869,0.575995850962297,0.445887921828965,0.901871662818796,1.05739096856255,-0.279106194066198,-0.951945363090895,1.91105670464637,1.57091051142431,0.0560966665809597,1.5578395925387,-1.04290855043582,-0.215723203621976,-0.92937526584873,-0.630204720082728,-0.26690967457563,-0.307259665119546,0.633322280659056,-1.20444455003764,-0.0332583542940756,-1.04196250249742,-0.164905406772363,-0.597989398122888,-0.901072693437079,-0.984461251359023,-1.33983995984033,-1.43213994851492,-0.84376883430315,-0.314590390797547,-1.17353938256429,-1.06864324986528,-0.0952225005335362,-0.62165847738929,0.43707796630757,0.129466340383894,0.612304096154689,-0.015689065755519,0.226827143969425,-0.683927044754102,0.0365763365739471,-0.54803895203123,-0.417570083274825,0.781552970283469,1.36951171789567,2.22296162715288,0.298404780039091,0.0331414842148574,-0.653263540410634,0.144567712101463,0.779308890673462,0.817857478336021,1.11209734358475,1.81583891692312,-0.134874985894035,1.35067022491856,1.7303803221852,-0.699689071767302,1.01615440624979,1.36962719582642,0.00394383485421925,-1.13206263066689,0.427024749363736,-1.22749937108654,0.321668439004186,-0.680371731430873,1.26092229322863,-0.294147356491384,0.400684571698047,0.403295986752526,2.05807828398527,-0.53139572153265,-0.203299478982456,0.12139173636623,1.02777930999203,-0.022940069464644,-0.158313675011688,0.792889553497831,-0.0968771932003576,0.477923040940797,-0.104196773928437,-0.281403717135054,-0.592359317255304,-0.932581728664104,-0.826158573520142,0.39420138762383,-0.781512198699926,0.350068228680862,-0.274441213860357,-0.78137490131227,-0.262010777535979,0.875437260056976,-0.670096411686078,-0.365763469383427,-0.371855207104408,0.328185505872725,-0.512701682359148,0.275968969914846,-0.266950086208895,0.229179202231977,0.217581802019084,-1.67706536188774,-1.02180483764738,-1.24099241397312,-1.12343828003731,-1.40527551773179,1.33171111296344,1.37457747067515,1.68452538490116,1.24251240482358,0.597581311295337,-0.628682169671647,0.516932166093983,-0.810754593262893,-0.865518690066197,-1.34286777567328,0.172485910032414,-1.08110781759656,-1.38275952551808,-0.885841506228645,-0.983123271969844,-0.896470620754107,-1.23866397638366,-0.505487656029411,-0.444540077810872,-0.507141267819077,-1.39517138227206,-0.211314153593981,-1.51431687878476,-1.057092305692,-0.70238504788446,-0.656219665710701,-0.46911034047425,0.111643428465803,0.385849783430421,0.974421443093118,1.15189015295916,0.146889732062684,0.412408836339433,0.140934474120823,-0.748160575678762,-1.05458100922002,-0.23370201775527,-0.772545467906614,-0.519375795621037,-0.00804771463543796,-0.352664575147982,-1.58741999939075,1.28544934840988,-1.06606183518265,0.234361892559837,-0.690631027720232,-0.467283628307281,-0.330848110312732,0.561762380879655,0.593758426402083,-0.678517392541396,1.17755963681689,-1.14132880126427,-1.22161447260195,1.25436536110381,0.00415623482145108,-0.720163449539293,0.0396842980900154,0.0535138807391625,-1.03580475408672,1.52482131162953,-0.095214829012063,0.003149685853225,-0.768990875090659,1.50207833508437,0.511544775947443,1.30613925392273,2.24109185880865,1.3055093880841,1.29696233346622,1.33253310633215,1.54122968154112,-0.461985527838052,-0.262092293296788,1.00434374194527,0.0218699138281225,-1.1547868013841,-0.578057365919093,-1.42012031882843,-0.805563316944743,-1.12566849896854,-1.05456304784518,-1.39011365045293,0.83456601214522,-0.548721321941682,0.0196608226192462
0.622309682522682,0.293893403949325,-0.0963280296580302,-0.510924975911604,-0.554438557533782,-0.28752761314698,-1.62059522107207,-0.70799416959671,0.859092688384022,0.448363098512954,0.945279994320825,-0.197232222776751,0.694129192733003,-0.26953992969104,0.850685860132646,0.0674246773004491,0.865716079546596,-0.369867697901985,1.12073506963642,0.158681167269561,0.0030565872901264,0.671373239205604,-0.084671263992092,-0.0391068887507399,0.0647323538162953,0.0420277383674908,0.42672681851736,0.221647306373956,-0.0312755855141614,0.223042202097238,-0.23189306470902,0.660892973539827,0.197278682155602,-0.242575778902896,0.594666139455068,-0.338370209229618,0.693199967018004,0.208725062561604,0.589865466653208,0.631349813650391,0.199034647838327,0.347370564438191,-0.663018822022949,0.351683203658345,0.816646549085658,0.125894356740607,0.721845656359871,0.668588583167675,-0.312348738400295,0.343301790153331,0.276202246329203,0.119360689485968,-0.0186797756097138,0.460411534605529,2.29386134301256,1.00773863388002,0.932680614614916,2.01328589038096,0.40250960010989,0.39439348590255,0.612002642893367,0.779802819150665,0.397322838177136,0.673862704079176,1.24399626951997,0.844572684745752,0.76831462749507,1.16891473132921,1.12932118516223,1.64982988411813,1.36700108978384,1.16351655391725,0.127417576258415,-0.363210398660326,-0.0539207996107712,0.00487661553837076,1.09833601228649,0.288651936645702,0.116421014387755,-0.306121605132678,-0.928288624876945,0.143643987193353,0.763048210566603,0.0312258577410471,-0.315230648814813,0.644862411100542,-0.468966370768355,-1.14723214200988,0.13359007350022,-0.669271868752756,-1.1979347323098,-0.760002372134139,0.791518995996406,-0.124047661586665,0.561082642994865,0.138326420887901,-0.140427441919434,0.0324864977236108,-0.429898564601394,-0.0825386769326138,-0.234127364148115,0.402393156527053,-0.354887982125028,-0.173553888357599,-0.401553273089074,-0.569673029190062,-0.00124986539544319,-0.0573821037082759,-0.261308953779278,-0.242206190583825,-0.24615777082267,0.43625061741147,-0.106687292641868,-0.755407737611995,-0.658140304853916,0.368521519331762,-0.430678935697911,0.165667471331329,0.956225485949083,0.636363364416314,0.0693795636475414,0.455333667513327,-0.174567141931173,0.382465377015634,-1.91049834059712,0.176861881684118,1.03250443500347,0.293681715440372,-0.374710898444668,-0.149612238912213,0.138539224677846,0.645069182383992,0.23488363031428,0.237328673878033,1.2921064235986,-0.709486106308575,0.794475045443868,-0.748843216370681,0.683822766085262,-0.00052458315583497,0.414880848439882,0.384875209395545,-0.0390120161439942,0.696053124816991,0.403430032449879,0.537064258784766,0.820942865492877,0.91753180249611,0.426552362779816,0.111813100462979,0.00320473849041803,0.769926442649198,0.0994663240589012,0.583238353009466,0.0456793938312961,-0.261525426326682,0.143765284227656,0.397525984271495,0.0606857418584204,0.994394690962401,-0.141747996472059,-0.0738632743260767,0.119658806526391,0.329840178844489,0.139609016891538,0.80084903254342,0.564697603564296,0.521225266028001,-0.0044696840286756,0.669161842719396,0.856716008003183,0.316048071689828,-0.0470706455418845,-0.354286960661285,-0.145789239661627,-0.00126104780766111,0.363078985712965,-0.571800791751151,0.494911431503014,0.366575738418248,0.149655339436058,-0.0901709162549462,1.47516492901449,0.539882699697529,0.749339928141116,0.72780432637916,-0.460957250494073,-0.286487999961053,-0.261021359038624,0.13243002248241,-0.173718027808804,-0.0828380833119448,-0.125650386800065,0.149609758687045,0.0294876690838014,-0.0282640484673644,-0.0283190295708552,0.45802975297732,-0.380075779417975,-0.228271421958788,-0.556904402103129,0.19437322183436,-0.317764142183116,0.222475222963685,-0.0941166761726368,-0.347908509723478,-0.428885820406208,0.984401689208812,0.589902462055313,-0.282109343119088,-0.0905214429537583,0.52767467441791,0.274079477652981,-0.302470485525653,0.898889055206375,0.476149706697919,0.224924679966488,0.058870558535379,0.0286140968995028,-0.565226199265815,0.321869911572217,0.258552077929442,-0.208219600957444,0.734378732604142,0.153276143129032,0.556941116782603,-0.498595986443639,-0.0439934904475439,-0.337391665417437,-1.03165272493009,-1.0513215995927,0.38636542010965,0.719932778732918,0.190348582966408,0.742850553914106,-0.460519187036505,0.564641042172004,-0.310509485304255,-0.541963484740341,-0.178224242974218,-0.0989352127639263,0.409278796007734,0.217255463735791,1.03350630713122,-0.0849126012258203,0.584558096127324,-0.352338768805302,-0.108708077171372,0.23052316304273,-0.107226499000938,0.34624376747038,0.18075178627765,0.145183558436443,-0.296235835213964,-0.261170842475557,-0.10409335944682,-0.498682587221981,-0.128620687572017,-0.0916277050463123,0.414643519525682,-0.463294213456431,-0.00277981706943676,0.266375671101296,0.0726836215536069
0.131500232152716,0.0363907862391817,0.0107987426735285,-0.0312609238154913,-0.714472534735063,-0.230920359569652,-0.750840744631486,-1.16959120068185,0.858869369686142,0.0850668169324894,0.485547666681085,-0.0383757758927602,0.358218338126209,-0.0166385021728113,0.122189023313138,-0.425730700016707,-0.0638642779091903,-0.194792148666469,-0.591981704269856,0.599228508921681,0.0809494994273781,-0.0310908948357765,0.369415450598907,0.350872505397511,-0.292262147530879,-0.049918990496431,0.591325723843859,-1.09957993059711,-0.34801802158219,0.831109026686866,-0.377205208699893,-0.312649256319607,0.193127750147239,0.0862683623443055,0.439298695898013,-0.0297997585592897,0.556960198193919,0.795473706202445,-0.033085731166144,-0.266822208781354,-0.605545193351909,1.47701478938685,0.0544745190266032,0.657368002063344,0.566168453716836,-0.821576784990228,-0.270483785019158,0.11099719764314,-0.353079218857841,0.842160531531865,0.0919943293920959,-1.17807395338792,-0.147156954842134,-0.330948198153403,-0.0632853115868971,-1.05812993204839,0.82378221894998,0.0752181612247358,0.411723733583757,-1.05507555380653,-0.128748850444409,-0.241221583236048,0.0457727683418844,0.908875452068321,1.27528257047936,-0.475375819798572,0.877274773732999,0.90518279660089,0.688964943338972,0.0108466698782091,-0.887986920856658,0.205290368887055,0.782613759986648,0.197419168201522,0.0622640073288763,-0.495778733708978,0.403330706469801,0.569366533012569,-0.0151852418723525,-0.593953346497936,0.40125985424898,0.471545143246372,0.14073470999226,0.160382965234404,0.191159901392697,0.919755376872285,0.515835777699436,-0.699301962879935,-0.41936512974914,-0.588871112995152,-0.843526598471617,-0.431944290373282,-1.06523292766819,-0.303138082271163,-0.379086025387076,-0.283554444448353,-0.23186517470498,-0.129210913205477,-0.391709251303522,0.629370521052097,0.181458181751659,0.40854724417256,0.000664303267831487,0.480040410422228,-0.462931532256344,-0.472004726874921,-0.712652654305016,0.0451561119919878,-0.919494895843721,-0.430864074084474,-0.80604956357918,0.458763865375902,-0.418422775450432,-0.65183394487385,-0.614469189844248,0.412185246922384,-0.00563646084107106,0.0607500536338058,0.107892657320547,-0.969946345251907,-0.0234325943843026,0.216821638672086,0.413292402272024,0.533512751148236,-0.662810977892574,0.148968601610936,-0.257413565695279,0.318624587523924,0.297390958509597,-0.690265505186745,0.175268904199982,0.794181262236939,0.0167587251969976,0.732451391201754,-0.385761372571627,-0.507344637691081,-0.077610459284976,0.951649734273144,0.479914464396552,0.106204270648773,-0.0878870147315254,-0.177918611317553,-0.428143120858057,-0.964799918830356,-0.303502158925806,-0.178448137992161,-0.786292087189709,-0.769397622945729,-0.24991108856715,-0.753583424748346,-0.527580971521097,0.0759915203687777,-0.0983587070417587,-0.135199775491018,-0.468573250594603,0.0439130365703178,-0.943665162961081,-0.301974158041327,-0.368625308807453,-0.634716647132511,-1.25462503098338,-0.823465747022886,-0.761672982226302,-0.348613763547687,0.217730769066538,0.93673442049198,-0.173416173598273,-0.670365834818255,-0.405593060993089,-0.273093611778082,-0.00384982168700188,0.0328905115988405,-1.25553336613234,0.339077149036608,-0.69327258626114,-0.372956666675505,0.56204959018358,0.425177361914782,-0.446568963824765,-0.159894398563256,0.502823798203272,0.223939372777562,-0.124024703442199,0.515849484728823,0.0762431534498783,0.637444504103962,0.201175623726366,-0.537282795416268,-0.296331213676718,-0.67950181325122,-0.671723472428931,-0.152613716513085,-0.332340346138313,0.0313587892341708,0.199263115258646,-0.44103324028151,-0.234147519016456,-0.144598115495336,-0.803399013863265,-0.266745947593791,0.0851199572183885,-0.339244465122926,-1.21892840004239,-0.156860962806113,-0.722516371274532,-0.344840976101491,0.192134371374913,0.808151215831015,0.300367366136899,0.270755771310834,0.310224143277909,0.425797310954024,-0.260891808144004,-0.255263855065035,0.12122797724086,0.517640635076753,0.275846850849272,0.00149379385574703,0.172647254127761,-0.476689681256829,1.28083068571396,0.945043871737169,-0.179306551782829,0.924500091927518,1.3501882429891,0.458319504346639,0.069987580110619,-0.0890388207472305,1.27478475158816,-0.547465990725372,-0.554566670702168,0.479545303074353,0.528793742192711,1.18961519705095,0.280929212409057,-0.205365500868931,0.586581926671753,-0.391255417673333,-0.499172484103732,-0.531969922378537,0.123182211902168,-0.305565173793236,-0.259171189689597,-0.460754784844336,0.334994702992573,0.764801105663349,0.266658258760738,-0.0134589583201992,-0.13855077651369,-0.218395712854852,-0.185085172930615,0.133989802482977,-1.05056357386247,-1.11232663850031,-0.196608734302266,-0.15395666936839,-0.700532643332812,0.109717842051842,-0.263856586968171,0.0643570145096195,0.0512290264023737,-0.424435792250241,0.360123941329451,-1.08136529377836
0.867349212828058,0.778696647944915,0.400470366206359,1.78112131651802,-0.694076244710566,-1.12318850157994,0.018135468024716,1.19538609512723,2.70829187529857,1.77621571739225,2.37582035009884,0.443094764009986,-0.734400555616205,-0.775489777521454,-1.66346795751745,-1.57390345886165,-0.97184165382143,-0.471569569404221,-1.46158330788891,-1.53462191045032,-0.931821240327073,-1.01090849452934,-0.974175671040291,-1.58187921966188,-0.944894345593045,-2.0408556783595,1.4661368193933,-1.04522386450401,-1.32504980291238,-1.76199164410954,-1.09858351234998,-0.534017268443425,-1.7539975318993,-1.43898153375079,-1.65116009116573,-1.25863520586672,1.24649548585851,-1.13736669785791,-0.296938213089444,-1.13154824793425,-1.99682430356908,-2.07172745997126,-1.25717315027289,-2.26428295101321,-0.997670630131617,-1.76904007571975,-1.80016608561663,-2.47676607523993,-1.33818960516523,-1.79762433783329,-2.3070122502657,1.69753764287583,-1.05043250375606,-2.1823169349871,0.55852472151438,1.21724773907377,1.6766876808865,1.05751562445638,-0.461422631427644,1.20303482795944,-0.717069263729546,-0.871587029859721,0.819209952554418,0.430948212432433,-0.283227550207287,0.201355043143856,-1.39256718598765,-1.19928355293434,-1.63026000643113,0.286705656848798,-0.944521150332923,-2.15745050464484,1.50665927919268,-0.00875072144929049,1.19196130007352,0.139828041240244,-0.463235566344483,0.936898678275653,1.2343426026755,-1.04579237900457,1.86428714947333,0.634673467780253,1.89850489978681,2.55869323408709,0.376879110613379,0.020948961071112,-1.15403702382503,-1.74511401603134,-0.783921674694099,-0.797491286782638,-1.31793507085889,-1.65086335165538,-0.555320935056585,-1.61022127467113,-1.1558337919344,-0.0625276941086061,-0.962827488715905,-0.996957183888963,-1.58629688107383,-2.02606386234775,0.214509732194695,0.395204488168016,-0.170733069833535,-0.491006026200744,2.29790167792175,1.33903417139888,1.86762100820565,2.98998535840157,0.586177692804305,1.99000055137106,1.99764715668322,0.199387603549644,2.36152461638033,1.70345339660231,0.884975962318275,2.40820097501064,2.7831671747829,1.38801837557201,2.05700823639717,-0.687536435792251,-1.77839613280864,1.37911652851638,2.11849452686422,1.35464130475245,1.4232158624936,0.808063710187464,0.27923174591922,0.974287055886041,2.24472241896133,-1.04060652550357,0.368539961404648,-0.00271488909085691,-2.08150337369399,-1.58428227380531,-0.992759104346817,-0.903675036718111,1.41261652263433,-1.80124449144984,2.67852056291486,0.503174513027764,1.23337294767482,0.679374488185368,-1.31141218857362,0.0813342472924628,-0.342712143364132,0.381941796987891,0.785801795697747,-1.2622649057749,-1.7729032912996,-0.420895844334349,-1.09050781017045,-1.17531926882953,0.876738327232555,0.281705573388675,-1.88300269004607,-2.22497764669181,-1.01466136739291,-0.42187827324355,-1.77673480571987,-0.603565067849497,-1.66949535962036,-2.32344745995518,-1.09470924936619,-1.59271340858417,-0.876593151946176,-0.986331505747748,-1.01182557138588,-0.39805450452457,-1.80130583626925,-0.0948991930658823,-0.132997587090098,-0.451474596049669,-1.6800512440387,-1.57402716045295,-0.922011873745027,-0.206825792983387,-0.77953234913025,-2.27100042906169,0.464296462253734,-0.338833907715496,0.80109383913067,0.245282570953699,-0.288045650831867,0.512637781514701,1.10529631663733,-1.76181629203929,-2.09015520061538,-0.0877338535167178,1.37138082051367,-0.893841735416837,-1.96274640043484,-0.95015604780051,-2.05889666895155,-1.04045745804034,-1.40399783561467,-1.00988219705867,0.966394803285603,-0.123560174877175,-1.15452553476417,1.03391646462181,-1.10389806287143,-1.09140589661858,-1.59854798957698,-1.08379885437544,-1.99803306201284,-1.32513633128661,0.321154675842404,1.00987822541653,0.202501884862648,1.66416286651924,0.304459436805536,-1.27332326904412,-1.80119977799697,1.41139059774945,-0.33025627609334,-0.117849386980419,-0.469023200208939,2.06033798316772,1.33815543558913,1.02034225964778,-0.34135792849008,1.76430889233644,-0.408655503134537,1.51627969758041,0.761126442386953,0.928501992465916,-0.1755657105406,1.29308102072685,1.58929853641634,0.359648576845412,1.63969519288352,1.41941435472523,1.70041475804702,-0.714776217829057,-1.25578975771627,-0.102095577407539,0.748818927307366,-0.854385160243005,1.44812873420052,0.521089866923678,2.74365895209493,1.01574720533174,-0.377635752412768,-2.04255927053999,-0.594762492564914,0.731070553717234,0.667318482497035,0.428166196361395,0.0971191647645376,0.603355269324015,-0.983563385873531,-0.844612705892527,0.0593861699393736,-0.728605772518279,-1.74554822445372,-1.90762720869903,-1.07812692085166,-1.16070428040615,-2.32975493745733,-1.4474172498605,-2.52741396799988,0.228894196836964,-1.20454824294735,-2.01850032412318
-0.632413213701208,0.117683539812221,0.747192238401385,1.26007045653125,0.556354258494246,-0.52238111075712,0.757827700960777,1.77124231958357,1.77791292315966,1.52089402394028,1.76548443851113,0.80695620518,-0.937177185290268,-0.211702495797446,-0.204574702940233,-0.370727967869463,-1.21414758877297,-0.780599270483466,-1.60878710968694,-0.7140939130312,-1.2349433676124,-1.39852997329732,-1.3466544216615,-1.26172935083503,-1.47106169122141,-0.56300028499473,2.34478069329111,-0.875420261321779,-1.22333259766591,-1.48587053767004,-1.19994941555679,-1.1944208174554,-1.20932237687416,-1.40825955241037,-1.25637741045273,-0.936410144380718,1.91002066359718,-0.940993342850776,-0.870641138075859,-1.01689901765484,-0.578844955593621,-0.364262907897874,0.386925653516998,-1.01079043532794,-0.75205464413792,0.371613579317151,-0.534971472894545,-0.747137931176312,-1.09196420540054,-1.43016386960736,-0.709471376270017,-0.910955614032515,-0.934903038213629,-0.494454344758593,-0.457332364962251,-0.0518901907854225,0.659188848160495,-0.845240341766468,-0.431188839039767,-0.543756224192215,-0.681450951241463,-1.24350874532482,-0.438992367440306,-0.453370693648926,-1.19216033690317,-0.870743940050658,-0.873443248356784,-1.17638452522833,-0.572884946389911,-0.90420444436418,0.336180079803946,-0.792405418163416,-0.428346873868107,0.71996761727341,-0.239544367241954,0.60589296652087,-1.31744369730091,0.563766792229593,1.20175777065665,0.0462626612295792,1.66722538135726,1.42170952821476,1.06469733175523,1.66590023919298,0.577260907043022,0.791520140330079,0.102477064096501,-0.501791935638551,0.121590641742606,-1.00141373282828,0.130948221935188,0.177298584945519,-0.612632816927294,-0.740891538999916,-0.994565662822966,0.324979782697014,-0.14918702268138,-0.0220300801249256,-0.477549000433344,-0.646134851920276,-0.235789140981369,-0.129911282842834,-0.0365924775214058,-0.445809222552412,1.13793505939985,1.21000388444676,-0.113248970551783,1.12418265899631,-0.302171786551291,1.40989207078116,1.05722948206913,-0.0585218399206755,0.0197185470381413,0.17890024045939,0.402129421203258,1.7006744198148,1.03481289818248,0.576479140747259,2.48238096949546,0.27570574088087,-0.607921962901344,-0.0770333696056193,1.36230223547817,-0.771311673311991,0.806713882423288,0.914354146480083,0.484696408068724,1.642886879314,1.34493390753057,0.582786694133495,-0.222320439618071,0.472944926102633,-0.845273609362445,-0.919078074974296,-0.772135288390893,-0.726048784669664,0.286229712469849,-0.56364940726481,1.78153795979458,0.140312726707877,1.0818737782421,0.286328481432948,-0.242737667139253,-1.28182357300562,-2.12615938214414,-1.67145665387181,-0.68716744769485,-1.72369069138662,-1.16135554400775,-0.931130738122887,-1.72194859943266,-2.03858632004994,-0.40348343534848,-0.715818193014,-1.03052834353787,-1.52879816255373,-0.285316217152221,-1.76176113577159,-0.743491323472727,-1.7724376689552,-0.605499606210687,-1.8122258544855,-0.969475764870182,-1.88584165967611,-0.191453682368474,-0.247693989069477,-0.977325441660671,-0.793744238419971,-1.93605863973359,-1.62079276299545,-1.5108032785251,-1.01781213605094,-0.528690669162836,-0.640093066896797,-0.508061785918942,-0.999803948129939,0.284636913925991,-1.28464799179392,0.872809070234223,0.492480570663454,1.52870220755749,1.06081947552789,-1.24820090610417,0.911289596043954,1.09211947064248,-0.777705151245077,-1.23359118447207,-0.845121175675456,0.919864546479244,-0.382802370105894,-0.775247820645223,-0.554656755465182,-0.442280020716341,0.0370906176383824,-0.219042719746951,-0.853993940615799,0.232959431385208,-0.666166326223359,-0.694171274625124,0.993826082219733,-1.21078897370499,-0.425923540197396,-0.918244285519428,-0.101426918033356,-0.282768622979069,0.048698002101418,1.00371807859046,-0.69085456732284,0.496787747606278,0.835474606783799,1.53270565698108,-1.01564742413764,-0.360037452512811,0.157802509912927,-0.483436181582309,-0.45760806585721,-0.640783800251656,1.20961266759947,0.717399997873629,0.241876614510594,-0.657561669287539,-0.633464201942342,-0.605552504583092,-0.883355570167098,-0.600503926439245,-1.32358642318465,-0.085367711010977,-0.279828270830093,-1.04974424577166,-0.0937619415357923,0.118285975765842,0.522729426041304,0.234558446803117,-0.323362846403418,-1.04825897735521,-0.868658609924713,-1.44746388804895,-0.399789310538624,1.08445170049193,-0.375517166444334,0.813876436734192,-0.461343626700152,-1.58837927171969,0.0389882559028697,0.477744316870838,-0.976664703622686,1.09717356927343,0.994711922076083,1.5257371255184,1.58195159595956,-1.29037637776239,-0.639458256991102,0.179714999068505,1.41973057209331,-1.14516000747145,-0.913967326726184,-1.14665491576703,-1.59811959735643,-0.987929448837095,-0.315156864274803,-1.03659922201048,-0.721317395574761,-1.35007920071871,-0.609495131641694
-0.0119643379600818,-0.134928641763658,1.19966921240957,0.427740290500636,1.21228968072009,-0.548825137113772,0.822409301485624,0.292629303606308,0.642355755184957,0.346549097667114,-0.0469198628330563,1.23102817741383,0.601201587529205,0.816360249127472,0.477393543321438,0.737143080312766,0.157269492902167,0.183712830945782,0.371005316782891,0.150097754847107,0.000543052748681997,-0.129691562531283,-0.498589782710052,0.0780735566060246,5.8266974309081e-06,-0.239639272482881,0.806923015329983,0.292954214312052,-0.0646138423203082,-0.683857338451283,0.232001008156927,0.012202610366279,-0.589552731473051,-0.707766133100591,-0.354764726818935,-0.0163527140851949,0.749801170138583,-1.1873058578186,0.512639433025162,0.356484848198863,0.159222880593961,-0.588302804118504,-1.45961309272724,-0.50248746646517,-0.190059780943431,0.0738235965737894,0.186818310428975,0.0430541445359253,0.0206694724690549,-0.314321047073343,0.0542534695186679,-1.59784994940733,-0.207518526321797,-0.518740187396374,-1.13555907565838,-0.903651802790813,-0.0908670348075187,-0.621156764953253,0.0352668114682954,-1.39026884730585,-0.395652083362084,-0.874669363768654,-0.112935432829743,-0.323524438651663,-0.870993361116938,-0.658790298029848,-0.155275091470792,-0.263593224937378,-0.142825780588456,-0.666213457642101,-1.30822284598887,0.14794737937685,0.0604754685527184,0.157353355383556,0.17183703419765,0.864063527917443,-1.31695706471525,0.621243833847586,0.331910113140888,0.264059223674009,0.0559162327703826,1.34689105734514,0.564437752444732,1.06086172931443,1.27512813927741,0.685182704635757,0.480489765311337,-0.0751474576409349,0.688558016695345,-0.753289151001121,-0.0648090723363358,0.907092848852607,-0.194188416842151,0.323574644061394,-0.549570934793499,1.14313547273736,0.0267116657762116,-0.091744358998125,-0.24592100438506,-0.145612476657558,-0.199703743617695,0.187005751126958,-0.159484956585565,-0.190389419052435,0.203673258727053,0.391271271786091,-0.482925122804115,0.476806010043749,0.101596633269117,0.528377305307129,-0.247608086678814,-0.0502537074762167,-0.235994228180457,-0.518537138743196,-0.569175525454723,1.00336839201005,0.500505957704252,0.370323151789389,1.19262193101022,-0.246125618880489,0.0672059004307863,0.152655407386715,0.0878376672707532,-0.249085407911159,-0.671270316478166,-0.355497837562904,0.363608270540777,1.6860382185341,0.625460363862716,1.13246317624334,-0.934837106360718,0.138000107447929,0.478385040990142,0.298042469783435,0.681228079208533,0.947906665992159,-0.430723764229246,-0.122538178209274,-0.0693924301946076,0.133644842982446,0.528633956980257,0.207718565371035,-0.260555748615614,-1.16797083380714,-1.02828586317679,-0.556654785415004,-1.42790881719856,-0.447897951719571,-0.674913781898069,-0.406469188985013,-0.930320245612812,-0.946237919181093,-0.28771364172745,-0.768946650238808,-0.0129901973464023,-0.0794067084589882,0.00154086080728241,-0.0299013135474568,0.210996258220682,-1.24666532492218,-0.767194696022759,-0.402279300906035,-0.212488122543653,-0.660685461786416,0.353011141398205,0.319859824397492,-0.555003366406857,-0.0626151655781875,-0.69389343983972,-0.20578719173109,-1.30491970288266,-0.625005541067583,0.19680214180197,0.302866787624766,-0.648222932284198,-0.709732051651788,1.34459773323975,0.067952715578988,0.0912156297632217,1.51038476980249,1.47167975158471,1.14394819005862,-0.0159006481158272,0.266184087324153,-0.199220313696378,-0.349118626793344,-0.146665123245125,-0.434084026039651,-0.197004813884545,0.941114879981062,-0.320801698967244,0.642416730898376,0.415159279465033,0.516534472328264,0.0960897550622603,0.360442116520072,-0.334801632282716,-0.0447536331117821,0.00420040680917661,-0.525684031676515,-0.290350022543335,0.067705877518306,0.614571997777694,0.895961656266128,-0.346972129564644,-0.179367532968071,-0.456726301189541,-0.39733250540907,-1.27846353002017,-1.40645393438816,0.0602356790575587,-0.0164425172880381,-0.197802156112288,-0.282624349249919,-0.355187095797709,-0.226391712856786,0.0245455986106088,0.165152447258707,0.261685599712419,0.0920638520014905,-0.178460629017652,0.215899197152798,-1.53382709570078,-1.00234058808518,-0.280894772526918,0.129228748374231,-0.483618972441578,-1.85130588393633,-1.11263804106797,0.45418744380967,-1.06081015214162,-0.16440500978292,-1.13387852071247,-2.43309707022279,-0.0479811771730473,-1.0208170942038,-1.09732703051297,-0.120819947489596,-0.372944592682124,0.0946549554129434,-0.0487686365131523,-0.836254422972379,-1.81573555056161,-0.880029428585057,0.0617819428319114,-1.42670812880538,0.914533113173008,0.992973309234075,1.62449003620707,1.24815647427832,0.222868030703167,-0.517759890770169,-0.470741174923396,0.682484122889322,-0.126151845823434,-0.247018221790344,-0.44997096844818,-0.323234977189052,-0.395224421106014,-0.0741550734681409,-0.0127205864614385,-0.67794193884344,-0.354595988183897,0.0277825418076608
0.444282641533351,-0.139448193661485,0.128938682699158,0.527784544033985,0.237118051205214,-0.663130039322771,1.32653685563996,0.330407237372452,0.216383501277274,-0.0659530261819735,0.0489025864498837,0.288591405523936,1.26124769801038,1.49742752890842,0.378601052346312,0.432826976979377,0.957886313409243,0.881464699165012,1.57946320754815,-0.733293706186273,0.442020109890608,0.859893311059444,0.894703025345988,0.864663150481824,0.736716446400263,-0.820010387768601,-0.294759807402232,0.828837272896112,-0.0500157487370142,0.335391444946281,0.93180507206893,0.959711687362943,-0.3499642777434,0.383907391633514,1.3968656082333,0.0577908534963321,-0.0642591851817753,0.553243569953156,1.2107449263459,1.04226849896772,-0.5757304972759,-1.05562869357217,-0.537290888682552,-0.711921088159263,-0.54815386920805,0.268694037580857,-0.121583975773948,-0.429440537494431,0.389666136558523,0.698710456516702,-0.128072728354874,-0.0412072650066364,0.863557599450304,0.303020520380061,-0.547199714673675,0.258306206766356,0.0937481644312385,0.000526456206179083,-0.715082190347422,-0.136677935055349,-0.210391817877148,0.0468749379636259,-0.163873287542186,-0.217952631297565,-0.567737818793485,-0.101751631443303,0.264251914514173,0.0609846682140225,0.0855872910519218,-0.419264223884286,-0.170582499377059,0.334157177574338,-1.1486363570474,-0.908357479611334,-0.0435090341210981,0.568392172223618,-0.107368198691878,0.331468288455678,0.0654570461010436,0.341837051954343,0.221855553911472,0.356460365554089,0.888856462203952,0.868230265422131,-1.13282151868509,-0.274070290833997,0.429145351414546,0.478888504691891,1.52249709239978,-0.0321485836511084,0.386932961469633,0.680771447618814,0.900626936643295,0.578072012855765,-0.379944322252248,0.666633113533621,0.179429005737503,-0.270118886345491,0.085035101183824,-0.453236038869707,-0.115781822808393,0.292864998684203,-0.79424468021924,-0.577520883744541,0.421812912251321,0.456506049727782,0.478617829790149,0.96905138445934,0.139313956972424,1.1962878796827,0.918978151027258,-0.562128583758154,0.184682486614016,0.0141407963712394,-0.195860527441814,0.429144732577043,0.999480488061746,0.852098102800602,1.24933979470167,0.573042613763722,0.265684843721645,-0.229544182431516,0.706017352992778,0.161655471002228,0.59361688879255,0.68591562691145,-0.148211506718183,0.597992923990544,0.181101553735406,0.73455997574273,-0.134307884076621,-0.514974083275814,0.362454238447553,1.41970655492353,1.49671117491983,1.73114428450296,-0.557544048542566,0.643467725798699,0.837637339615621,0.132634693777505,0.538464687484988,0.631814613446459,1.03628852028529,0.304043821832887,0.272232028462941,0.533364577010253,0.200264933347085,0.203114037145852,-0.451294585461337,0.50656736707053,0.377923772854992,0.44646323260091,-0.239180241952286,-0.236723851186303,0.511662911363876,0.607737510538641,0.896689297634199,0.642570752847906,0.480571339541331,-0.112789585670992,-0.205204077358215,0.23384637628391,0.935049479121508,-0.531759420760961,1.03332096828545,0.579759019475497,0.77196417729824,1.21043865452705,-0.131555093174446,0.460109739186208,-0.0761810782557926,0.502036634341481,0.697357029188804,-0.188178453437975,0.0287038863522524,-1.43674378000914,0.532302071797864,0.480131333508591,0.583872799182072,0.446450442485843,-0.177266130879014,0.149630623760647,0.959906290932069,0.50506106886243,0.636420467606178,-0.361994407112545,-0.835206235675752,-0.108723846557747,0.487158845098687,0.609963733665872,0.0416855523748328,0.717342323522655,0.343560938715371,0.403735849553943,0.29438157221359,0.756142756980489,0.249200373897156,0.21286690927258,0.609448183525454,1.0644459622666,-0.474826368904557,0.0245333909769288,0.457871460545658,0.329971510070188,-0.291022946713527,0.0913511709392444,-0.581576107589609,-0.573041154181536,-0.192842283480289,-0.255014177507168,-1.62422009618294,-0.475568654580253,0.231482968050228,-0.259814563203815,-0.427331685190876,-0.454407432087952,-0.278577655395035,0.437790264765475,0.372351247008548,0.323753255418753,0.513371933136141,-0.227390386871591,-0.020507568545329,-0.221642290820637,0.178168565424492,-0.120634691515613,-0.772334232062119,-0.322878149849797,-1.17555361035234,-0.613327787192288,-0.534700965192034,0.316983309483997,-0.738034270211663,-0.183750563399443,0.191164570996071,-0.7931986063353,-0.541071756872689,-0.107148441673428,0.103453016461188,0.215436363995002,0.343797621274371,-0.583334427313707,-0.100461608758744,-0.354737522922989,-0.233393220453964,0.252865464778497,0.463558413267199,0.339336620210146,0.75414650027689,0.582499911363422,1.05927063934789,-0.402862450580979,0.0473416255934208,1.4814755773777,-0.114075138547749,-0.00908629228912206,0.12805559819326,0.732110313212524,0.0877844452736384,0.221947508883947,-0.0115760710914068,-0.528340468986823,0.380391865989145,0.2419018625401
1.62646553624375,-0.418665776598186,1.3106085220107,0.129168541607504,1.15843032628962,0.582630408491977,0.373411829455,0.0835677799132608,-0.418121083253326,-0.237392646555779,-0.720524907451976,0.0471303411029566,0.155204082516661,0.482188578520609,0.103162164252085,0.842748666053961,0.814761566642507,0.0543473501205522,-0.142764083289295,-0.638257968806924,-0.808384889802148,-0.247400629232285,-0.217875336252654,0.569052919509688,-0.274243767824247,-0.547800055821366,-0.268705337179796,0.044659465533262,-0.726050347637175,-0.325611319184096,-0.0578149156078994,-0.284147205889807,-0.951774355025985,0.351856082333242,0.498712089737392,-0.460716054960878,-0.686475610685914,0.1704032505897,0.979985382867748,1.27366404111719,-0.449345422862289,-0.107468355454061,-0.875813044619416,-0.384174892729168,1.10836925673793,-0.0204686583581678,0.839433966048644,-0.370181878553004,0.134883943636047,-0.101588853719341,0.515668411886899,0.720941753971079,0.063439133048672,1.12309171507092,0.666884317014833,0.286211860951685,-1.22870697321258,0.326307081978422,-0.356914522542655,0.316604062685479,0.24268206076637,0.265814560766096,-0.187547302142887,1.03940181568253,0.823677213496438,1.07910328918027,0.228045629343032,1.06469228062635,0.889968285784644,0.927930248286155,0.678165050511688,-0.0490499426105176,0.0466600302457693,-0.625026014271254,-0.261184174291527,-0.317768451439337,1.39948409667939,0.505076299424452,0.410024940339148,-0.214008405279757,0.822660546033258,1.18699561670188,0.028955020796689,0.0240517814507006,-1.53662054774158,0.0519322845709447,-0.450754391972024,0.299254501077089,0.709899307932748,0.430018738028556,0.788889045105212,0.216501047765142,0.81924432065979,-0.206227087835989,0.193993383064279,-0.0458147183530892,-0.045003310196004,0.19348179653321,0.131641318663782,-0.066505680622438,-0.606697270804099,0.374304256708739,-0.4240884866634,-0.209785224968181,0.00111139918375981,-0.115786956928064,-0.582270727599554,-0.254326892825238,-0.252377754753737,-0.290175110089205,-0.196423598146397,-0.583077808188914,0.0459037794636774,-0.466428381456943,-0.336242512107525,-0.227577256519181,-0.0982661224976077,1.54886044632433,0.681819393812615,0.582774038851424,0.321266902686844,-0.271675906376707,-0.633820192062383,0.226135668241218,-0.270411116522704,-0.0462294276232186,-0.485002755065631,0.843164576673591,0.0613090589996625,0.258877105598854,1.05194447814157,-0.382585526991583,0.3342881153924,0.774162825786855,1.6700935164037,0.611815440949639,-2.47197073420908,-0.214650726090286,-0.445248283697754,0.0709877137269227,0.151582884965396,0.81064123708933,1.20176767493926,0.934269000557448,1.17747847237122,0.916266883414214,0.893245774418182,0.975210588324665,0.397879979993135,1.03705864410711,1.62624461914584,0.988435770812431,-0.296251457090412,-0.250297904509928,0.310422028787744,0.155260679166145,0.359551497484814,1.33698511485885,0.742098096302376,0.937594937964246,0.822580657959984,0.350616186707994,0.99741054506865,0.725622373725099,0.466047242071373,1.03503154121875,1.24149833414706,1.75991542544072,0.180979886194215,1.13115945481964,0.94376041709263,0.736579581137077,0.910386723842002,-0.963869433138234,-0.591676441710997,-0.973319103666635,0.484987634119851,-0.382414251923672,0.371866965647285,1.67006655147389,0.938569319805462,1.3056838977401,1.18608504233753,-0.550095293273171,-0.154656982185384,-0.118181143219053,-0.269446870788722,-0.527650622292648,-0.0998320630051826,-0.105142223992454,-0.0195884294501084,0.137783229834268,0.267999840032657,-0.361817827691089,0.263078053236745,0.334464753617241,-0.672722169463409,-0.601129502553217,0.333952505328242,-0.196981746984653,-0.0148005263764011,0.0219183019236251,0.216255833588578,-0.345938344023715,-0.564797684968859,0.305920557860556,-1.08768927263422,-0.865452582033512,-0.312230161377269,-0.44106504721492,-2.00313873175667,0.642792773134163,0.234240289630215,-0.684464782316026,-0.0272584137853159,-0.194802592813524,-0.140725825557942,-0.145582161255002,-0.212616415724401,-0.248848237815057,0.265508154729785,-0.687137443362338,0.468840877413012,-0.0901490414444955,0.404277369289153,-0.198104279134334,-1.74441944657008,-0.906256611903842,-0.969817194131758,-1.12979584806445,-0.676255703025706,-0.376309107436472,-1.36451961496412,-0.555824131061118,0.378939089110258,0.611163579122014,0.748847003541281,0.342848923386686,-0.45052792847889,0.528095377576987,-0.604664456441485,-0.75051128087212,0.625894189221856,-0.171225237742398,-0.419374182842462,0.0863550174051,0.984068116646478,1.06990534852704,1.28598762740768,1.39623688933778,0.338379492061644,0.568325833816739,-0.0493231554622533,0.441485750916977,-0.445690242705355,-0.618582528028085,0.836088022299861,-0.347085315465021,-0.167310660233869,0.728687073298227,-0.185534703100183,0.0934792030217408,-0.46762188919599,-0.00103529172579796
0.588427208725935,-0.398671537414481,0.948078379868352,0.171737199317496,1.5548493127664,0.323136558762496,-0.728335634089226,-0.612590524213908,-0.529381431797374,0.343177992257016,0.190991112242174,0.271258456444138,-0.311449724848118,0.237826576211395,-0.279561467783151,-0.535290746703533,0.529426170564802,-0.673039785862385,-0.239922800587712,0.0430953013464451,-0.840767000918543,-0.864073053907018,-0.471191337374772,-0.176450104077246,-0.429549849759161,-0.577076143233232,-0.315460631823348,0.210266155389335,-0.452936825925105,-0.358972721869192,0.109496308295761,-0.612363386062867,-0.387017820472433,-0.24584475551576,0.255983191765967,-0.427863525363639,-0.258104032131041,-0.510057240122376,0.29210892858722,0.350667476989217,-0.345877303152421,0.385466015584093,0.835928775431428,0.101201714374817,0.769993796169821,0.303132724186874,-0.0767398845667097,-0.267089587636658,-0.251445772730472,-0.656569899013951,-0.363689045579666,0.633054545883984,-0.201556316264748,-0.247543984531049,0.883964688606419,0.676136445884598,-0.323344817538655,0.216687190772765,-0.0920183232713731,0.793834648279882,0.39545735038854,0.399701732042492,0.252779703134709,0.849983614320258,1.01575807876826,1.39981709866718,0.884683176761265,0.740080374609748,0.976687341431807,1.20477260235715,1.52071526881439,0.297726227500059,0.674590489252518,-0.189768523776777,0.499735350898322,0.795779069638125,1.6187905034491,0.459211000400357,0.068603498309174,-0.603631423785472,-0.682553061784384,-0.17260536930452,-0.527621595360694,-0.610634002169672,-1.18897018332246,-0.575619963234304,0.0948799445077392,0.240066207525905,0.14716446245991,0.781485717372154,0.674100322740591,-0.285252220118198,1.31165897819524,-0.0571963340667645,0.839779529805647,-0.888595556235635,0.0407568053336267,-0.0727012391543134,0.0580905707788915,-0.113442394797107,-0.697455267317579,-0.430546834578218,-0.445988114436159,-0.299666781215067,-0.972054702476489,-0.596365586341601,-1.02373794327104,-1.20573995325809,-0.117313354846921,-0.689753432927042,-1.75068819551722,-0.420630490332567,-1.00068194068086,-0.548153198783506,-1.54620185991889,0.0193595577240478,-0.480341748940169,0.821037982988298,0.485715494500432,1.08820188843502,-0.199904472497344,-0.9806928874376,0.230005117514213,0.347224412464977,-0.638889569352221,-0.721597922728748,0.482110064238512,0.0289999110035448,-0.00364882903543085,-0.210104917375573,1.14915298782188,-0.655150659545146,0.423448193594552,-0.0331095478203143,0.7610331170507,0.0623384097567541,-1.23119641195935,-0.0454179475611644,0.366456208679063,-0.00199297463883057,0.0269210759836984,0.448642795247556,1.36505181812051,0.968884251979588,1.10360311832754,1.23619852930862,0.515907925731155,1.38963286889347,0.137301058193851,1.49191265631323,1.89238098159415,1.47055873261191,-0.303010822315271,0.165706348686151,-0.0163020897370754,0.0293852112020917,0.047715935151257,0.716995169809407,0.516507214878356,1.84688772357845,1.77525179595114,0.0462225952249345,0.746912595862949,1.06402357665999,0.2207088640349,0.347686442277633,0.7292487934219,1.66435558706594,-0.208783541303739,1.14665208391548,1.57744639342307,1.34851577575217,0.402429231068056,0.0922122399099308,0.620876171041463,0.409360265825105,-0.335549169531567,-0.248396778318961,1.43997184761804,0.872671126589129,-0.234472764328745,0.722652518234899,1.76808576637174,0.503394130202917,0.179686479782039,0.669338894184269,0.93933731063846,-0.127931484700303,-1.04331194793762,-0.459940032240965,0.136031897378131,-0.813897214959162,-0.312408314213791,-1.04894298821592,-0.299328538071426,1.88151327940087,-1.00084718157387,-0.598319586173596,-0.464200889880144,-1.86430803284777,0.717172641745093,0.282051953972775,-0.302663225629944,-0.561131271781015,-0.308499021852014,0.558064823069648,0.112674814516973,-0.282852341922656,0.249323248029221,-0.455229102225033,-1.59871401827511,0.101464398056752,0.0466396590365817,-0.584302367377447,-0.165968178711946,-0.0350225566677335,-0.0112757899245571,-1.25096953101401,-1.23656238526548,-0.53336736478017,0.93620304325337,0.467233382479351,0.680895236825359,1.5755969279341,0.51875502832611,1.21143268963204,-1.10797661957527,0.711400515021626,-0.27921639330946,-0.969045692111381,-0.448086649859976,-1.05081592041799,-0.0124576433664049,0.963752563765207,0.429892994752965,1.07572123256317,1.30311163389547,0.507854163636506,0.311953213304989,1.05298978269804,0.244668072400454,-0.371031256703683,1.57666579292805,0.0257363050796859,0.322935233669502,-0.17005999697613,0.613278861610649,0.623351526027901,0.750440061722708,0.39228191729489,0.0101724564232554,0.823667481540154,0.496535306134957,0.19101544390736,-0.690140390911962,-0.732939793850668,0.587411947738386,-0.309919035433594,-0.465955099349833,0.0433535035192759,0.272591805344582,0.754382013550007,-0.877486909887166,0.0738003907476152
-1.11059860278063,-1.02064352333167,0.077856647466603,-0.451574424790066,0.0639634435216267,0.569321678931146,-1.35574181904828,-0.284314598976045,-0.951720655464571,-0.446166928238742,-1.22375940958189,0.0449227613971872,-0.448495069263355,-0.567252305718799,-0.308301193402141,-0.627135798097523,-0.0199431351864162,-0.783655386853055,-0.118045237538824,-0.379622223366128,-0.0339321179383389,-0.600779870174455,-0.350269351642757,-0.811649891547055,-0.298610853910765,0.524325445335879,-0.753882877085844,-0.884723779106546,0.730986129701746,0.259322204182785,0.600253770546419,-0.67308043011995,-0.202510590536835,0.286641730077276,0.15213364900673,0.402016641619351,-1.13863455061854,0.147401991809168,-0.515748804684122,-0.265048759512358,0.366952142708954,0.875381424561521,1.26114888968294,1.18787976385272,0.330696033222264,0.859816986776474,0.0800403668779323,0.0317809244542768,-0.0951694660306049,-0.0131863213388592,-0.593976257990746,0.0678492156175701,0.358628092152213,0.147014359127637,1.06351272168161,0.230746186964823,-0.30322692508578,0.206176334869726,0.254276598609768,1.36884427805241,2.24494464022637,1.08937586961456,1.18462605014382,0.712463225922273,0.198791239367516,1.48850394793727,0.740916876352882,1.01081873025948,0.446175430130723,0.777965216055412,1.62322229433026,0.346465305476968,1.59356542958323,-0.233558208854781,-0.178828734706079,0.574232973297315,1.45626109608002,0.246570437951715,-1.10383863921391,-0.138690025944381,-1.55606653203708,-0.577677465277276,-1.59216598251451,-1.27491396636051,-0.366103507256476,-0.0820778986700634,0.334425362860242,-0.29320576214262,-0.848911634520678,0.506894347100523,1.04642402644515,-0.407738255534765,-0.673590514472637,0.345497122900535,0.705166642517754,-0.329161408546471,0.129481339539173,0.469247758698388,0.513933275881505,0.491808804858714,-0.283625911767881,-0.184104232786679,0.252433449263565,0.526356764019527,-0.405152988420418,-0.290665008299086,-0.745594993175245,-1.03295002058107,-0.345216674852204,-0.675052400619953,-0.784762560306309,0.0512210949545446,0.288713319003646,-0.0792410841258146,-0.065505186042032,-0.410138350061351,-1.22000042338624,0.139331112293424,-1.01728669631291,0.44215067582046,0.923626976014043,0.484391886236746,0.0956371945890267,-0.137980418067637,0.522497036396693,-0.445288168947519,0.171412856379489,-0.410822076212108,-0.777121276099433,-1.08141747906501,1.35100785456539,0.531179578151138,0.552782852470504,0.854268789695096,-0.92474446496819,-0.474249342285553,-0.815957471530192,0.876050630702295,0.494574375186474,-0.801777535903915,-1.19984827351551,-0.698958991850598,1.70003376595442,0.0105734095270958,0.811092991780706,0.32416109069863,-0.432944713117175,1.07295821404307,-0.164109015170109,0.728325643427048,0.530274321340813,0.743512236947382,-0.812913013912186,-0.387051327572766,-0.225797396266444,0.869339103556814,0.909190590438774,0.557683190334108,0.811968802653274,1.750638273195,0.865417779723035,1.13520875938841,-0.599228119985101,0.873809055401516,0.110415732462996,0.777475584074031,-0.343377498827001,0.178372383557839,0.272038096602574,0.46955573829933,0.742612305317492,0.982953462317675,-0.440689907927951,0.573784590855384,1.56071783790326,1.5758111529154,-0.702428601627806,0.625423166563985,0.395458165465241,-0.308202145513283,-0.364482229109035,0.118477957313673,0.868644724419111,0.177197283343379,0.826305160545156,1.14833282964339,1.85472202781429,0.837058622125495,1.052566324676,-0.154595802194123,-0.176524455637451,0.257907619561736,0.696510581028212,0.410367312570809,0.365899992093565,0.0422175080156516,-0.885943776145391,-0.070765355019698,0.252609476626939,0.433064885526481,1.20229555565014,0.24704194169857,-0.756733092970231,0.130532230752187,0.230778700039347,0.506796656472885,1.08832134405366,0.218262051848965,1.34447862495192,1.31233399271089,0.774018612506582,0.490330873399442,0.296465512870011,0.318446092777634,0.769615874042869,0.394557920396892,-0.00359941115008302,0.358769254055897,0.360745333391694,0.208704516743489,-0.0952375872451951,0.351860597674402,1.29885235815945,1.72803641238976,1.91031740089911,0.527740521244654,-0.859916861001574,1.09264495606567,0.659631254248844,0.160780269633831,1.38847402803359,-0.272561484526385,0.79855916413049,1.76246485586881,0.46625019324681,1.26994020719582,0.782976597264928,2.31278898558987,-0.0829636844448442,1.65014885093445,1.03800699371632,-0.829048485947959,0.337146857135781,0.917348964553512,1.56579848277145,-0.447357913663005,-0.482863608899041,-0.321196281772899,-0.564289154471224,-0.644119385635255,0.158776343934403,1.41124026857673,0.85765664739205,0.381177916604171,0.69024402814861,0.262652341406877,1.94594740808455,0.277501836546635,0.112337313068367,1.25737645192862,0.120618106879627,1.45112385938618,-0.550951448302204,-0.283396878304975
-0.593851779611238,1.01438220670726,0.375873407771381,0.366138953826806,0.820108715581034,1.16356082468369,-1.33052037183784,-0.673829137155279,-0.198374856673927,0.0212915677455345,-0.119673898870833,1.15546968800209,-1.72380978987966,-0.863300248695848,-1.19165903458138,-1.00386107528747,-1.47802469749422,-1.47897568935549,-1.44771934675633,-0.537903478407362,-1.32024050762016,-1.56735799974534,-0.979190269419444,-1.16894247224857,-1.57896713020145,-0.435533459349727,0.367779030661241,-1.80623435496479,-1.00593818092567,-0.563359287046865,-1.29770733663246,-1.1947140563049,0.358541404571579,-1.78217972375877,-1.29949180093319,-1.02033735241742,-0.0833503805219875,-1.1221435353905,-1.82377666243941,-1.16605503284991,-0.360558524817545,0.180036923473628,0.0753167706400122,0.493286684156775,-0.511121779655943,0.795330222288311,-0.985602837988792,-0.706145841831854,-1.76719188313546,-1.16855740413714,-0.74755240376787,-0.917702219158349,-1.56745545745284,-0.753625195616854,-0.837811061221985,-0.301018672990113,-0.266618541073166,-0.23668550312594,1.17373887569618,0.0569427069487533,0.704257550120786,0.927244322121145,1.59594013151223,0.272634055860868,1.60240572550586,0.299961723624277,0.834380602385621,-0.0208541452317263,-0.31691670670068,-0.494916727700031,1.15157523050556,-0.459447539935691,1.71314120976223,-0.21811829421697,0.55684551763307,0.480832878273178,1.07388725927656,1.14864647741721,-0.214040601059589,-1.03360324678602,-0.475299536555,0.261140327057831,-1.46419306859648,-0.917529683332313,0.0653205765686215,-0.595170307937901,-0.277918876780808,-0.543693049725206,-1.46216021065914,0.24086931689123,-0.476053700754535,-0.771791516929465,0.319540007574984,-0.207412189963683,0.259595768599565,-2.18784681677294,-0.117402065852813,0.0169708212742917,0.226131772745677,-0.0871790076163179,0.651747032394972,0.43914944118963,0.437256093589696,0.287046676127432,-0.45163451554233,-0.512948544123962,-0.946183619377609,-0.710015979527602,-1.07784461956486,-0.990506524661515,-0.69414079959641,1.22268834595648,0.613078326481236,-0.234712244461628,-0.273045352161964,-0.0776588065838262,-0.825991194859558,-0.971142003133302,-0.409481282723657,-0.549801622591673,-0.632553516971206,1.24186404035853,0.527900011255796,-0.510747119280017,-0.067437465306983,-0.880787106039867,0.676296460405244,-0.0761818698125064,-0.397502142193242,-0.97934338841883,-0.104220686489925,0.638985651872814,0.171009279802137,0.139469597142983,-1.19578456867404,-1.16423756578382,0.0755444909186246,-1.06129978407063,0.996566267854134,0.545698393528999,0.00733625503671031,0.0295526422653557,-0.222543956995942,0.571228053331888,0.716677464110048,0.326398783421435,0.859199565281102,0.855156955656945,0.287315229972678,0.190642667731017,-0.0550043748405247,0.941524034401485,1.4589574195757,1.61703153894427,-0.399526950812987,-0.600632364853307,-0.0613761097343737,0.37734291784572,0.270482944253026,0.220995357295023,-0.438919031826807,0.0526327836845737,-0.347011529995953,1.33270805434613,0.998544627365689,0.0255239328525127,0.0115467151168417,0.222834134611118,0.446391879178565,-0.0389659818633116,-0.328018199241769,0.081269952563521,-0.565804362292512,0.263069971991709,1.96527235242239,1.5993123492276,-0.853520057895345,-0.493881144199417,0.844592187153274,0.957207032492662,0.098691339789469,0.528160282134659,-0.40650100611048,1.29450898651534,0.792332486584197,0.59383123751594,1.18418155332767,-0.115294717033118,0.492811494722371,-0.97152332308829,0.670666548431485,-1.01473085275763,-0.344719978604852,-0.651780295204383,-0.0960029114149746,-0.066079998276278,-1.46961302457854,-0.476035203932786,-0.84136049961975,-0.278042994642012,0.881692505144404,0.563418050062376,-0.996315277136146,-1.40738192505872,-0.136373804007873,0.748046587384609,-0.516467171360025,-0.101963310935238,0.262310818934411,1.58591519946531,0.304396468604625,0.545704191099224,0.0567459665413256,-0.540288113758566,1.56864124576731,0.951867989799317,-0.491063606391225,-0.397509585937013,0.046935575500774,-0.74221214114381,-0.0147636069967924,0.594955509093556,0.242240987335933,0.757256780471881,-0.268257575752499,1.54694298461063,-0.79671779336272,1.2412220215917,0.0473418403782631,-0.57839248073464,0.621225435747033,-1.40787859877149,1.87811023248169,0.0104178817789243,0.676578886815369,2.59978114261196,1.81880608858419,1.86789303568158,-0.549889775603021,2.7343112693486,0.713986910454615,-0.180197999133581,0.0380543248671283,-0.180791928507444,0.899055049941242,-0.0267582736770183,0.361337067538209,0.436799957691189,-0.0828877437418298,-0.302752100682386,-0.937123938638101,2.23853838165188,0.424054292088419,-0.58558867469661,-0.948565759574454,-0.403528216179877,-0.589297457845788,-1.01485496685314,0.395139865063279,0.578917005169217,-0.0242775220278201,-0.279089713051248,-1.22428383680193,-0.425327674418184
-0.85267431595214,-0.0373769997718885,1.50327890648119,1.46054048277329,1.84376319960369,0.336828636105994,-0.810499996373934,1.05849528122027,0.675214774412786,0.905381361305467,0.616407479646754,1.46460939685085,-0.728248121837287,1.58226482550225,-1.061157530863,-0.99032303558522,-0.723836954453786,-0.126970653212815,-0.871669987147186,-0.737582714638559,-0.829769376942331,-0.754339113834934,-0.878112938365644,-1.14192644261069,-0.982949006483293,-0.603545080255171,-0.415198680065641,-0.648457336846535,-0.586305949945594,-1.09077851980912,-0.955123571360484,-0.654668511318396,-0.801970305545662,-1.09679565486236,-0.834280460565101,-0.745633914203821,-0.692731959401826,-1.15783382875418,-0.126747599635937,-0.996980257890153,-1.0751415284261,-0.839418893436221,0.476274401207446,-0.641237176970129,-0.502003210978947,-0.398547572294641,-0.704728465200865,-0.0313664488897431,-0.890481621265951,-1.3795945292619,-0.654151661963565,0.246427449615668,-0.878246532054328,-0.799881217943748,-1.04973179957666,-0.584872648766613,0.158002201113205,0.13452040578101,-1.06203936098115,-0.146596475783192,-0.908484249424165,-0.500071042605362,-0.236688735847661,-0.597160488612492,0.194171177687805,-0.0163871177991766,0.987734046257458,-0.0388849000833326,0.534867651701081,-0.76306526958583,-0.725952733853624,0.707108647358799,-1.16918547219766,-0.0301321139760123,0.605267719422851,1.46385884960871,-0.465775797078541,1.35122101135624,-0.616815849388744,-0.384492309588491,0.529434767875376,0.983850682205231,-0.992023679104722,0.328109257629988,0.0422213887745278,-0.313019539331247,0.0816256668722223,-0.908138335708463,-0.252750122311476,-0.569503512527098,-0.813878060224421,-1.60620906128172,0.407232195199258,-1.17424219994558,0.0061885083382838,-0.33496778506046,-1.02617373058428,-0.929913531985299,-1.01221014858835,-1.12788800432803,-1.0955223356944,-0.816503591669265,-1.76020496329247,-1.8640708561096,-0.938399936696549,-1.47063929811142,-0.0552912726318032,0.403575863353526,0.122091042489202,0.472143024090179,-0.713598693137855,-0.98353732284775,-0.774609149349638,0.0562347243779096,-1.03154191020482,0.760043872122548,0.576376966830524,-0.13765744299154,-0.088285060370863,-0.612560797679185,-0.971526092888322,-0.0287755517044489,1.26158189819193,1.00203264018844,0.167276335704996,0.408289220029384,0.437983742513919,0.791605988297276,1.05068923207509,-0.635980492230119,0.99722566986896,-0.0784580106106827,-1.00140197561652,-0.118432557861884,-0.33062923995216,-1.20245974208832,0.193432119013508,-1.1073726679451,1.55553404738516,-0.828498150561994,-0.0199450246357689,0.445455339123856,0.112434646979079,0.320498907121142,-0.0754415514485073,0.300738649826621,1.43967605375027,0.290930648596026,-0.693602858403778,0.44888495965502,0.260713943169009,0.851110454642864,0.578878364286936,0.582953751808793,-0.990736205033893,-0.838318370512944,-0.697148910875055,-0.866222938887248,-0.856066119679743,-0.258788830555673,0.480973236344047,-0.549822863441092,-0.83038642458446,-0.200909212308744,0.13052651453675,-0.318709086049508,-0.563177690564779,-1.38431386601946,-1.13863898569206,0.75195880008237,-1.26519102607285,0.436491542282505,-1.739178408807,0.798314533206388,0.542304218729822,-1.13099364412799,-0.875129199462156,-1.37596537681851,1.25721774317064,2.23036847555027,1.78641541429865,1.51460550996964,-0.15906621244705,0.823002547419497,1.29614873712305,-1.00915198186835,0.0371210753481002,-0.907672576055458,-0.24872167078025,-0.411989363387554,-0.683564056891573,-0.898525433984186,-0.60417480614516,-0.766596820192325,-0.72389578984291,0.424838207516115,-0.839688439153614,-0.0835150854936536,-0.402366463433952,-0.142935360681475,-0.60709699061167,-0.585855538937981,-0.926730515188399,-0.570480825243305,-0.172133576251714,1.48183625860741,-0.00799398917328047,0.471054505720027,-0.932251190700898,0.563479397235499,-0.444322955326178,-0.448589830912135,-0.979834310201186,-0.270830858840515,-0.803039337976433,-1.13933151542695,-1.06999141665524,-0.111788920665801,0.0187480349075635,-1.15079794029731,0.484160715296471,0.208119362717416,-1.00115291564952,0.368413068108998,-0.360118762896108,0.539556059425918,1.00525797792389,1.03120612389901,1.80995521944977,0.0394664493571233,0.628953921549621,0.742486011556664,2.26792877842408,1.6950567381876,-0.127407442806259,0.662847729994739,0.33313142872551,-1.25537571781679,0.524411353820238,1.00781174064083,0.17871508166647,-0.1969247191428,-0.423125511456038,-0.459940474637406,0.485329735745672,0.237190051532064,1.14944019474881,1.0483586747973,0.744206728114028,1.02141513156408,-0.671066011995251,0.817207428012782,0.668781903814779,-0.917005540814733,-0.752334681658614,-1.09304584355262,-0.254502932303831,-0.628544275342828,-1.01403026001374,0.315771177242796,-0.418794080963031,0.884829442450132,-0.642236065180139,-0.612854490198721
-0.368469738514182,0.860056626602373,1.26255774558229,0.659742435773595,1.59893566001818,0.310927979375521,-0.675904710027815,-0.0343555795920917,0.209865900723892,0.615838622041724,0.511505245170728,1.86207048189622,-0.650337886921101,-1.73752977779617,0.131300381036441,0.087543952427882,-0.811858823582347,-0.257375322082357,-0.552323948963407,-0.271311627997094,-0.518633869977792,-0.421588023362867,-1.03334856303595,-1.04969804247006,-0.705664933365317,0.0746101128838358,0.280732381505495,-0.284948308044746,-0.188120287663384,-0.360564666850749,-0.966204178576821,-0.713351508668672,-0.207589162343363,-0.568784313745659,-1.01449227274051,-0.128276572445535,0.268858418801781,-0.675371685390554,-0.34129392071591,-0.516020272305576,0.324810312982798,-0.0342309167769104,0.304099720880313,0.49563176922939,-0.77435571713768,-0.592309009763203,-0.398024614765193,-0.0554377776001298,-0.787206061020367,-0.804728108810726,-0.151638134926294,-0.521794954273255,-0.937455304573806,-0.280438663398065,-0.136712022739858,-0.528745316096893,0.0781482545149753,-0.621118629715051,0.252723754646285,-0.493910153083311,-0.100789427792398,0.185562600573002,1.15368424866859,-0.157210254346074,0.292029705184589,-0.80217253010827,-1.36736833246029,-0.688092661101432,-1.31807186421694,-0.161880556196659,0.224471161440025,-0.449073966207359,0.69817666165695,0.607951632779047,0.642344494706808,1.20652282963599,-0.734695222637957,1.52372173608171,0.394162905785265,0.372065563451318,0.273059103757954,1.71525516185566,-0.564321122231355,0.180456700751096,0.649028385823135,0.446206663277792,0.853989965453287,-0.452645750336545,0.111899849219713,-0.384420950536441,-1.38314250034202,-0.0607192886278682,0.305778939129809,-0.240381816523729,0.808816714853874,-0.0164430851068703,0.356267487327259,0.531399952967705,0.339466748575345,0.376065954020482,-0.0634551451450381,-0.111565393512738,-0.848792667826257,-0.85692673782671,-1.13469601054401,-1.28552334670099,-0.549859453837612,0.330344659177599,-0.742373570333044,-0.155979828766269,-0.647747728441799,-0.395242473111949,-0.994208009444043,-1.28795597704651,-1.43658738492544,0.478617839164696,-0.760744724633255,-1.50877297345588,0.675955355241458,-0.307493080387382,-0.146421587081242,-0.0005535588358958,0.234148945192133,0.513160826331745,-0.508308830358021,-0.0237332148195487,0.547932513331593,1.24978871780089,-0.0255327398020379,0.174535847826762,-0.840104956621795,0.159567963290995,-0.0118632879565423,0.104155488455917,0.0952192445672849,-0.302627838223779,-0.246549256775589,-1.25385979968067,0.632826974197218,0.294502614293664,0.835610682766925,0.305930820935701,-0.419342889775567,0.599293329914799,0.719521484654291,0.574159080272274,0.935043693591691,-1.21354090545231,0.216400064399441,-0.431579497108265,-1.15107927284433,-0.156466276454951,0.662333724997673,1.07483727757864,-0.359718233070386,-0.520101707021844,0.124013518671334,-1.41268794315349,0.189951533828093,-1.20373624417351,0.154916101521207,-0.370855272488051,-0.0506251913822932,-0.198899075134805,-0.62661769935412,0.117314202881916,0.125906003409148,-0.798442558604155,-0.0721998134995433,1.13584315159632,-0.351374283516207,-0.873906474544046,-0.224438222591812,1.10567721263793,0.253224625344812,-0.0851296943692718,-0.0042172546057254,-0.888891159356357,0.916948218772689,1.41676959006792,1.26988211152106,1.19553914421479,0.382040207493445,0.399860563875508,-0.470848882406511,0.260903155340658,0.637127769007941,-1.05043167662938,-0.314282252313572,0.422963165347822,0.392161259487795,0.0860506564031735,-0.0289762412478936,0.383558776212647,-0.146141648940778,0.515763231637216,-1.5647012525273,0.0476002739242669,0.181555833038128,-0.0120265942793259,-0.58102520023736,-0.186806106742146,-0.288379219375841,-0.0095292424381497,0.252565598391222,-0.514455953184096,0.198882460597625,-0.266891068450368,-0.229559566141225,0.27105995392829,0.930035014506606,-1.10402452563687,-0.0658226602532121,-1.19986800996523,-0.702888385549915,0.322546564604934,-0.48762873708166,-0.451008998445442,-0.980981361869284,-1.32464385356312,-1.10727641045749,0.637039292969784,-0.838053502366443,-0.0644299113106351,0.399317334501824,-0.0693641223181179,0.537426920903135,-0.185325617041174,0.901495845182533,0.875801830730561,0.572913917144279,0.524798681433584,1.08982775930805,0.330362136191275,0.0339068244738344,0.377809174129629,0.278371400619941,-0.882245600537308,0.116050620084854,-0.357537131361743,0.805318225378668,-0.59639908367298,-0.666055154053573,-0.517640924711223,0.629804979623637,-0.357739900557679,0.773482248289039,0.457352663580347,0.479879348216566,0.313738065179779,-0.784843986952022,0.349107779223656,-0.286822540405942,0.73320286165914,-0.278611301517248,-0.304280641311269,-0.28566086439288,-0.700768223226789,-0.242183254114015,0.433819502414783,-0.442073945768879,-0.164469891034694,-0.431761449799962,-0.207322457178136
-0.808319374512358,0.57479676192522,1.07168469181302,0.70891938842441,1.59384785961963,-0.0751434894928239,0.0380595381208945,0.0700643410450748,0.567358810654849,0.933287563565167,0.821092470138858,1.35559365459091,-0.337640331830709,0.207903329234885,0.0598908905006797,0.0328063490245203,-0.886281566980364,0.116871001151968,-0.515471225115252,0.191233039978876,-0.927282664723122,-0.0634159526619451,-0.626758683864452,-0.962945451672203,-0.655097650019183,-0.125202824335019,-0.266674775715156,-0.372054911640362,-0.384395209290883,0.0989956010092905,-1.25465848928828,-0.750372131793095,0.0208753297273223,-0.447762465343379,-0.39618130788308,-0.374332317247067,-0.627120423815353,-0.244381692610063,-0.455985946694327,-0.315058906926456,0.092758386353254,0.208064825201581,-0.0735280552043122,0.185291815032614,-0.289940747177979,-1.0119445775324,-0.281524281213656,-0.221066134509987,-0.619104623530956,-0.59785151209966,0.46592286903564,-0.335248175436311,-0.885270233286383,-0.0623555284036367,-0.643215966624049,-1.04817324097083,-0.0354755656625483,-1.10908498373075,-0.259032456926923,-0.853322346499345,-0.309179316001911,-0.270601740803168,1.11332001678429,0.625982360195646,0.415930498172941,-0.867128477196168,-0.839248665063509,0.27153745005849,-0.326954741479005,0.180945385993604,-0.632547355238286,-0.45113776778927,-0.079456183785253,0.160017871421362,1.2165579659562,1.68400778058358,-0.882098904126978,1.50844860805618,-0.344080267019963,0.0693958892363909,-0.351541669304742,0.412809375229249,0.0982263285917079,0.381018520348987,0.943355323577707,0.436731654575689,0.863235464620619,0.0972565901048218,0.645984213957488,0.466135474583446,-0.504843596674992,0.449509494120754,0.538848331867732,0.0654489589433604,0.303787179684552,-0.0717103893349808,0.321930420847241,-0.144572715018144,-0.0469896570237688,0.0388829961355423,-0.389030476439117,-0.967951381297229,-0.948498643705514,-0.661519944485683,-0.542449217180691,-0.889531909222887,0.541471077191652,0.961065167613607,0.293880121340972,0.735475254417613,0.0607851653838402,-0.47905725658764,-0.268148028807028,-0.809757094791671,-1.31835564013745,0.644051652569641,0.19548052245746,-1.08931656392262,0.212534347573271,-0.735306715898496,-0.183275302144319,-0.413506342998995,0.995941022846362,0.54341885720731,-0.105990579959671,-0.0122294021187044,0.744884749234104,0.316288170008537,0.00903180741703081,-0.149479717395083,-1.0879227455583,0.978860805621793,0.609410543477718,0.11037203340772,0.0928723141420253,0.40154389777932,0.991152128496408,-1.09576191977868,1.38144117369817,0.663671084353185,1.01169365992988,0.507554575401038,-1.11163470740647,-0.270253443853945,0.786233334114382,0.653822191765169,0.49156199829122,-0.699508857128213,-0.199949705038789,-0.727080243098475,-0.340911738739033,-0.243336359997041,0.183467862656357,0.566185950584508,-0.437684092173851,-0.29670858250749,0.0617903423513229,-0.737010977844869,-0.306011398429802,-0.979929330724377,-0.887442671315553,-0.6050298687122,0.239266830404979,-1.02038215772546,-0.914840824230042,-0.0761781701337308,0.661222784276354,-0.902250806300102,-0.291161496461552,0.465670723405666,-0.30948902944411,-1.50725402531691,-0.917406818348633,1.20537955861947,-0.342084763918313,-0.619669234137292,-0.142498299420116,-0.652120897969859,0.842165628502779,1.43960920787271,0.997241099896512,0.931698510281292,0.601311969718594,1.06397223617383,0.92377038488435,-0.434409924411236,0.0197846853806389,-0.548772965411552,-0.0114939799336629,-0.0458078677490973,-0.0507582086907479,-0.312407351530482,-0.0467821142114197,-0.0552696024806526,-0.285007739146762,0.18824331646196,-0.96691034967522,0.275127737708972,-0.258183929308434,0.0895946626319766,-0.378047714347703,0.00960304569462746,-0.00514540359522681,-0.265906889750468,-0.24077154876658,-1.0247284009675,-1.13540779281626,-0.243398929400008,-1.17762181335053,-0.373042894473016,0.229362603547437,-1.91015614213277,-0.0269743035327116,-0.762184365310853,-0.727710480461566,0.361559617247003,0.0874071464184426,-0.285879926240862,-0.86057182916379,-1.23936352173866,0.361658880254051,1.66960497830007,0.145248721487327,1.17533855448002,0.497980877420899,1.09357399897987,0.709758923481351,0.226752939354469,1.4721277517254,0.357365902129934,-0.290445771252897,-0.4701775664375,0.742558546314488,-0.323733515411235,-0.260496528984054,-0.294550690302328,0.261915074374985,-0.628481992742602,0.257709313890006,-0.442347890715392,0.138525382306912,-0.450668609950277,-0.160896038173736,-0.554485409549813,0.278689230228937,0.388348356564144,0.459810136145259,0.376891251335926,0.470155956875739,0.32359894865975,-0.791129189630965,-0.354513510226782,-0.0360150103895218,0.0398713922141271,-0.329805923997816,-0.84332720529777,-0.218992217004479,-0.718304098554414,-0.232559624031741,0.422067320717661,-0.145700369987003,-0.339358681722806,-0.323452876002782,-0.353367476627019
-1.08728290913311,-0.0595704889912616,0.900513304723118,-0.138548509911979,1.3151775230255,0.927424500448653,0.715375320187817,0.357043409174688,0.753680024807423,0.599829104236201,0.529335698862555,1.52742770391925,-0.575766946061538,1.29510186095769,-0.105835413950249,0.741539861798621,-1.28344836339616,0.0456654174682619,-0.842134432305689,-0.340384847312683,-0.259485623518493,-0.434215848273326,-0.423601380877481,-0.604563789311044,-0.601630570394137,-0.193943699352314,-0.475908781693918,-1.12867622165358,-0.310727068117949,0.287443429436273,-0.735318166639654,-0.518150486969066,0.234655029698938,-0.560554580161409,-0.533113236069542,-0.502407296745565,-1.05469952818614,-0.222130619627424,-0.636554912412411,-1.00095367693012,-0.504303451720311,-0.661170785933067,-0.22880441589281,-0.496456982934642,-0.728516338340114,-0.00327122416720183,-0.41393751337436,-0.389246231671445,-0.80429701526269,-0.535517740081946,0.444430212766084,0.216548615952746,-0.543859990734642,-0.177294633760762,-0.969172335517805,0.237779048903176,0.513125259009246,-0.529736807244251,0.0406673423573698,0.716688241856983,-0.559797751192922,-0.892065532957708,0.335271675995138,0.204490716022534,-0.349454066848128,-0.657675970049037,-0.675272413092822,0.252289263934625,0.211076803829343,-0.261482938196866,-0.432429399220642,-0.761431312752985,-0.724863609100676,0.535167597759422,0.794208868410803,1.40944647753108,-0.479743025239285,0.963024796899134,-0.556132889880622,-0.217859818222373,0.323171817748362,0.514745103981372,-0.706195139140432,-0.10961882085259,1.35353229057354,0.104626687269305,0.560448208060265,0.323898644580354,0.304195083911658,0.536916733445404,0.740408151215656,0.62856314632706,-0.251263725732965,-0.188374190915121,-0.200738959787352,-0.328017977527512,0.192909203029484,0.0151876120055267,-0.0789160687532541,0.0666297985173461,0.0666050218415883,-0.400982300228082,-0.626509395596141,-0.559017082820711,-0.333340482789521,-0.382022920386112,-0.682116205194144,0.140842729587618,0.67180819741975,0.780596607365662,-1.05244674923848,-0.24256674851979,-0.0543968726771469,-0.488117506546652,-0.792946390200929,0.747125105441077,-0.0913156368354808,-0.232592690057726,0.92126199484513,-0.0663558313042006,0.246535527606366,0.0170431813688286,0.98241083753228,0.588688978693474,0.825641113888165,0.728419464494487,1.34930023323977,0.45595526894613,-0.0760978569669576,-0.501424876228857,-0.474295582990282,0.795228478266969,0.819499439739908,0.556494469405064,-1.11569624187472,-0.517000920177083,1.01485240148543,0.145930335359598,1.60534871140603,0.524834222749117,0.070022604246221,-0.313605724862847,-0.116486199530553,-0.138273976914856,0.322228041495089,0.0115720795753377,-0.554997002078183,-0.251844869330483,-0.291898133540232,0.415270520004389,0.241007291350926,0.101190363116571,-0.550994211694188,-0.292755349104525,-0.837309657151168,-0.17151082499154,-0.235128126485704,-0.156206616368545,-0.449966820433952,-0.0863240824076584,0.41498320042589,-0.212317792169124,-0.0897035075376884,0.55558641303139,-0.0309618754430292,-0.14593974479296,0.484055423169928,-0.720454005175468,-0.71018805879974,0.150737283757552,-1.29191889483753,0.347277079601956,-1.31477347702539,0.792384323765017,0.470344108639193,-0.355236952455562,-0.144725197645022,-0.143982753685164,0.676987844764605,0.760202722114484,0.688149692886331,0.526982058407096,0.928792738688886,1.20715180998347,1.07235640825264,-0.264154838538209,-0.00203689761675991,0.0762530822109952,0.0392567382066301,-0.350885419805014,-0.825085715533914,-0.383694214159275,-0.248656083661836,-0.40433558648644,-0.380058079995431,0.687699142240397,-0.370054747067818,1.00374416607797,-0.685064834674518,0.529983834657406,-0.00318298358597885,0.394065861130551,-0.916043845604407,-0.164858418581804,0.322303695592575,0.0569449867155862,0.602758941906558,0.414032536748301,0.788293822493336,1.20182877149093,1.21993983588692,-0.917299070062816,0.478334914108052,-0.397616688028972,0.0188309276245664,0.0965040627236037,0.263467175138755,0.0236217901032422,-0.287196938726895,-0.411109476576494,0.551140055249964,0.375594861473562,-0.204881047420941,-0.3037104003579,-0.578263097962241,0.837088483866699,1.30008488383132,-0.0772362586215622,0.981536677862153,1.93564664176705,0.71081198127267,-0.0479777618004575,0.432253106411211,-1.37702078673476,-1.0536894963704,0.160542105926645,-0.48920145967926,-0.222556606032024,-0.150536531102256,-0.0944901937616479,1.57519036832199,0.56317255381153,1.10439418655908,1.60174861025125,0.565548543565006,0.990821699647183,0.547234989426181,0.0116048351133071,-0.0126839423644611,-0.402316517597152,-0.666769407304664,-0.772035277034801,0.805476860848099,1.09915751612636,-0.35447509098281,-0.828213305511172,-0.132263185526126,-0.152413748967788,-0.35209365729601,0.131536036032186,0.16450861759028,1.24193450563194,-0.631598625427462,-0.995979707294581
0.908621078004617,1.49257306675066,0.745150387233528,1.04961508482345,0.956441744464383,0.302747715017295,1.64894188812939,1.40001316029151,1.06949718151722,1.07308744831045,1.32898487625029,1.24033510640887,-1.09814775808181,-0.627589217898473,-0.421212241951848,-0.322785956497198,-1.70264268525336,-1.39312489886309,-1.97382501398653,-1.44179896342743,-1.08203898077621,-1.68598041174024,-2.01531402027577,-1.5415580922864,-1.48322982307021,-0.844038275620133,0.653294242231899,-0.64414887945427,-1.08430268702787,-0.650114072368276,-1.24313173826644,-1.61680411942768,-0.476178798362273,-1.63103832676212,-1.80333578675218,-0.973152622373065,0.051642792803971,-0.908285527059836,-0.599703503713868,-0.817377131410664,-0.417830857280706,-1.03427238791628,-0.737549320985744,-0.614466449584892,-1.24614091622055,0.324444111419423,-0.662448317881814,-0.929267703342429,-1.46134524650314,-1.52375757872343,0.203907089511291,0.0940213347521488,-1.82565646747309,-0.467986444271272,-0.961530227777948,0.126393579596931,1.41619956401959,-0.266211877541359,0.851010049938866,-0.66677488923051,0.210707914414669,-0.625291285913822,0.21613996092914,-1.06920472424015,0.456867617162071,-0.402761247238534,-0.829030995811554,-0.776523588197616,-0.452895652604178,-1.64451335962973,-0.90376506505596,-1.78286652781649,0.39659692815311,0.195660405838386,0.827794069467658,1.04150211667824,-0.275690079234068,1.11245230840037,0.669132712434593,-0.0183895905220282,0.455268675973612,-0.0609654727771021,0.486135823398071,0.799732297920588,1.17153155908732,0.835890396485213,-0.134408490550932,-0.00697124764101966,-1.28473859503976,0.524590897915584,0.117686644467257,-0.213867584133603,-0.653151387708859,-0.655803849277497,-0.13484312889843,-0.878514332019607,-0.238331406015137,0.0418035442648254,0.212764508575781,-0.275862023768472,0.936457211365145,1.32618187233053,0.402652382194253,0.400015267670549,-0.0903036124948594,-0.587278259622369,-0.0735463212405113,0.592796861283942,1.25785812365922,1.20160718479275,-0.354925261955487,0.627718035619907,0.00653988257254375,-0.743677393607678,-0.615113182374519,0.795335427373282,0.439305284200652,-0.165388586896666,0.972991110743795,-0.629025753439084,-0.594966040285276,1.04337486465517,1.02767662380582,0.488949942797932,1.09116972042384,1.0690599078814,1.55092230205983,0.196304896698213,0.551101804552792,-0.839284304773624,-1.24959097951249,0.476813780418317,0.136966527402836,-0.112054593696078,-1.25321725667145,-0.814154607513963,1.49225715833141,-1.02713733879712,1.69027494326812,1.8666985614664,0.990033356275863,0.884942665922047,-0.567388384684188,-0.739762200492232,0.0174581500893291,-0.526829444169533,-0.192051282829661,0.126649359361754,0.345657119356119,0.321623894393419,-0.112159846266869,0.109591685138609,1.40236602263464,1.42820760090984,-0.847545418542194,-0.69071349499412,0.018501346281219,-0.542726130600065,0.394104497805998,-0.950971503994982,-0.608035482152919,-0.0715329186738408,-0.716481625241127,0.955625013664934,1.0567723455655,0.422668496080793,-0.28092906089184,0.704000892505806,0.577344967308316,-0.917397552596117,-0.35198350822998,1.16598295175666,-0.382429793983242,-0.0708971923554309,0.0788118200175493,1.20650286284197,-0.538667648487163,-1.18988467840665,0.69687562382687,1.0620263672161,1.22747069540266,0.885371127783959,0.731416145609455,2.77538864301622,1.83936070854459,-0.167051580510907,-0.480967921711783,-0.293872933278314,0.109616598433022,-0.510069489106285,-0.286094169265982,-0.753614332652817,-0.561382405615946,-0.0316907099548234,-0.543304562647628,-1.10118033906498,-0.013805127429447,0.902020876942054,-1.10570311927173,0.901247167660908,0.165963116670654,-0.126578250575363,-0.594093165264568,-0.679967745778594,-0.785217595820012,0.57817716406859,-1.05676065957175,0.596212940018197,0.181869769251107,0.997885630542586,0.724336029607419,-0.254307180434288,-0.192946098308491,-0.50946816792983,1.25059808532977,0.927617355854215,0.123291560078524,-0.179305224241156,0.231282561698008,-0.530609968634518,-1.36280979332636,-0.51684239418756,0.218991931768307,-0.291110205861948,-0.582230444686773,0.389193707867491,0.911786429290503,-0.109732638564841,-0.0113366238146807,0.198097345949575,-0.0343342790504014,1.09053638099974,1.24858952610376,-0.130971096580039,-0.703182764011154,1.24526205321572,-0.189653910114946,-0.138922971239588,0.434672841948911,-0.202111584114153,1.14963560949039,1.15110833183181,1.26794384803001,0.583775073008451,0.856924142806517,0.752726151103421,0.13973809621258,-0.317519207511405,0.00187105545872711,0.20636396032754,-1.18756367553036,1.29171684269142,0.832524154538332,-0.737719132089714,-0.878535183715293,-0.47640596709748,-1.08717910924317,-1.26455619693919,-0.333032402295248,0.581802801896928,-1.22357077591274,0.583163118356973,-1.28210208458841,-0.718928788742986
0.776790917775371,0.807599755193027,1.82150309079924,2.14516153274682,2.48991643599584,0.695253812231919,2.18250665736342,1.37333592563193,2.19082044588055,1.67355278323433,1.90692300236609,1.66644843376096,-0.387235292891018,1.55855803195248,-2.25257443350507,-2.23383631478132,-1.22457870424921,-1.54873075831589,-0.651830868633322,-2.04552848880855,-1.2456582981326,-1.03047220918415,-0.624924647463265,0.100875435460647,-0.92223726836257,-1.61982300878448,1.00657915673341,-0.75164111089028,-1.52311194937853,-0.902709777103,-1.12200062374703,-0.546654660743053,-1.40151995092932,-0.929195380450336,-0.968688665722706,-1.33287521516591,1.00795423035973,-1.38128631315028,-0.508866849856585,-1.46134898545199,-1.95253512427994,-2.58524671385797,-0.70277858553561,-1.88257918602804,-1.98609759463717,-1.42342238805713,-2.00167722834208,-0.905932910305808,-1.38026546181987,-0.559188289810862,-2.50139918994544,0.80915247339272,-1.30291916821975,-1.99114927359291,-0.252487126814978,1.41073890550003,1.53053530287165,0.763523322443454,-1.6783654159186,0.618079790355797,-0.166943016463024,-1.08469401156491,-0.390246095801288,-0.632590752024696,0.162325081092229,0.696981529953739,-0.396570626639334,-0.769045191001363,-0.314609090607663,-0.623557086270224,-0.525091542481352,-1.02775687253865,-0.142198227253872,-1.62415095117373,2.11102739087297,1.80259058759178,0.653273990592682,1.90663198685863,-0.613570700850747,-1.75480160753647,0.75266796519365,1.0473582897128,0.409328194443303,1.77182980861528,-1.23581619224234,-1.85775571822951,-1.19786350876374,-1.4762834159632,-1.05456466735148,-1.00750669651387,0.110051751770512,-1.50635108490239,-1.73909574839891,-1.93660254973332,-1.20080735759003,-1.37092993112407,-2.67380249405877,-2.42541448816781,-2.59796210300324,-2.63829359923621,-1.05952824242039,-0.332904218255366,-0.904165536378196,-1.22371267152641,1.00149404074369,0.3096489577008,1.52394709858756,1.83093799893027,1.7182218903133,2.64576982875541,1.25272854384345,-0.795409423514983,0.65839221478451,0.324334830048488,-0.691088045107399,1.91201538588902,2.53448387040763,1.5709427399401,1.58519456013463,-1.29909006964486,-2.5577810452416,0.533716822056263,2.01848570016295,1.21713512318933,2.37865579907261,1.26976208070587,1.43048409887978,1.37218633830095,1.16280102222459,-1.41578646511319,0.883894148177662,-0.746065524915702,-1.46875681354467,-1.64322243501588,-0.595022948892407,-0.792168778224538,0.786527775255138,-0.516595259599796,3.17324147919778,0.46301747714635,1.01898903897265,1.20413519234846,0.722931307743317,-1.03674977734756,-1.00803077340553,-0.0397716113187149,-0.931956549083393,0.834209321187047,-2.04966583539352,1.2143982254683,0.337421088912994,-0.185202121072101,0.999173035049577,0.641378898592803,-1.63400216057933,-1.48176482740777,-2.46111188239709,0.425179013364003,-2.30963127726792,-0.379656063127052,-0.72029481859595,-1.4658548881473,-1.75643942767243,-0.0836955379657943,0.794989201634851,-1.94700832338379,-2.02777386147817,-0.143227909098043,-1.78605077670724,-0.156914166072414,-1.39032813930561,1.39373659425168,-1.76186891395995,-0.0257012389645132,-0.0508344007619609,0.145034820696756,-1.32497300106229,-1.13209892610413,1.63091223258026,2.57476133822421,2.31762162510037,1.93020248398764,0.0201937866701829,1.65427215544785,0.646807184658235,-1.54365496885656,-1.47587170362187,-0.493046897348605,0.627928636464565,-1.76345876275886,-1.30368216364729,-1.51959894232577,-2.18030282885515,-1.60532912410646,-1.64824753118157,-0.708415788017338,0.30515757258477,0.488298406509968,-0.821489297278812,0.855416292001226,-0.518888055740134,-2.10882051777474,-1.5938482630921,-1.71910418445201,-1.68420583690235,-0.00439918709813134,-0.451082323527778,0.806837433001928,0.337642261825924,1.13284478204653,-0.794056023707278,-1.04465632653923,-2.23523589762167,-0.00541692582014289,-0.0397961005912141,-1.89839045294228,-1.5588860504305,0.561285357148596,-0.0912733375951807,-0.174475154917942,-0.982487138382838,-1.25917105062308,-1.50766152334943,0.00133316498928339,-0.447437161320889,-0.466401305071331,1.41911815870466,0.715315580550329,0.754046743667518,1.23982589319522,0.967386722810503,1.26974095253173,1.73342426630374,0.79731031680013,-1.11535074993534,0.502746764575407,0.331655555676285,-0.28352413711361,1.43423463493596,0.465668081328359,1.97090780320115,0.607255080056394,0.951375209869743,0.0677689108591729,1.649528857284,1.4743253267393,1.65231920648476,1.58158566743822,1.37662250705333,1.75239769179239,-0.449272077222504,0.0666522705313084,1.85433059753562,0.529603472527359,-1.56011476886684,-1.22066446971551,-0.756971670218229,-0.643450743154959,-1.72653530420436,-1.90969341967057,-1.03927744328863,0.452698315921877,-0.679567129942722,-2.18311804533338
1.44735644278766,1.62973814334705,0.902560419469902,1.17392155033324,-0.014864232842161,-0.434579371765013,0.338721355935232,3.06722559956134,-0.121776239494772,0.866482136433143,1.17302349981167,-0.354395846030144,-0.111675999863673,-0.979348406085182,-1.02344782794393,-0.757087266478739,-1.24560621088949,-0.269377359336447,0.252124184460829,-1.22402935527705,-0.0737994321462386,-0.169310637237023,-0.167898024313009,-0.327905825060054,-0.195560099625124,-0.0229495943754393,1.72671565372541,0.0174250606008631,-0.427203057693711,0.390023133949549,-0.54806586398448,0.108484148286174,-0.262466812237963,-0.454754774152193,0.00254461060025368,-0.524539147789774,1.60481817540332,-0.521133044904515,-0.330501495046831,0.109306406163731,-0.403233941103336,-0.72133372017948,-0.932978248439462,-0.251331036696821,-0.147345505709335,0.251885072069566,-0.890130621571644,-0.469181514732651,-0.587193513601237,0.222011057837978,-1.53651549800656,1.34123528290842,-1.00057667167452,-0.408822585632631,-0.112545307905065,1.199822704407,-0.708438236797444,0.0830810832204223,-0.0133037636678152,1.45716495697319,-0.659692228123128,-0.201536044231348,-0.170527544401466,-1.08607763591154,0.844885414299073,0.843634656105785,-1.11443903500856,-0.50827111439016,0.0343458704010671,0.257556810458716,0.543297515286216,-0.987011065847425,-0.465189970065489,-0.396363686371322,-0.263373817255544,-0.670041024527103,0.423116688924544,-2.02040163735988,0.722235091193324,-0.843791848065815,-1.51836440165523,0.569603368055685,-0.187732826258754,0.308083778948374,-1.22363505479794,-0.121323305676457,-1.2804582223707,-0.897425132256983,-0.869289358141598,-0.919429330775648,-0.380799205373253,-0.906812316876762,-0.929819158348847,-0.851854775530599,-0.423095343065362,-0.822268577688872,-0.60825521901569,-0.00794643146959044,0.0812668582280089,-0.503545223547093,0.719135033403557,-0.381822918534792,0.593054194947855,1.21308720480116,1.28502206157664,0.827917341161355,1.17471661926135,0.270617759294447,0.303917672326325,-0.50442866129949,2.8104746647143,0.415598871930322,1.74679779310727,3.87691011002972,2.57450996365857,-0.142249002715661,-0.473360573095908,0.958160124300539,-0.00628892436786121,-0.919844443735436,-0.663291135963988,1.49209286753547,-0.437266787774597,-2.46334887624216,0.296069798987304,-0.717500440561325,0.0434621686106475,0.113895419417988,-1.49060700119965,-0.903049975958248,-1.03847614488941,-1.80181548516488,-1.28739445708604,-0.287775078497101,0.370198563543016,-0.138463946430486,-1.16576474609774,-0.531243345250994,-0.650345022697807,0.754767113395536,1.5328001803215,0.835414137430995,0.69402047483464,-0.71026004323337,-0.691082387857357,-0.534821689862895,1.12558572359241,-0.109520647551684,0.568051856670708,0.665678843971692,0.607548666790319,0.281185470481882,1.29065523583855,1.20453732007266,-0.150325788874333,-0.335241873534314,-0.393828904051082,0.238955380657357,-0.204700996641636,1.37577021686781,-0.00614426466203125,-0.144051588168857,-0.490629756689039,2.10042538550558,0.562363931310586,-0.0569732123745955,-0.380898739010306,1.18807469528194,-0.34269722857469,-0.437453956022577,-1.03897417676684,0.495450437314407,0.844406100493821,0.115331444019928,0.359585423989172,1.24219123467869,-1.53095372142545,-0.675541119632224,1.61971968445536,1.13619843903249,1.45063429563286,0.175354135727791,-0.136496961783812,-1.0283727889405,-1.5129374420706,-0.321788098473329,0.45237387680641,4.19100898461832,0.5518425027171,-0.670035834789647,0.096757995881665,-0.536737297680953,-0.490525208501253,-0.790056100317813,-1.22686513698969,0.607411482681566,3.05289607786168,-1.52667287642689,-0.193765601069608,-0.574578449106143,1.99932440407419,-0.305087951395726,-0.467653251987089,-0.486230229868688,-0.230009969792608,1.94524801754704,1.21044823861864,-0.454221429490774,1.5245434086809,0.39279195724294,-0.529571038366209,1.83077168931195,-0.445205286355137,5.0328343082697,1.00321942621548,0.0330323786836244,0.82040626483483,-0.321971047689673,1.14412299977361,3.60121824755946,-1.35360927187636,-1.3205131723459,-0.345287223034625,-0.639039442177842,-0.802721486878091,-1.70803803151919,-0.92234249744935,1.20240597387698,-0.195433998477788,1.22961815483895,1.28038132256039,1.14095481028341,0.293526397412287,-0.376043796218156,-0.706024973575934,1.49782136594067,0.39055955342218,-0.946860860924764,1.12499556731873,-1.24015790943807,-1.12086774579219,-0.993495487820028,1.32397380895448,0.478527059378006,-1.23797901015361,-0.05284158372556,0.175453542281205,-0.260036265720592,0.684672000320703,-0.197608540901729,0.296715500239465,1.37304397982705,2.15998380080172,1.29725266308333,-0.181818522039874,0.028725478971273,-1.96121523274141,0.209806455419484,-0.501124628047838,-0.411279694126501,-0.705065070709855,2.48397488655676,0.227121725351691,-1.10336464759158
-0.0536042000230171,0.212509250618864,0.118053383672535,-0.27509329085985,-1.08161306727607,-0.247984544943425,-1.09346889295226,-0.596739946223214,0.491944313224706,1.4788912067098,1.04723113077422,-1.3065378816939,0.219939533589476,1.19792402866337,-1.12931051645694,-0.501559398782371,0.638518066760369,0.475328231185204,1.10039497848126,-0.341076444216063,-0.0490743148903027,0.552212253744528,1.51125601179731,1.21393508966806,-0.69753070327641,-0.732393290397731,0.956480475257974,-0.584841627920075,-0.427577867241666,1.00266253024257,0.881177648799816,0.598766196127803,-0.0293289671797361,1.06662653848402,1.67755524188984,-0.74187406846724,1.01826610022564,1.61960137096204,0.424560727418736,0.0543457694539745,-0.774380251069026,-0.17077791669753,0.499653087014678,-0.83981133987616,0.386743721538064,0.115429793909523,-0.365260805688002,-0.465694106254527,0.331887133455182,0.826105695625028,0.0614356669053715,-0.473367373806082,0.721485637672238,-0.144888113631728,1.57690396475272,0.242204306069563,0.424116211895677,0.796914793828273,-0.492659211198506,1.01610573570092,-0.149469913839621,-0.250767707764186,-0.44460321714093,0.0695703664863395,0.286510260025938,0.414045966283549,1.24804647352236,1.36125863027214,1.68667445339554,0.803553970543903,1.66492803416897,-0.161772029967486,-0.158603305076423,-1.42733776994293,-0.593797242619966,-0.832061208313486,1.54680072966712,-1.31755319746583,-1.23395556275164,-1.93550179869983,-1.55646537434511,-1.20700003943342,-0.577036855687541,-0.866902340402716,-0.257764437455253,-1.2600452733949,-0.845728038287975,-0.793013402036797,-0.31954516708727,0.188202580544257,0.788505395466678,-0.689652238481402,-0.528397756089032,-1.49192830235619,-0.176397625064914,-1.87128486138028,-0.506829461011188,-0.613470737268712,-0.530490700752524,-0.557205410212698,-0.188293559161445,0.0414396665767469,-0.563375213062575,-0.134725607295748,-0.0909749561338256,0.326404871614863,-0.542647252840834,-0.398264490543221,-0.521858901280383,-0.4817455586831,-0.759965481741783,-0.427532820041834,0.0916374075669836,0.197019206565236,-0.551497662858218,0.330754821338136,-0.512321017663605,0.634082328635566,-0.423455473067877,-2.06827182005688,-0.243996716212547,0.220694374880583,0.422752522170611,0.0972269962301342,-0.813467486917642,0.00569159061973531,-0.491463942146226,-0.413581624179211,-0.802680301977411,-1.32186282770398,1.62528365283083,-0.820673296751747,-1.0733642520242,-0.943134658119008,-0.544951409072483,-0.871810254043159,-0.863028504537228,-0.62949904566766,-0.0469377057345096,-0.340834676103662,0.435245763339025,-0.20467151302223,1.0857530285239,-0.0296244249598093,-0.0419760839741264,-0.10568222211184,-0.0335490026102359,0.72444983401239,-0.627022514105739,0.993109040244323,0.74400198476705,0.676081791039561,0.506434076636538,-0.3657179544529,-0.686979353133987,-0.249385161524725,-1.14283284263878,0.674082105820027,-0.625212415696538,2.04811808094428,0.101121010044273,-0.942451169375994,-0.576161492998895,1.12596793135205,0.598319562177997,-0.571019844728102,-0.198395227100286,0.619501240980628,-0.749727840459088,-0.338764864808109,-0.463508633091474,1.64225017497922,-0.0774723916743982,-0.166299108373442,-0.231935920649602,-1.41934057197387,-1.22598200602139,-0.0606195055154022,0.750140183700127,-0.760066276580964,-0.31483299580801,-0.36955619633971,-0.269169922468572,-0.667787504918959,-1.41224477802118,-0.316999724224573,-0.692281735734435,-0.583773366586792,-0.237109882910078,-1.42857743217605,-0.935472704857203,-1.6984978705814,-0.495269769380904,-2.06675871351947,-1.4400541988691,0.38479061357726,-1.66587336047723,-1.8958518027001,-1.30524281846783,-0.78350923846967,-0.346072667419668,-0.304463809787659,-0.472586790821531,-1.30067117155811,-0.500061682468434,0.707644351996177,0.389449891046418,0.426944380208359,1.91506034386134,-0.0412489295994784,0.554983143663775,1.1248075328086,-0.296059283065231,-0.3254678869759,0.233637280235131,-0.245286728995616,-0.0492560082614038,-0.255066002125731,-0.0846622299534388,-1.67437699557711,1.35649067617478,-0.837076393063044,-0.209924718778858,-0.380040873044189,0.0144994288274825,-0.751392813401567,0.292467237103544,-0.16052811664912,0.330501908058473,0.746555437573542,0.294971285750707,0.785982500630495,0.790703375917542,1.96481487268008,-0.60764473413364,-0.0803691579170112,-0.0295370334036682,0.0738397924206887,0.640293355094394,-0.284943661179555,0.412254310514678,-0.967314594278947,0.489707092682003,0.685055844743678,0.821301269576503,-0.14987459171704,0.839274635497419,0.0581822327007371,0.331649935247452,-0.321339199731325,0.358753985820094,0.356171454755927,0.0891345612797885,0.635235270947489,-0.96846941189516,-1.05641896752306,-0.322150008648768,0.0188007626064569,-0.333885475439843,-1.35711571811424,0.102442307646287,0.850252907463097,0.52114105704043,-0.633391219901146
