"V1","V2","V3","V4","V5","V6","V7","V8","V9","V10","V11","V12","V13","V14","V15","V16","V17","V18","V19","V20","V21","V22","V23","V24","V25","V26","V27","V28","V29","V30","V31","V32","V33","V34","V35","V36","V37","V38","V39","V40","V41","V42","V43","V44","V45","V46","V47","V48","V49","V50","V51","V52","V53","V54","V55","V56","V57","V58","V59","V60","V61","V62","V63","V64","V65","V66","V67","V68","V69","V70","V71","V72","V73","V74","V75","V76","V77","V78","V79","V80","V81","V82","V83","V84","V85","V86","V87","V88","V89","V90","V91","V92","V93","V94","V95","V96","V97","V98","V99","V100","V101","V102","V103","V104","V105","V106","V107","V108","V109","V110","V111","V112","V113","V114","V115","V116","V117","V118","V119","V120","V121","V122","V123","V124","V125","V126","V127","V128","V129","V130","V131","V132","V133","V134","V135","V136","V137","V138","V139","V140","V141","V142","V143","V144","V145","V146","V147","V148","V149","V150","V151","V152","V153","V154","V155","V156","V157","V158","V159","V160","V161","V162","V163","V164","V165","V166","V167","V168","V169","V170","V171","V172","V173","V174","V175","V176","V177","V178","V179","V180","V181","V182","V183","V184","V185","V186","V187","V188","V189","V190","V191","V192","V193","V194","V195","V196","V197","V198","V199","V200","V201","V202","V203","V204","V205","V206","V207","V208","V209","V210","V211","V212","V213","V214","V215","V216","V217","V218","V219","V220","V221","V222","V223","V224","V225","V226","V227","V228","V229","V230","V231","V232","V233","V234","V235","V236","V237","V238","V239","V240","V241","V242","V243","V244","V245","V246","V247","V248","V249","V250","V251","V252","V253","V254","V255","V256","V257","V258","V259","V260","V261","V262","V263","V264"
0.283640840784382,-1.38930034985988,-1.59026905380565,-1.01046712895216,-1.01087329272845,-1.06363515127372,-1.5337467614031,-2.17593716287644,-3.38585999490818,-2.69847680418366,-3.10331035394497,0.48595662246146,-0.608719824618166,1.57065450792193,-0.52425473493442,-1.2200762565427,0.31609957678464,1.70868864659938,4.68552633973082,-0.195852520425957,4.2990302280412,0.380738092492265,6.19411530272243,0.400619008791512,2.64010561966344,0.630183898116875,4.50703113392774,2.08026760844996,0.589635227395367,2.80420949168797,2.86716772347048,5.35211492626206,1.3747583033724,1.07530305255813,3.78441752514674,0.629394773590988,-2.44660651972731,4.82557698525964,-0.145996634890957,-0.53209174963853,0.384182357346097,-0.825872814435461,-1.85858628551422,-1.11393455995982,-2.6253328976148,-1.94936066668381,-0.854515134427428,0.0746314436379788,3.07497392678079,3.4314449434374,-0.16191722218346,-2.45634209528328,4.88010987950678,-0.483251851915099,-2.03945144412121,-3.2487908736046,0.0763653054943256,-3.78142512373506,-2.0233431093304,-3.02547136677505,-0.62793079444193,-0.497079121852652,-1.64353576809028,-1.11975454332716,-3.01521098398086,-1.84421715885717,-2.05889898732664,-1.37752832771363,-2.08669487339043,-2.37015776162434,-2.88094523851036,-1.00925140106973,-0.0950613219697219,-0.189266980119064,-0.279433767235871,1.14826950730117,-1.87467079098555,0.341620695282125,-0.805622753513641,-1.15686154013426,-1.12768858239093,-0.516243739936423,-2.65208800480194,-2.39288883777343,-0.821933646922332,0.114112794116933,0.0919980637493429,-0.801588689018217,-1.30631081554659,-1.73445933683928,-2.56230235467473,-1.93410668601566,-1.92621793774575,0.762094940987022,-1.2584935619126,-0.427968565503045,2.43946607696655,3.67247491687946,0.452113555592559,-1.93057908637795,0.0163156104482904,4.65826658547566,2.74897285905471,1.98407385880022,-2.13278090622383,0.293259474982513,-1.48904509376448,-1.71579755479646,-0.482822363015808,-0.101124722990434,-3.36343734344893,-1.31164341113368,-1.95539695555583,-2.30004721120432,0.243746018860261,-2.31451640155392,-3.18547219715053,-2.30317275761982,0.00741949518034834,-0.750911273630387,3.70166162514956,-1.5420776209141,-0.84222414025073,0.417571122219766,-0.277616409863961,-1.68879480887728,-2.59864749719333,0.180113086106053,0.479008831104001,-0.0576158090716684,-1.25286253175673,-1.10187170989428,-1.06341018672766,-0.594351078545357,-0.572548603518101,-1.13426328749746,-0.626378765200927,2.93863468758795,-0.370726699058305,-3.23826015371082,-4.22176467967659,-0.130384622226318,-0.444585689182765,-0.0935964759388877,-1.33693197089168,-1.39716094592489,0.202101005063927,-1.4222677549792,1.30432461705292,-0.713540934486966,-1.06996222120448,-0.754009876346577,2.27888767652193,0.990469186294012,-0.158191921487992,-1.45967629304796,-0.1699732926826,-1.93589044064625,-1.14289723189797,-0.928642254087286,-0.472970115750798,-0.735517458337849,-2.18927940080603,-0.236663770799856,-2.73002768790375,1.01673990673238,-0.607666924662871,1.44396849206514,0.493099131601774,-0.938870407478811,-0.288309962959443,-1.34629752973651,-0.419105622763407,0.0598248817001803,-0.258799425502269,-0.359474543475145,1.49627221789612,2.54937744911656,-0.792959705033012,1.0888011677901,-0.843055047841856,-1.34869309583385,1.24286569365499,-2.27255286013905,-1.95174924356581,-0.822422881134116,-0.105225825734082,0.43668457195371,-1.70739855308884,1.22283052608711,2.03923267398034,1.27529639880641,1.9873205829962,0.811734987655403,1.21556365519995,-0.78443354605246,-2.81604815329486,-0.984401708043506,1.12141934006025,0.860449288748586,-0.861736639459603,-0.687642625786524,-1.21752374049458,0.761324830891396,0.400119428529142,1.01907766392606,-0.915884075943244,-3.15200179318353,-2.88006020250088,-3.19810632265056,-2.1425504508985,-2.3566935212976,-1.34878802909388,-0.491301497266474,-2.81457234342584,-1.2639100609411,-1.39449697335583,-2.41720183137094,1.15239394675804,-2.71456439134863,1.06703888008649,0.157661399367432,1.10292524747369,-0.927078842127508,0.200203279926288,-0.277488706650929,-2.73134789656631,2.49865966168176,-0.433893502940537,-2.03130967655954,0.739836226301341,0.151523156903697,3.10455031104493,2.63591096960483,-0.361236165913076,-0.613903377121855,-0.731384801153768,-1.58154896993086,-0.478801687576697,-0.656363202811869,-2.07130654932456,-3.35011270040277,1.78717096690229,-1.92606423398294,-1.25575864367279,3.55104737930491,1.59260906651837,1.5586993470273,-0.982286017590486,-0.227642537111014,0.415117619921867,-0.245334570161315,-1.05017424828978,-2.30899196698981,1.85131013212538,1.74113105899643,-1.10534010679608,3.59736207767286,1.44967927943994,0.691161926059274,1.66688334327314,0.192881406130826,5.9563449707656,1.62854256675329
1.74939635882913,3.43343900287587,1.17042775627289,-1.60176287001472,0.303406068689691,-3.10822450939617,-3.41113976472737,-3.6504146122132,-0.509986300118152,-0.352389055371154,-1.50169294526165,-0.0893876401126538,1.73181630360949,1.52113521774181,1.99332799671211,1.9112334348218,1.46429997038932,2.56215993464911,3.06176472843162,1.50820362986835,2.73590603578622,1.77383450357522,3.01292663797701,1.1678472075765,2.21548552525899,1.43473150617972,1.88735011679808,2.34058469514846,1.77019300438604,1.94157118817195,2.79623431885102,2.75181488529523,1.12242033527727,2.3202406151959,2.5282003632258,1.82897204043219,0.940864074263292,3.04490180776605,1.7766657785615,1.60831121241091,2.53394514098639,1.73562695608337,1.46420953209992,1.45129965351563,1.24094363979078,1.24007547561667,1.30321936737545,1.15129498597161,2.97071446301994,3.20866844437586,0.899196391939049,-2.35693341960157,3.52174314399215,1.36463639315693,1.20796070747492,-2.52701706585051,1.9262139082337,-0.839826330038956,1.08557909088676,-2.59175625455978,2.71124968814064,2.21250794994961,0.779545451158378,2.07879991438604,1.23534046740766,1.67948105080146,2.02207407376093,1.34216111930571,1.8556946239984,1.52973651680909,1.33986604998902,1.66677115584873,2.37380790441478,0.61478929093706,0.706380640180696,0.341630757763798,1.15399453368648,1.26195766668489,1.57432262916154,1.15949622075507,0.222565675578225,-0.17187997434025,-1.96411463263888,-2.69305612764118,0.65769708378038,0.679028712586307,0.783996167207346,1.41821123532686,1.34214438363879,1.81758337714684,2.75638111576507,1.31669806559175,0.536777998049938,1.51234898240323,0.525062619989916,1.29854180515199,2.87389595071418,2.16726328450937,1.37105753384669,-0.823751634868961,2.26444437199246,2.88031564693811,1.43619210899149,2.22358905966494,-2.56301198070245,-1.23364354371056,-0.126537974842465,-2.05825288336374,0.774976789687777,0.258099906873352,-3.35848912020617,0.612284518786735,-1.07110351777504,-3.29322707492278,1.03229320064985,0.102486074223066,-2.34913529215997,0.621401740760482,0.84921069532676,0.831539034746945,2.32790251555336,0.398241125264883,-2.56995784751725,1.3254420478895,-2.35783763302612,-1.40906262593452,-2.54715537305668,0.410482823560678,1.0817240561121,0.113333735745886,0.820959055840085,0.543080482749541,1.1229684331296,1.0435014599019,0.491027889533088,1.56939931634876,0.440786559446831,2.56065828346737,1.87817557895257,1.42374746772999,1.10463899470986,1.72553239295064,-0.35473222651776,0.305936749257081,0.280235013759284,0.190367121088816,-0.282802626554119,0.621603194220369,-0.350398480723438,-0.346937469783969,-0.0328896236138087,0.623819596873349,2.64706532637399,1.43103717160518,0.303960443573451,1.22759693672355,-0.0393475957589727,-0.214412179048574,0.999281637612501,0.921656948833093,0.446507434221501,0.266003492761851,0.973641710313846,0.309899790128306,0.627400396372441,0.0483345425394375,0.480363494807234,1.03858451865147,0.574061542845629,0.279543410451896,-0.877428790084928,-0.206968750207284,0.0728399946723471,2.05970645826435,0.81170891736121,1.4052057234333,1.12653627045812,2.06819807106123,1.87144475506445,-0.0540557067064139,0.113526236829563,-0.118798373854967,0.625799358957112,-2.83947941134333,-3.06313973903968,1.05575494603244,1.49562599519936,0.387647904013637,-3.01852093916285,1.00751494131342,0.588491526930198,0.910791023462292,1.83819601985667,0.682182884541319,0.994662898861527,0.540893523627966,-3.09219658518805,-1.79718652251056,0.918423877159048,0.733558033879818,0.00915082644113674,0.0931205957589239,2.24830320054508,1.19916834210151,3.08139714837373,2.48385767166427,0.0845456813311087,-3.14821991039485,-3.02923725070375,-2.79858934975044,-2.70715301480576,0.294749414559695,0.732050599702708,-0.384206671506026,0.658615178492144,0.725909425510362,1.06026510562486,-3.4054159547493,1.14223530787059,-2.78293005933426,0.946165420863376,1.26185564392838,0.779017393045337,0.831208646439753,1.15512475854794,0.401833619978663,-3.11091511315052,1.75302720956865,2.06921181763246,-3.18889421427822,0.770013112259356,1.6288288373217,1.36893893081266,1.15086569545178,0.82499863712619,0.758673171442309,1.41387147813055,0.458104530950276,0.96128618746644,1.727572407759,-2.01147202852245,-3.06256933831618,0.591447401603757,-3.03030715624541,-3.27616185940323,-0.849318398176276,2.20518552720429,-0.699949065685106,1.20774303242741,1.1149080605769,1.13785215352615,1.60323029726405,-1.68129396352025,-2.01521349395175,1.63522864685171,0.580238522880158,0.730971438587311,1.5092600504863,0.264346023283698,-0.706089685490018,1.90794521025839,0.986194493495232,2.26210852786616,2.66933051484778
1.81144750783861,4.95122853407251,2.11625686872647,-4.30102500612421,1.02770961808493,-2.93571221442628,-3.03367513600438,-4.76540758416905,-0.881846443504043,0.613507518085264,-3.32787348018346,2.34172597145525,4.57662986288867,1.65098649040138,3.17801005608192,3.29199009346484,2.23988540364552,3.76493262160053,2.78646540094159,1.08331626624653,2.22140818774117,4.2643563650081,2.05410372943622,1.40521699630171,1.87075042840116,0.816063848329306,-0.00380609244736753,2.55195975201125,1.73740331150393,1.30482036721158,3.27570383770722,3.05509350324152,0.607798442126623,2.69168499082221,2.21876195344898,1.58680206864888,1.52670288055583,2.91422841736825,2.76344272763385,2.41545721182625,2.25920590068519,1.51496972800134,1.50037428875062,1.83790428148311,1.25974173868557,2.09204666565522,2.11519680912307,1.03789234354046,2.71647205132535,2.55517117494866,2.56026441783308,-3.09321714357427,2.56956912702848,1.64586959296478,0.784851134795313,-3.01698733672197,1.34211052731049,-0.960253633137226,2.41144740518036,-3.57097973360915,2.60681416313872,1.75879130324092,1.68560340896596,1.51931493995272,1.93359400809973,1.63442349582673,2.00039043547649,0.66181168845644,1.60835790754947,1.36561495603741,2.45450322711845,1.83236138647203,2.27708299759964,1.19465616579833,1.44589937400042,1.45608828618253,1.71604334288066,2.07044111843581,1.51298371542085,2.41851054110219,1.88120611328018,1.69316729564201,-3.39742687439417,-3.92119594358095,2.51419819112328,-0.645607197518433,0.532152012063303,0.409940734787367,1.9635527256032,0.834818601680441,3.49579201450923,2.07326723874606,0.930609545095024,3.71433136295506,0.148255955627806,0.855730076115401,2.275285351446,0.37868289842653,1.62262368533601,-0.468008678789431,2.67980241924847,1.86672539848384,0.744730609638749,1.36594841064829,-2.35831319834833,-0.330600880434192,1.09840040166344,-1.72539658360817,2.1793079501399,2.40444319587583,-4.38923226482051,2.19118681224919,0.582352064582279,-4.35429611005819,3.28741928903746,0.889547818298242,-4.10297526489409,0.138484341820089,0.599192048460489,1.459790399418,0.521765375154802,2.75201015068908,-2.0969308561677,1.34788479457186,-1.53141234833358,-1.16818251132322,-3.09571033495453,1.43896810233281,1.98922282904094,-0.467303060195298,-0.627831766681384,2.29335498503941,1.30216902881229,1.66120393751042,1.7483864220887,4.31006115029776,2.16548831728184,2.00427293611954,2.79318196622693,5.56228868458999,5.43851208226387,2.5258449360208,0.689681348773517,0.458175678122788,2.17258861921639,1.96955993732778,0.386906844828724,1.7459372052397,-0.675756166175629,0.553591079298693,0.957565784033932,1.16295599979126,0.503905673219654,0.928218793328582,0.102813897049973,1.26696726714166,0.364786538995511,1.55170826893675,1.39351202875646,0.836995245304276,1.50503956780807,0.924625066503494,1.66496059692948,-0.215096849297122,2.67933132302289,0.867917771350174,0.925283923514682,0.989805245782187,-0.318674869276542,2.04340823489546,-1.25219458322229,0.845663758989895,-0.185455382657625,2.1369829770609,0.879719746990486,1.34413933210553,0.409257280995039,1.5265560066874,1.90152610780821,1.1685199741839,1.3856038839185,1.70508789390116,1.80215144134864,-4.13480369747707,-4.31580685024985,0.69020425167983,2.34507325726088,0.720133495821692,-3.89777228988109,0.842706802732439,0.0935149366820201,0.862494479429058,1.29408462228373,0.787685107882728,0.0803142226841866,0.74602657774718,-4.54868864852041,-3.13455890007169,0.558451384050381,0.924442747760098,0.212084154996165,1.01068668804927,5.21584381837442,1.03155899289908,2.71307191334171,3.58560559204742,-2.01383785002968,-4.07576472771794,-4.30220649301005,-3.4158479922511,-3.19389846059774,2.61928823124187,1.76881019867742,0.754484123101066,1.24782602575755,1.51770149045281,2.27878999005612,-4.32903454505039,2.72868318757651,-3.01053680312378,0.397690573020803,2.52991852419183,2.75163126281951,1.72030784733376,2.54473833658703,1.81365541983644,-3.98065336603926,3.08970242244901,2.88478968581824,-3.28128478404381,3.28307628616155,2.89850760619924,2.93155645215102,2.56529798798405,0.0875487942789787,-0.580231602474505,0.519292834690249,-0.18416583570026,0.825015677114157,0.555103166603533,-4.18837826096479,-3.86076109804583,2.01226121241128,-3.49855549120841,-3.78733628037002,1.9457253354619,1.52141328671441,1.52220026733706,1.56880678255507,2.75122198204809,3.86058101774313,1.40251163730461,-2.71689102356271,-2.22251204187812,1.09300546227481,1.29004736659013,0.46737507609768,1.78206736592921,-0.677448303342168,0.0570835617965077,1.84218569940935,1.05214454724679,0.600718200007866,2.4189219877238
-1.07066713671479,-1.17646103636565,-0.371276409166426,0.163745636532651,0.0838625149841231,-0.222189878404794,-0.427527520234824,0.360537959617991,0.210553412749653,0.756380019628606,0.310117210023941,1.13358468600657,0.538866166124936,0.0639737043279657,-0.00555789753453207,-0.746588158549647,-1.11509684167883,0.0838585942311992,-0.0432679625658197,0.352886410794591,0.464248576441735,0.863739404721699,0.342260430441257,-0.338425013406898,-0.168265310690955,0.617212843904289,-0.718106733831109,-0.394892021216242,0.583861261181535,-0.445482110776335,-0.437391805526407,0.68362702441404,0.681813504610498,-0.091001647350643,-0.151379609029164,-0.0206275450390542,-0.552195480640655,1.7299840243516,-1.05914242327678,-1.00409742590396,0.511159308496857,0.352824346121565,-1.32091960085181,-0.0881708740309215,0.523427318024911,0.0213994451806026,-0.606208759627325,1.20842201936511,0.0665518128665521,0.0245933352404951,-0.673873719919257,-0.374833425579048,0.317942065057972,0.499657199855423,-0.790503234342691,0.146423899293092,-1.01305213672805,-0.4632462804,0.864677993710153,0.348741564596476,-0.582104994470685,-0.860870079759114,-0.464333968741605,0.109148050169635,0.351579964716193,-0.482318536746132,0.234909416335659,0.563504679084761,0.473685468021069,-0.0381045245520784,-0.785188282999377,0.507790436155123,-0.258975801440845,-0.0256624825466193,-0.279255757120476,0.604363886070139,-0.430290428900082,-0.802634153359703,0.787083160992348,-0.310886135828214,-1.08288920401623,-0.468708519050727,-0.618218508800628,-0.454513365201447,-0.352583379318445,-0.133837099112401,-1.08233835026225,-1.00320337856837,-0.842623930204737,-0.685278780998532,-1.1299095171302,-1.07610268632658,-0.75806976165577,-0.0775326347869349,-0.629384313628654,0.352946307877056,0.59142603598566,1.32882885128577,0.412057722567641,0.36428642291212,-0.0334871558136037,-0.275655642699503,0.382742376057366,0.845745071251438,0.619277201120755,0.820500257525218,-0.104988874280876,0.158415233638335,-0.027923132836803,0.101247846717463,0.535858417091922,0.762809250885145,-0.461699809718618,0.431644306583111,0.888969115230455,-0.311997302191016,-0.261212685958777,-0.944817514560081,0.0168313096410843,-0.142630053471811,1.41731153666008,0.23007397212658,-0.189955511567465,-1.58417807397191,-1.36198932922235,-1.13343078622332,0.549743338378731,-0.217760118009214,-0.279087691694668,0.79520444591232,-0.222693472818502,-0.626473043620934,-0.138864093897112,-1.19089521147296,-1.12720624080773,-0.046665695366942,-0.194181517684515,0.510304822872187,0.12417354975224,-0.279799224553233,-1.46860116498112,-0.186339911705929,-1.27465789039352,-2.23769779129616,-0.577826216952683,-0.212595658638286,-1.01775499492224,-0.940881085074107,-1.84789490467516,-1.88315996162898,-0.947801581427831,0.111977200942559,-1.63898919223778,-2.36688142627016,-1.39625585594377,-2.01143551601662,-1.89325427773082,-0.789292924416208,-0.733619814109446,-0.782438567577574,-1.97857811862082,-2.02667289069564,-0.763524766512737,-1.56311932068209,-0.736575291168697,-1.82124858412745,-0.61825561199261,-2.34592663639761,-1.84179966154095,-0.467997793432319,-1.85077050248024,-1.25380315809004,-2.67678169292469,1.12541674577365,0.243197379189357,-0.00576623098487654,0.946536167280173,0.978226167491008,-0.574473567892005,1.94833344002739,-0.0596137807701033,-0.233221582969076,0.978649114154849,0.34472961581939,0.576576462629112,0.635910827256229,1.1139817044844,0.903655933812823,0.597164359254474,1.21151331200309,-0.444592068855333,0.0983612751777425,0.961917509326854,-0.45427171676743,0.0937687192677351,1.28560284940139,0.41913865945346,0.767438996934093,0.0501699872360359,0.356124507788788,-0.0207720307607904,0.660554676429024,0.394719979680438,1.85113583116401,1.0964009711942,-0.389740170125277,0.065191743623967,0.553050198430677,0.680982933496807,0.774223384659023,1.10759959046906,-0.297745338315736,0.743652739717569,-0.214052608767302,-0.66054223364669,1.12268152967516,0.262624770321028,0.627017502471263,-0.459589383256555,0.431230807919037,1.10468297047756,-1.26707905829075,-0.304967619669139,-0.645981495834684,-1.71002686325593,-1.26087971714489,0.695678596949813,-0.3286984427583,-1.01526860839599,0.676207005305424,-1.30160400315016,-0.294020583653972,-0.351354219273554,0.626395429450695,0.223454867774635,0.303359419823333,0.891520119271926,0.161196699593518,-0.434119140982615,0.649165910736795,-0.313804373200774,0.409515644424214,1.0411431391118,0.491811201558737,0.335112457399292,-0.739892428958604,-0.284593299430014,0.209321049941593,-0.695547140258138,-0.288071199525555,0.051857591411551,-0.148702646552021,0.511689310625136,-0.511865090180451,0.605497498320872,-1.20759723379079,-1.11753199185542,-0.287980134430363,0.293895885859243,-0.856131841471982,0.236583276602455,-1.22221718321208,-0.402917107035043,0.26412692406935
-0.545572740391329,0.588814193469152,-0.513484441886932,1.03917279873742,-0.119855074831137,0.517398786912442,0.252997586661195,0.956337219274725,0.505177854836419,-0.011059756144489,0.680564112705947,-1.15372229947378,0.030023936235555,-0.923528491701233,-0.598844154070723,-0.341612714248966,-1.13675820839589,0.133163953440315,-0.78648776780783,-0.965029518050261,-1.25087996205081,0.619252691747704,-0.795437551255894,-1.38433365945152,-1.23313656441404,-1.01038949236907,-1.5409997700223,-0.80634868907764,-0.889598997664184,-1.39520332980427,-0.62070696946573,-0.431823842420437,-1.3590432510995,-1.04837470682292,-0.750286680643762,-1.26858351670621,-0.296563886548043,-0.26867212098159,-0.932185949794459,-0.869695759388594,-0.581796140367852,-0.463483025779499,0.757129859191068,-0.0808122111315815,0.312080310176542,-0.0388166305640254,-1.2815291932338,-0.0278101050988082,-0.963867770856177,-1.18440527177916,-1.3949911966477,0.680192802615058,-1.40149338385728,-0.585581545235741,0.387426667836851,0.653355712237872,0.321759822336127,0.685949232508302,0.323083075032443,0.712425452144619,0.0384359236529047,-0.426903923647293,-0.908509268396636,-0.311237720215479,-0.404752395156235,-0.815553281824278,-0.201170232465666,-0.759450543183953,-0.743271039239775,0.0732358450710203,-0.537087779277548,-0.239085337294519,0.0655133459522619,-0.162877748757856,-0.582261104485087,-0.688492224172666,-0.773934609275962,0.411998956951692,-0.557339697786659,-0.662882777866283,-1.04030202644879,-1.56758369532723,1.09011957671688,0.236877353867299,-1.42151194248596,-0.0969413295861564,-0.186748164019003,-0.232420875863707,-0.569584451891858,0.504441171626267,-0.0961911710123818,-0.234897235966783,-0.548130536897743,0.231157478907064,0.433629449370481,-0.171533503876096,-0.637456307385154,-0.769963600918013,0.669213340772286,1.2167303412544,-0.58386170103153,-0.491708847837562,-0.210904897251086,-0.10151020709946,-0.236294273317172,-0.536968181958824,-0.739192106388906,-0.395367882573859,-1.10436835182325,-1.39680983215165,0.298932648892142,-0.346916270990848,0.316697768087001,0.317077030650186,-1.29927889076951,0.43693102584874,0.109092677403162,-0.152196699910818,-0.105225669394571,1.07556651822176,-0.247171193751908,-0.529461686304888,-0.700853063764149,-0.157283755837756,0.00767856348276105,-0.0504477017346804,1.28131619793286,-1.44757320410373,-1.22251670622379,0.339434642875342,0.239833518813386,-1.71326293936028,0.601389484981484,-0.343106912634239,0.115188089982789,0.645054419147404,-0.275994163889691,-0.62638036984466,-0.579336251849969,1.1542397864994,1.54617699743675,0.0600085126499171,-0.657365095741156,-0.276627746261223,-0.283207320546482,-0.439722428491392,-0.314133018673051,-0.811436125371313,-1.48929015572573,-0.115878010524232,-0.510013542576205,-0.596982721330502,0.343946760186101,-0.618716978387372,-0.92914065986589,-1.47613409483299,-1.15078171460071,-0.0199852854225935,-0.958391450926598,-0.881117179638928,-0.146904824505379,-1.50985220252944,-0.268603581500672,-0.55609932082642,0.810929709748739,-1.53160485343716,-0.294018938016787,-1.03250822752485,-0.655940841809174,-0.485737850013374,-0.468395618109251,-0.10558206699204,-0.290743545541199,0.440658061119163,0.381476865712305,0.375054293053673,-0.367956188972955,-1.38962813740934,0.111106792907096,0.121475636703949,0.1780100905672,0.444776822924506,1.64307427417175,0.829123299946505,0.950159992904988,0.113621725728024,0.12912393964641,1.11494772883683,0.490119004739404,-0.0140751462910114,-0.602340831467777,0.168447751388067,-0.155911428321959,0.0830820884087673,-0.305782518700953,-0.284789593504425,0.805630335471965,0.878658962759355,0.161915286731514,0.345947556049819,0.81289446043224,-0.393232662918917,0.559159287433302,0.486970491284904,-0.297116082010805,-0.1070192682296,0.895723760469296,0.167097117555226,0.11912410500327,-0.481245314455482,0.0789772795669888,0.101793241833911,-0.50407486208598,0.156629855651871,0.688494130534923,0.205507203441776,0.439133521094763,0.676919711541968,0.211180792633647,1.03280453662875,0.149584204719542,0.350324162811861,0.547478218219341,0.95414301506879,1.12923415962287,0.191416439046641,0.816425821573236,-0.516331017276267,0.436155071999385,0.486155080281929,0.496452644112119,0.161867276367043,-0.366444999618012,-0.104686765551507,0.00541078972228642,0.0518337055860623,0.0381422128881874,-0.00963038355570172,-0.300915978831015,-0.140579987871176,0.583651935395456,0.275109918095187,0.820360751157769,1.29276917940493,0.586353117310725,-0.230127539794169,-1.38680563636763,-1.55983063457592,-1.36115979222531,-0.859513058762802,-0.195950997430325,-0.542544605616634,0.900468518334783,0.795721125255132,-1.27109526455504,-0.721154868991157,-0.211495938675262,-0.91920993973011,-0.313117832149267,-0.629938741035112,0.0292153768773525,-0.824410793198325,-0.98130024773156,-0.566812988112477
-0.0641339099571378,0.140654324847531,0.725488245876617,-0.927653734788725,1.37744097114362,0.394077289528644,0.148442798298717,-0.327305862586637,-0.935489535142954,0.40166532523337,-1.28144897568493,0.621298328523932,-0.513975380021141,1.22057780534822,-0.254950934349642,0.496093123633822,0.00693742892401045,-0.322484962225507,-0.94935514680051,-0.541913663471019,-0.252755957233652,-0.0813245063293207,-0.888502991554979,-0.864807712090091,-0.58285867508512,-0.752179433910764,-0.963688358994854,0.211541978222105,0.0876947839047399,-0.655941287816065,-0.629504412725351,-0.547483480394561,-0.808278286218498,-0.175033600218921,-0.869302553140829,-0.0842236251539379,-0.0989538530629955,-1.15273848076858,0.00577315078619916,0.0781245669035396,-0.272764662276558,-0.287269624040736,-0.282747105049587,-0.00559178951229851,0.319415344593035,0.576875722358608,0.00609526015787199,-0.774086120208549,-0.100895668609498,-0.862490335990215,1.29583133110197,-0.372333453305701,-0.800731084401763,-0.132431930682959,0.277199647514638,-0.336565401505311,0.870896324742708,-0.177540121504339,0.82471369953182,-0.682286047453772,-1.0765130760746,-0.773553478958964,-0.00218529513251386,-0.691419264714819,0.0935853087496799,-0.232078130490382,-0.207729618880759,-0.639805075833589,-0.163390198404959,-0.0836588453820601,0.223966553235925,-0.324461029033536,-1.27647678303986,0.158220103710852,1.13703161749188,1.70802572876845,-0.235908796770859,2.03049128099285,-0.367315816591634,-1.32774175260222,0.621222277031289,0.30789426900951,-0.391481622999306,-0.42547886431744,0.470035412461983,0.880163071890943,-0.0839995895015364,-0.109866897504001,-0.127577854102708,0.232506996309602,0.624737526063641,-0.128300802096853,-0.117849519539129,1.19181838148088,0.206797054119768,-1.59359665619325,-0.985085378240549,-0.314812319535085,0.228768004656925,0.927683683015288,1.36499211483983,0.942499896051724,1.46516402618915,0.796090878814092,-0.491347574345158,0.50592236363429,0.418123404456272,0.0300153578257842,0.473798826550775,0.757462845599233,-0.723939320717621,0.054071259777134,0.824775981791318,0.0695580792750037,0.360615644458498,0.081523895391424,-0.951241361454595,-0.111025995735619,-1.06621461040772,0.133325071933133,-0.633270564137661,1.63727773795746,0.298819811033202,0.073626990698717,0.183666007544019,-0.111904388422383,0.137589123679356,0.390298709610252,0.500441445282557,-0.532498288550774,-0.0902109690443994,0.367633182176995,0.645280308742717,0.264356486490854,-0.101477110576812,0.0694982589279991,1.13226724051179,-0.365214520732199,1.39846972439399,1.183236597648,1.28118109973329,0.673779212932454,-0.0496420846080592,-1.67855439135868,0.195083497913804,0.390193875409897,-0.666785236566651,0.0758805834996818,-1.3098265632555,-0.35867734221629,-0.14670870487624,-0.367403607194043,-0.903501322950376,-1.0421632977734,-0.566276576447674,-1.10854969479939,-0.767708161791909,0.028741061971055,-0.167289294579204,-0.424105937200276,-0.0113309668613456,-0.732231065280704,-0.252090321129593,-1.4567392163786,0.213778886682626,0.188624396835844,0.130115317303301,-0.593819292945038,-1.75999864114489,0.44871412908796,-1.01865909411023,-0.128554786714603,-1.12322825692112,-0.37958110695573,-0.383389138119705,0.932586641606037,-0.390047752859953,-1.20190962466118,-0.251827988320845,0.357254228797431,1.06497628460748,1.88613661330752,1.23780237372872,-0.61053876120751,-0.0297529833556647,-0.280196635653677,1.23759166840399,0.273676182464992,-0.557982555768913,-0.900831311497515,-0.0161714603833944,-0.831123909993302,-1.33185367100342,-0.487262902215348,0.332925326892775,-1.81675048833451,-0.266665189197246,0.487674906972332,-0.690098432715185,-0.0203457166948808,1.62487145142036,1.07352874023902,0.026348684688373,-0.931627994707432,-0.352785035304702,1.61647943955721,-1.54329352881223,-0.810266709899308,-1.03262620687721,-1.13037767931816,-0.810467603516346,1.61943025989126,-0.184993475663299,1.41015383730395,0.785696061574049,0.636992766235431,2.25623280273235,-0.417118234532438,1.96168126167911,0.0224602729507025,0.445384865217403,0.523901124652937,0.91811661332634,-0.0818800963614476,0.539270025103276,0.927483629750935,-0.37193656953898,1.28830010971699,0.194004532895447,0.19437964898733,1.21057675533855,-0.300580490240083,1.50216522258965,0.740628945421648,-0.68879246718823,-0.797267879143727,-0.884054630788617,-0.0834620608007619,-0.74889716366075,-0.424714006116824,-1.06638622226533,-0.724651389008902,1.57949486950272,-0.282337001390365,-0.0442482901122887,1.54148296743774,-0.0223988620626876,0.991155465747075,0.225352897606105,0.803313106420307,-0.571969100145614,-1.18740827730485,-0.234809465914846,-0.667987941240012,-1.00880078222115,-0.124072507674063,-0.335872917528145,-0.714108268905008,0.322283227073078,0.394076601853612,0.20180584590034,-0.534205778740157,-1.2048876788521,0.727123662050342
-0.178095143160662,0.101720775074098,-0.212419506404306,0.0948766418640628,0.01307235757896,-0.249386547565678,-0.831509813999853,0.103026462550559,-0.604416020693893,1.73064600701954,-0.3257964216029,0.457309000981087,-0.425098279217602,0.730629481108672,0.818620973066789,0.717621089958883,1.1593026829267,0.123936520391242,-0.259143819493876,0.474750068350779,0.289020297542275,-0.389014306598795,-0.113810245847894,1.03245598576279,0.555806247136837,0.25808498237782,-0.10332223313959,0.407777475290101,0.635469924695458,0.512203397369173,0.0676119762881563,-0.620081890617673,0.680089992493404,1.10636397160428,0.567036051055508,0.619494771798773,0.755750135339118,-0.548457495316763,0.874306675242732,0.962108037449463,0.404675935501056,0.731516991421203,-1.16952831278924,0.603930679057009,0.267031756526933,0.815195588993637,0.499448182256372,-0.561886216700953,-0.0520705982918538,0.0147410836561463,1.11982202208978,-0.715722380511729,-0.330449964860805,0.659365251880399,-0.896704407884515,-0.241675219742872,-0.712168536097593,-0.51954768667991,0.0880979539123483,0.000646862600968513,-0.680199623134104,-0.0277622663388841,0.308718510498806,0.311790720783007,-0.431620631428017,-0.215163696813387,0.138767774060335,0.560986047280918,-0.40941712677218,-0.599727425232478,0.0838280994281356,0.26872228519149,-0.36191727986367,0.652714532520545,1.21564293901962,0.378375903979881,-0.686663408665594,1.36360543396147,0.736181922947844,-1.00406280088686,-0.370180206544752,-0.724202981472915,0.634113884082703,0.0681041744310439,0.694339852354051,1.32510338962014,0.0944237332369382,1.34697560024795,-0.106942170864539,2.34375697264326,1.22933129593977,-0.309768860289358,0.948022898614354,-0.0611257965083019,1.13507619348792,-1.29933393852537,-0.228428459430952,1.32975605141059,1.5517748564421,1.92859193788817,-0.483541192245278,-2.13795354796106,0.620576232167173,0.157507540360929,-0.740998682832472,0.0928298330970915,1.2550360936099,0.38800896917877,0.833311540294991,0.372827959350427,0.323112295846907,0.0864005881635804,-0.535428855260002,0.497672169485496,-0.825754521516896,-0.903076851587374,0.0773013472672936,-0.302239706246437,-2.08772328412539,-0.41664743495312,0.464710818221464,-0.0823478503647468,-1.07726783889196,-1.64328356667385,-1.02549290493194,-1.01837227206565,0.270592167507528,-0.690334956950542,-0.931915702191213,-0.0701744630250463,-0.759144735766749,0.697790107041459,1.37556961600816,0.0188401631286258,-1.28594059216709,-1.18313399366068,0.953954640334059,0.565177485743268,0.59088503616899,0.396511600709058,-0.0813049730333201,0.298884724574898,-0.348530734457143,-0.0710270808813523,1.08612976354893,0.811270521209275,-0.111845912829478,0.325541948966839,-0.0584590239060438,-0.197588322596095,0.132342234443508,0.272937860182936,-1.17679100950532,-0.737074052157298,0.633571812212361,0.828109859722333,0.498907729585491,-0.331032025670481,0.79116626664212,0.322993499134936,0.307131602731471,0.874045167860088,1.28882107461859,-0.300645717606251,0.32282705229678,0.810228060551612,1.2692316714369,-0.451473301863598,0.739336624136094,1.3342780780547,0.0882506846100563,-0.278609488051814,0.293552243876654,0.98095996428778,-1.23852737741029,0.290796792864823,-0.183314928312457,0.25761553850575,-0.775091001644477,-0.649472756978172,0.209313642053676,1.07434419906729,-1.01725919853266,0.0662304812026454,0.0804126199369154,-0.17441010529294,0.144234217901742,-0.659773497468688,-0.654213949080744,-1.21188908323191,1.00148270384188,-1.50159118639065,0.349372421139068,-0.694865039452334,0.693970544983359,-1.04219229462393,0.781418365901453,0.534508149881424,-0.781348895328381,-0.276990312783304,0.272764578261799,1.25917731922945,-0.767286281009492,-1.32262819234902,0.231818153760186,-0.859908317606948,-0.591918444932478,-0.0777836988658319,0.175443184658581,0.0942594950073906,0.390343494364724,-0.714305901441797,0.66863380555533,0.784767172060158,-1.0332311413658,0.356193693378701,-0.143355730105337,-0.271311877222436,-0.782739895381587,0.937051954395089,0.85748452932408,-1.95434520817538,-0.729037216343712,-1.04931549993219,-1.81259196798389,-2.76496621612819,0.12688137598395,0.599084711438569,-1.44096150386667,0.668653363435887,-0.571271797925699,-0.461448697287241,1.40878935504428,0.524589706105399,-0.0503705261735738,-0.223836164507369,0.496708911821802,-0.393240542729949,-1.20127372954908,-0.205488242957378,0.266111397145605,0.575873629210533,-0.806838768230364,-0.588205992490632,-0.910409037250588,-1.03675740362687,-0.662928888457896,-0.86334934931445,-0.89758440906239,-0.706123183867961,-0.956251245775877,-0.316133546126715,-0.858292720766109,-1.14752155328193,-0.478072094096879,0.322745210323575,0.550456498681219,-0.249509667158972,1.28633631171187,0.467735015490855,0.674805257642208,-0.953022832717819,-0.501033711026974,0.491281046029228
0.0314378939411799,0.444128971371201,-0.620014205701453,-0.0551931903278122,1.41906168108115,-0.886496772889746,-0.597638549933932,0.0387161787748824,-0.856129856826548,-1.15960018902961,-1.42340649622511,-0.439686036025831,-0.579464089375745,0.495581381487341,0.487259354836763,0.83558214742042,0.794524989477629,0.325830587660743,-0.54903330111601,-0.12368115312669,-0.989678234408222,-0.671784204460695,-0.551708178425936,-0.122795005520712,0.36565484371881,0.0455462212684903,-0.264336768663117,-0.0709976412716233,0.0455154989103521,0.38660294746727,-0.175423403882361,-0.825836774495594,-0.745935723672938,-0.233800990921876,0.272119511300945,0.285324541201149,0.872601151403189,-0.946835275721689,0.79395594615615,1.08073771340436,0.51031444397341,0.585258564131016,0.500160196670864,0.726401896294919,0.785682142864935,0.969187038995356,0.260475620599673,0.345721047124798,-0.169273996070835,-0.0478326715589429,0.379241770637353,-0.527805145897786,-0.692305548787492,0.301967258973279,0.986394581290494,-0.110879438326558,0.676271743118586,0.418199764217372,0.57407224892341,-0.678360499029497,0.871294490829484,0.301957436946644,0.0004033264145175,-0.0506968855515717,0.0989567172463084,-0.240357589587791,0.604055888076825,-0.317880105067314,-0.000192853385117629,0.302035591083231,0.522739318628823,0.730256038398887,0.352295059095714,0.142406985230296,-0.997344534913462,0.0257804506285081,1.01109068764409,0.880000973545616,0.743146344414417,-1.12879464641933,-0.765762297967885,-1.66413078987489,-0.341502123802283,-0.957885794026127,-0.738862788274823,0.403797226035149,-0.531041065732867,0.502483012389729,0.0580953607498135,1.09339427618841,1.31301859814839,-0.208762925161102,0.204405919022994,-0.64619308543368,0.185152167521714,-1.11416900044979,0.0596704833828618,0.729135328802529,1.25271334227138,1.69609478505514,0.049380458700426,-0.325838992115581,0.725914440484935,0.375758480414336,-0.960186745903408,-0.463045345478018,-0.0777530436147752,-0.585939294631301,-0.808991538812902,-1.19214766769123,-0.796202863852472,0.483117337626189,0.426156913199784,-0.203711815801759,-0.0684339731954497,-0.314169564407941,-0.837009472346331,0.210529315241159,-1.362096937652,0.266288217635794,0.00370655657722698,1.44967260592732,-1.07873147442389,-0.101046585757207,-0.702442679108523,-0.998272370061212,-0.208189894081737,-1.35007538608666,-0.429069724594455,-0.149452855604669,0.0883220473208578,-0.284035520346285,0.304837372676092,-0.192672741389394,-0.506636809888654,-0.688103081192967,1.14119587357404,0.0338988595110575,0.40354231023229,1.44186555681864,1.17103160384153,0.40408449302239,1.00270326676507,1.03998604685669,1.4524714424647,1.19878494844416,0.64583195792378,1.45771298573293,0.626039194110578,1.26136404562743,0.854963710529676,1.1977709866785,0.805353376201966,0.932072904714952,0.716834431945106,0.803540091775768,1.34331399765775,0.789486971303548,0.870062946471243,1.19674854168517,1.42539193344322,1.21764940446263,1.25340087390695,1.02319047403784,1.54778474730832,1.29591450694116,1.64458352430849,0.51479629962022,1.13290680883904,1.30575921905217,1.36337571485813,0.685985957973118,1.5323023278191,0.893724892117106,0.204211851065701,0.437704311628757,-1.18341485320128,-0.445911426106452,0.354515452073635,0.4991995096026,1.27215661939056,1.22047726868847,0.191075917485112,-0.779991838627873,-0.965513433562449,0.517136556516628,0.787412963525715,0.479602817409598,-1.18008231869609,-0.771565969542193,-0.223338283688771,-0.854677313076747,-0.167495183791519,-0.59423412587357,-0.414741026489966,-0.326444753869086,-0.409682750852716,-0.30886690395994,-0.331854140702534,-0.373194411751028,1.05408037042584,0.813544670419201,-0.0750822119941683,-1.0185643625059,-0.104122193874905,0.698773633937771,0.510114330232257,-0.746838353465689,-0.835558949318507,-0.822476097906959,-1.40195526464389,1.25553589245585,0.445671094506808,0.904628247832787,1.26438589985794,0.951987729911533,0.961142491143842,-0.929302831248331,0.774858030728392,0.406179270121473,-0.812094101707652,-0.0664169993982697,0.77768394348863,1.30846251511272,0.881468606747387,-0.0137378829736865,-1.444815900549,-0.0161177149153157,0.60793053991791,-1.05284806964966,0.412378571913424,0.465506474983677,0.100522222824963,0.179614227870262,0.24615030649721,-0.307922086040912,-0.0532944806589859,0.686679454640895,-0.0996778743044563,0.449700940693747,-0.844386964335285,-0.570564570224407,-0.184253842465042,-0.91928115501468,-1.27707823042388,-0.459101840401337,-1.08047548951787,-1.68779775938527,-0.542425715166134,-0.00405593270540344,-0.460705367905013,0.506072974315614,-0.972441904152425,-0.618709789445805,-0.602634270997221,0.729041067865377,1.27431891855022,0.178136766647048,-0.282525239578695,0.798821470757598,0.290532147097563,-0.000236201439596896,-0.31438432194339,0.385283142497688
0.238433829755441,0.332275525027818,-0.46798004571552,-0.770974847747907,-0.165442367667979,0.282418996860433,0.0425648247381933,-0.101499958479848,-0.672175864246696,0.220767653427442,-0.264743672987538,-0.0576122491482846,-0.808936072745439,0.592546717388846,0.562593002928788,-0.106564255213076,0.593050681384679,0.045820648232444,-0.266898495776441,0.575746322615561,0.215488035152504,-0.238367246630282,-0.180346238944824,0.567226494957331,0.458264216742999,0.646801662227735,0.647847885656264,-0.209614038231411,0.0216388063532494,0.350123543491502,0.112401363602652,-0.117445134310127,0.527841938222241,-0.359530369303497,0.156756840297339,0.216129943852533,0.566530262810796,-0.488615865933629,0.609385710665339,0.58405616892805,-0.161146366471838,0.408357739134788,-0.407227481202678,0.262106568148003,0.193122171418818,-0.0111942450548452,0.626348596544065,0.507986019621692,0.317595927526319,0.369451350364872,0.117037364150682,-0.288443255621339,0.371457864357731,0.752891885149413,-0.264558399688286,0.329955489539916,-0.345765377263235,-0.361579170573786,-1.28614503334989,-0.0501845856968385,-1.20980326689183,-0.392876445491128,0.137670271097099,-0.625099650793408,-0.801641574367926,-0.579550936493063,-0.807409679629494,0.643972422292418,-0.201255910209494,-0.645486372408146,-0.119018642586971,-0.0282063738316543,-0.863934610813581,-0.660103896141356,-0.641354511775924,-0.180012278246472,-0.538368260588869,-0.150061665445217,-0.272480254213685,-1.94635561980785,-0.242164219991937,-0.486058601824941,-1.00350265573484,-0.550309465026951,-0.565099647597894,-0.0956762144331222,-0.0692169856938183,-0.582020129503792,-0.882437889440775,-0.7585193482486,-0.953176302126539,-0.897704813235481,0.172932666713765,-0.791983083038075,-1.49101656259818,-1.00158046971319,-1.27745965441881,-0.12152723588847,-0.649422433532141,0.107275260171817,-1.84687776637732,-0.392087748062371,0.0255749522412886,-0.731066883807002,-0.901253839418133,-0.675693229510062,-1.17011639394514,-1.03950523887009,-1.33750644392467,-1.31741688607994,-0.426156538593372,-0.370918848772591,-1.2018678274622,0.209823699041483,-0.380816884369626,-0.838090179267414,-0.733775142648839,-0.666548111637758,-0.823158157482717,-0.41368557183336,0.418884156486243,-0.384920495426732,-0.606272353009944,-0.129206624487008,0.55505983850739,-0.487285825538251,-0.0128401312840791,-0.954714934311552,-0.169245744628087,-1.00496897238663,-0.76501429239583,-0.168920847865126,-0.584087453614543,-0.252034506756313,-0.461298509098273,-0.681533523980132,-0.121796386799428,0.826620491571327,-0.40867203183136,0.991117472531427,1.29872327784545,0.44365388969214,0.718295044648587,-0.149532510634591,0.55891660801827,-0.0926912502640247,0.181774033069935,0.980673150183579,0.77524289937647,0.969894081387816,0.722254071262153,0.159659277210412,-0.30259553714008,0.424886072756831,1.12787518226458,1.37477306301441,0.6717716342944,1.01648909122705,1.21645024944828,0.0686986124609173,0.214424988068558,1.49437855565191,0.705418558534768,0.196108187128846,0.479532451855936,0.841101423164348,0.988499086475411,0.194753635154015,0.277333399657314,0.0151901811946823,0.276236627490685,0.405623128695627,0.562407359461013,0.23198237924809,-0.133088913215971,0.247750458997652,-0.215523091666966,-0.106668492698154,-0.233592992590892,0.23046526677791,0.431290868278819,0.507882706975187,-0.508744169065555,-0.238526248130267,-0.0929072501628159,0.0235250907902861,-0.651578478619127,0.32037679950241,0.00950496312519393,0.318677110890523,0.0839469834538125,-0.0984201007971617,-0.0973333587382908,-0.594672880376104,0.294012304553321,-1.22753486868272,-0.343530694108562,0.0604352826007241,-0.411767225414798,0.253868316355461,-0.33921904657598,-0.250503030201928,-0.255734653390522,-0.630222478688805,-0.102623097340662,0.0240407130219294,0.211183305999464,-0.0580196828590448,0.0920022199569844,-0.063906554686454,-0.221174634572021,-0.58356495358326,-0.0448530249228481,0.115666099049628,-0.682380997376495,-0.872176082305426,-0.0447737362996385,0.143521908209633,-0.332673166185355,0.658132730568993,0.118398095139949,0.0575507641387061,0.666147202003297,-0.169698330384456,-0.199714116443468,0.156109829807279,-0.722199121423494,-0.0195704121940539,-0.874005296978073,-0.900701528162033,-1.05730695961018,-0.0459094930247427,-0.0248790149523327,0.0500075326563459,-1.31462426828535,-0.267942082854669,-0.740194548284621,-0.307250271251294,-0.436302531421397,-0.328044738235332,-1.29394155739832,-0.356343248652808,-0.705763609620409,-0.605628471642847,-0.458355292703314,0.0242656779917129,-0.753642063812258,0.588382572111761,-0.73740529480288,0.168603889575971,-0.353823818774616,-0.211540087129614,-0.618004029674323,-0.283868024815444,0.374897464081353,0.325355682474871,0.151969935485768,0.129405372699559,0.312283083807871,0.242673712498126,-0.164554723835391,0.0205518636189369,-0.409965939803139,0.0679317441309235
0.112017013535601,0.446902611608833,-3.41943934321285,1.57758206618158,-1.99871779400949,-0.431370454661383,-0.247950620045331,0.864667868140448,-1.48317011948191,-0.265642502991178,-0.102720126963929,-2.22525891143026,-0.994015733517973,0.216574594981525,-0.891222096491359,-0.767930072905126,0.00992357253514163,0.0410195822553705,-0.387065457803715,-0.298435749701509,-0.664580355440415,-0.256602057878822,-0.355501577633392,0.252953503584852,-0.750032682337205,-0.497463645095625,-0.200610771734179,-0.605713836992361,-1.26414336512306,-0.263258005795791,0.104345943765437,-0.621854425768704,0.166972828208305,-0.0281939917784544,-0.0854419550604444,-0.514192295920598,0.0268617088239436,-0.50786955328351,-0.185426742140569,-0.181542999437266,-0.896078370599244,-0.195028380118608,0.0791249997971157,-0.304983704736688,-0.0544868301469424,-0.047681295617999,-0.593440848117402,0.367552593818338,-1.10822200537977,-0.479413146484653,-0.40115384641618,-0.190810665735127,-0.702132115630499,-0.384771773296028,0.556785685600473,0.342194503299536,-0.774339189610661,-0.3539397806794,0.13114447564214,0.510368262659395,0.253024993611768,-0.979039776340332,-0.947744874034367,-0.38914629290853,-0.453320772140161,-0.829486647681702,0.0779132009856452,0.412081498980386,0.122479037175595,0.251185081622715,-0.668046828898155,-0.262847541899207,-0.212553592480009,-0.488677457624809,-2.08040629602564,-2.16716354959415,0.710864196984378,0.032379251040862,-0.808721470125792,-0.950448496768012,-2.14400417340389,-1.97743546736173,-0.113247279510898,-0.139663608026342,-1.14397528982009,-0.497582473057717,-0.159178815336263,-0.650138754114772,-0.623182060405305,-1.12483025472336,-1.45679659157756,-0.6434651539961,0.515979785862283,-1.23440865030576,-0.140404615224015,-0.765446280399635,-0.746583891793458,-1.55676300241441,-1.56457695048504,-0.174568057616836,-1.39917425892465,-2.071324109793,-0.920159486622876,-1.42702906353744,-1.19128682456903,-2.392133504734,-1.47774915904058,-1.45309843174928,-1.66626367203974,-1.42558356319806,0.585066592857246,-0.899138187480602,-1.77869505905034,0.182201905588652,-1.8781274886995,-1.85039440141275,0.267274291153838,-0.387038726609003,-2.55940220564426,-0.653500240165327,-1.16228253081618,-0.746153447140526,-1.25157057215868,0.190309419632847,-0.691217600228494,0.477315541438394,0.496618292623801,-1.69632345680519,-1.6493908843342,-1.28613663043738,-0.354572973260374,-1.39742522305297,-0.640651517388928,0.223301403091439,-0.068968302604609,-1.04775001360585,-1.19265998203732,-0.421336655804414,-2.11923228220566,0.117535435247036,0.02639450231974,-0.111179159454969,-0.0249348440284955,0.263280576330005,0.664343223131106,0.239829035814824,0.183744284362163,0.727347410695248,0.765527864167504,0.531853084247256,-0.0524883341397545,0.125548079878695,1.19228893460183,1.07670909715585,1.42365519762742,1.71290326811756,0.355096460208017,0.379786473264667,0.893061636028246,0.438971564930684,0.123188113726916,0.694109669254896,0.933295548533675,0.547160740178118,1.28197237989898,0.568310647372372,0.927550653820434,0.726536981301366,1.01621587980487,0.679986750662456,0.755354941964765,0.355077616366106,1.46234406513504,-0.157859053978031,-0.286592180603774,0.108918475893058,-0.0494585481521932,-0.709755839616835,-0.138203396646352,-1.78171114727461,-2.07864550217155,-1.5420221112399,-1.27475154702126,0.814359390976177,0.560151756908966,-0.541984603367898,0.0942934288572691,0.317586047969255,1.28633224931487,-0.173190519483737,0.0781249085167925,-0.655930994915423,-0.400268178894138,-0.0952573497666019,-0.0566871532516804,-0.650020086473651,1.03872492826473,0.177622765782087,-0.330063063289501,-0.100822697583921,-0.139281090742261,-0.588342912887581,-0.71587110266177,-1.36568282439785,-0.946194630391099,-0.904028665044841,0.530694184393386,0.703428484422333,0.883460532274982,0.644650472568141,0.768984912121235,-0.264849653837647,-0.0893780740607807,-0.238755925873835,0.508450338499837,0.282983273404791,0.304924006207874,1.00336026010063,-1.07274160395924,1.44111995770915,0.0231921049350921,-0.354657748629084,0.111334804076372,0.506197136872911,-0.163435920166802,0.146762254261795,0.290765282904194,-0.891792841020104,-1.15637333738878,-0.044776147776083,-1.68168625406986,-1.1296898323972,-1.36972017639065,-0.199245971424476,-1.03905298042931,-0.303676052461052,-0.0192264683719982,-0.627948175419295,-1.41386785421227,-0.681862549343755,-0.447963818260618,0.566604878156022,-0.935066798735838,0.317941023060724,0.209357191162398,-1.66457591481933,-2.23689568641072,-1.64940134819237,-2.13383840629027,-1.7494274447796,-0.840457577210612,0.0635141322170396,0.15599086765622,0.248110665261619,-0.63726865640826,-0.138734232420646,0.284082769661027,-0.553812005503125,0.474891187196733,0.541485954136322,-0.65484359422976,0.0408157460408232,-0.462295913382299,-1.47915759456232
-0.292497399773233,-0.317062588777561,-1.25908151248417,-0.333355389887444,0.474054656516011,0.428598269526981,0.556698753905102,1.09496548511081,-0.822584963485222,-0.474593853332236,-0.530923244589084,-0.582057143264604,-0.431899201060056,-0.439395146837771,-1.00989190916568,-0.41222854855063,-0.188280110962783,-0.517257362095741,-0.663696118155167,-0.857730198285,-1.3321660658408,0.0233840943612815,-1.03365167953852,-0.115684885249706,-1.24826285711736,-1.25435390946346,-0.038503538171138,-0.703884344941249,-1.53568185841053,-0.491600755645781,-0.629416595383808,-0.877876486380374,-0.566092392330351,-0.355620863085413,-0.974302275294713,-1.02588897229826,0.355098625889073,-0.515278993777811,-0.18606919371592,-0.549304267501268,-1.1188841342827,-1.23828849279155,-0.399013153870133,-0.964433704051496,-0.578275092617709,-0.658193868009653,-0.406922498107239,-0.376593556039705,-1.27804840658594,-0.719538975853562,0.117124101411582,0.0603842324866176,-0.949823887948857,-0.648154918545527,0.157941068769218,-0.187998841339408,-0.144062106995336,-0.0791958561379582,-0.163127746252312,-0.480363396447267,-0.329059803809696,-0.900751027822887,-0.677289530823932,-0.949084915525508,-0.0981950357698851,-0.155583486589531,-0.681603529129559,-1.04958210412182,-0.472221575211739,-0.222631387814125,-0.331946177058683,-0.90896860086892,-1.06818839901666,-0.223024388620807,-1.6582630120264,1.03763565280225,0.521625489813085,0.733747557256094,-0.942229813341311,-0.554823221027335,0.343910088055208,0.171172513851358,-0.242195085806576,-0.129897856650288,-0.0888264375271468,-0.599808235997684,0.0316013413989397,0.192143008977591,0.747179946701385,-0.635316628851323,-0.173644907116204,0.0690812671213801,0.915502604493481,-0.381843306301714,0.0172746265992966,-0.907445646966317,-0.972215187615934,-2.10164357952339,-1.62447050723925,-0.476599471495417,-1.02988665407276,-1.85204931588945,-1.71788967345939,-1.24381387036075,0.00770688317257548,-0.462062263806356,-0.551694593841198,-0.604997386525782,-0.173474801545654,0.314922821541735,-0.0643881011793165,-0.790186155841562,0.554123598787693,-0.346366726297795,-0.314796997463522,-0.281607473042503,0.00684233624181112,0.485430220455952,-0.584243159164707,-0.0193386801071372,-1.36433359706799,1.66377379722573,0.211559846311761,0.00904014805860777,0.26079247412588,0.522530798248504,-0.165332016183753,-0.139116363781614,0.303340737996762,-1.04606515519896,-0.30583293808226,-0.639902071955018,-0.0414809736762797,1.28102997155723,1.72540346721888,0.0486610721228459,-0.461539044526055,-1.14948969480463,-0.0322084814002571,-0.146820159078035,0.683456646839937,-0.397181965179674,0.768090444592011,0.490432710215687,0.17552546030996,0.116172605738846,0.0132237033140781,0.524764314028046,0.796403855063443,1.20338007746139,0.327300904068442,-0.182299903122045,-0.0522658174206612,0.727208439050883,0.818476784253492,1.07101500482552,0.598462332189047,-0.210569845231835,0.848576957874061,0.416340518757745,0.985712274794154,0.741102266320677,0.865136034542271,0.591293487277051,0.91236897310012,0.45417902234146,0.369174791767133,1.01649794395535,0.188631799928698,-0.0489377378604756,0.617785487760673,1.23132801531851,1.038724548675,-1.465406202394,-0.670242048775352,-0.93871711726706,-0.40300460357023,-1.44843275360541,-0.227021600684931,-0.0112571167554275,0.0849569519872329,0.141518917652698,-0.320243020441042,-0.19304739423287,-0.0805408651114398,-1.38589628132027,-1.00983459618547,0.330608773917493,-0.0433250587651626,-0.634593332555592,0.130412965610629,-0.412680420871473,-1.2579312813346,0.0613663306146622,0.0814722472109057,-0.775568864467179,0.133865051184203,-1.11122895045341,-0.146298349737046,-0.757054236824728,0.156708905669305,-0.92525875888078,-0.15761601524777,-1.38688552164681,-0.997223366314805,-1.37717910924902,-0.827460687278875,-0.208475476295886,-0.291668820582845,-0.460772930494181,-0.712455300020361,0.855490293600827,-0.355892228441745,0.0398993515863132,0.39486044566534,-0.501820452932747,0.0950537998372834,0.315958678806711,0.282096353054561,0.156852951818614,0.136934679297685,1.24925610522293,0.38792518452291,1.59469817921235,0.897403751975565,1.69863527114507,-0.270374459739519,0.356728783942704,0.276228390996254,-0.864495719440577,-0.534399152151447,-0.716669408282687,-0.181072877617744,0.0718395066884289,-0.950559804579054,-0.697990558638836,-0.828578713019054,-0.903436474155913,0.0510197215600272,-1.27711268240027,-0.94038693654786,-0.777430327603522,0.255647998837377,0.0504402848027337,0.53882850213888,0.982592956664084,0.228753465256511,1.78994691418269,-0.600662576373915,0.683671148823697,-0.190535086092657,-0.347281886591928,0.140629267826291,0.52192650982315,-0.916782332151493,0.102785800078472,0.335290032514894,-0.617299857559123,-0.238612947773825,0.317669930807211,-1.45631139188237,0.978710221686889,-0.550693470496891,-2.09325136611457
-0.436820228941393,-1.16035983471329,-1.28887017533158,0.278894222621814,-0.123185131171666,0.229460690000625,0.00382645052990744,0.293995794526354,0.850600031076415,0.559910448203035,0.875293924671465,-0.124564818919628,-0.66737304092669,0.243118802087227,0.174641055179515,-0.76641631319442,0.261985902957041,-0.634676239593146,0.0723394969783108,-0.00819807213513687,-0.350039460263316,-0.769698272485269,0.0353504133124513,0.897112844671312,-0.463119280573191,-0.0711817956382964,1.22389115601432,0.201374950176193,-0.207672987395288,-0.0348945377013785,-0.429029236921011,-0.505339139711837,0.812524112029039,0.637772822123604,0.125249160423625,0.0585152026619809,0.406724653017293,-0.359407049016653,0.137809922567612,-0.0184473363934728,-0.242876125586136,0.730783132388861,-0.280014604024174,0.330857978719991,1.14107496127315,0.724706830139606,-0.18997349745769,0.102503698336446,-0.873097731146847,-0.369420684388309,-0.0114111492603273,0.608344454509279,-0.414005743460941,-0.353039937486712,-0.631443294518227,0.830861793079842,-1.04492385519679,0.17039537895913,0.707130655701351,0.997984902629338,0.20653175387665,0.263282107706555,-0.0454754325490448,0.282245449711035,0.106299597271234,-0.290684548085504,0.289360098348705,1.02097816131872,0.26231624016012,0.257539289397372,-0.257102905931028,-0.0503317876425482,-0.124852672867545,0.145523113094699,-0.218514777625251,0.264262454504271,-0.0748949150933428,-0.420389691980259,-0.120958824521752,-0.476404086894069,0.0338079198637658,0.441151599149962,0.201231704406684,0.633278915213173,0.337619221498684,0.562118305999457,-0.791374211334568,0.707162211747755,1.56478382420527,0.102540628355975,-0.765378423310852,1.08015911272884,1.42319459264371,0.169644449770305,0.688884534612578,1.03815876814501,0.590098309731796,0.339113557088638,-0.827026378047532,-1.08422808213559,-0.70989079163424,-1.78899029890716,-1.05267261883031,-1.72292669217164,1.46195728140484,1.34999977707961,0.777352248732996,1.04406715066556,0.531474828624894,0.898964857949453,1.2889883619094,-0.479635052301318,-0.12704810055431,0.392032928459458,-1.24468039659348,0.100410981497182,1.13179342861754,0.740161875025398,-0.100322354569421,-1.14168691939853,1.13031622652503,-0.390862484337702,0.409562516802239,-0.839769302744493,-1.28960611092425,-0.451025080872329,0.100603948356842,0.643894919225962,0.522561635559504,1.02698339005062,0.467546987773043,0.353827942022288,1.51548703890188,1.10812418248448,1.12158797423006,-0.238618200658955,-0.107530053416819,0.105450778005541,0.161863370041495,-2.79502291893613,-2.72376908455661,-1.14952452567953,-0.577825208577936,-0.00872442299496494,-1.19000007530242,-1.30042898612995,-1.04601822618832,-1.33671916216392,-0.0548651544958114,-1.03519290077108,-0.458698866965905,0.309974632964123,-1.02086487770122,-1.39248480125566,0.847783827704891,1.0781247507083,-0.993102995785783,-1.38445940132946,1.11306942849083,0.742326237384395,-0.970254369044994,-0.00725987921936259,0.504947589007815,-0.701907737631291,-1.05797692632716,0.15951732822105,-0.27934514329662,0.0522994703246395,-1.0375190154831,-1.58510075988879,-0.687394588308355,-0.401024106391668,-0.806711881521217,-0.566188739710661,-1.40912399236519,-1.31549813489618,0.741762693704198,-0.0529887317755958,-1.03820862526087,-0.613037175697355,-0.984203706477166,-1.2685628019007,-1.6578042323601,0.247381298791985,0.164697140208988,-1.03149550208917,-1.23338514420831,-1.25901544777768,0.357770134054672,0.387155098340726,-0.261036266051236,0.225890871348846,-1.03825499427898,-0.51622399112358,0.697003581235783,0.173571554082652,0.237347625246671,-0.814031431722492,-0.388948272974291,-0.642430496791625,-1.27323734444606,0.284021206378332,-0.50429846055157,0.703384340199859,-0.704164930093818,-2.44828262523398,-0.755947805630389,0.619902605239062,0.746035930273749,0.934229509757982,1.2789493989741,0.138511475534495,0.558625630536018,0.573889873596147,-0.550942396573119,0.520408857373515,-0.434432840522073,1.39430218831569,-1.34290832010136,0.854614456714104,1.9328774922721,-1.60482929893393,-1.00368056235325,0.373216934112011,-0.829355800134704,-1.57226240033941,0.746805287922513,-1.33839664562698,-0.84267543851949,0.991598144612196,-0.634323570462204,-0.63557227440706,-0.505379444419143,0.531076260286097,0.969319820997231,0.968345044002228,1.32558026115537,0.687963177372064,0.583738592124702,0.676756738918925,0.426112814623089,1.13906582985322,-1.3546729205931,-0.0131334013078423,-0.213429024465249,-1.40665145394763,-0.617544390090454,-0.0117118604982955,-0.627947520094968,-0.287313416258503,-1.07734659630297,-0.600110739662637,-0.225737961658002,-0.883431042393375,-0.253869491325148,-1.21720468897038,0.474527543245841,-1.12070059608159,0.250733600190874,-1.31064014904989,-1.43205036832136,-0.823600899658327,-0.482083808140979,-1.26661595283027
-0.950008521619494,-0.437013545750949,-1.74095127219588,0.496422099881649,0.840970671254216,0.156600370651398,0.523501371672369,0.353573853936105,0.888860841803238,-1.18852323789154,0.514981031256797,-1.15053198402912,-0.135438180318599,0.325114388658995,0.698772286060506,-0.0753668246991811,-0.0437573000210371,0.0536800214997339,-0.437652503005905,-1.68066135442471,-1.15639869494903,-0.334464363174952,-0.500129920699618,-0.692425602198679,-1.27777123113444,-1.25256032348734,0.350206307492421,-0.542573360666514,-0.441762041145227,-1.45067493578837,-0.176711259103831,-1.32250660154381,-1.76024032202218,-0.761020288114502,-0.253869810889279,-0.793453762295888,0.375681594648887,-1.14698717811692,0.0294154439198323,0.366304724461468,-0.441101150384512,-0.0312329769837692,0.859051688045056,0.464078493745597,0.699380262053589,0.847184315356089,-0.158353327678072,-0.856152554554832,-0.839788825305001,-0.554817131285963,0.518809504620485,0.767390731192472,-1.09880179367788,-0.293964269078661,0.280893115242178,0.705450045092032,0.314257169159977,1.14427719344865,0.592874546508041,0.783510171141174,0.991508813166731,0.17492273867224,-0.3442715455906,0.0786054670569975,-0.377515990574831,0.113932254651393,0.129335789136059,-0.47254584189537,-0.884151699533209,0.0556442741231453,0.00583099493871679,-0.292854032914236,1.05587097548935,-0.02250752773548,-1.82546453965893,-0.390265891542157,0.0676774443732476,0.504967702215878,-0.4506110148903,0.21819011424778,-0.290215367848,0.0483421190487702,0.625603282460298,0.21587054486314,-0.637894335310709,-0.396719267052518,-1.63000084252631,0.42538076749437,1.64937600408983,-0.602275077385269,0.203465756056776,1.86744796397027,0.873721988962011,-0.229615410743778,0.533868897450369,0.779365470702428,0.61150703205122,0.507062706629874,-0.177320181571378,-0.0663857851713974,-0.265030498832682,-0.549317162182615,-0.641572998381509,-0.896205513994665,1.58355713706662,1.28836035598424,0.607861324381038,0.767335861869462,-0.372558736701275,-0.327387836385882,1.12402962414876,0.247485591628235,1.27315826780022,0.462263293506651,0.0160838796737769,0.758144637345737,1.19967126260801,2.42155621679139,-0.0348781295709148,0.239984240684818,0.867530311984443,0.665417800471466,0.327223010557564,-0.0872070161069516,0.308026363143639,-0.299356820570088,0.624918069375431,0.0132557322876772,-0.0742878761785975,1.28647490728911,1.43208400864546,-0.520164843943164,1.20830797954496,0.980647304022157,0.482639008073613,-0.12585446410066,0.34579208803698,-0.0190436309224654,0.125076050089766,-1.55498580710055,-0.608940569586765,-1.33542400679676,-0.428714378288802,0.283711591747091,-0.48457274875767,-0.883512692343566,-0.750727900111089,-0.259312267009343,-0.48865541805333,-0.486424304693368,-0.888910783028483,-0.0398126534539536,-0.560272777954687,-0.976036935313966,-0.0953067952842803,-0.0956668843018845,-0.634856438164057,-1.0905188912483,0.0104547991344699,-0.301478805074063,0.0661068080402765,-0.617256026803055,0.0713209386182241,-0.384783750459695,-0.690319229758844,0.2132763058328,-0.651584824336691,-0.413910823790647,-1.59529531493502,-1.15636607315449,-0.0299386589881722,-0.290231913224225,-0.960966950358553,-0.0938211151902354,-0.588177013026324,-1.01227761256916,0.134599459919932,-0.736384675667105,-0.982772659483917,-0.486717999934742,-0.14611815157032,-0.121589935491814,-0.729018725553291,0.500464071234793,0.213604481744543,-1.01414834893526,-1.221728302351,-0.0381394140844024,-0.065446758830205,-0.804787966418512,-1.55566026865307,-1.27959216606868,-1.41918659364744,-1.32258111837781,-0.894853972956454,1.15628486749949,0.486655385401118,-0.627809656239236,-1.37481633184071,-0.85658620746609,-0.237171352494423,0.250258815417076,-0.280395033453192,0.451938550280937,-1.2764315224794,-0.58081680441564,1.31573237998897,0.57480875211091,0.58172718749008,1.02902734946018,0.261241105896877,1.63497651680531,0.0595288945763738,1.92417837268291,1.28617363832198,0.438427922096128,0.167829657022948,1.39724313157289,-0.0712593894256662,1.51453320524788,0.105982177015032,0.675812275297279,0.542758467432065,1.91044571320006,2.07762476421704,0.566197716216891,0.259152324302816,-0.629394020596223,1.4361708536411,-0.0347882358061024,0.145740172897725,-0.215932591403329,-0.324717257864497,0.633627209295135,1.213214233041,0.191011871371866,-0.60052699660349,0.434136928967194,1.42991970730525,-0.199952068287227,1.03261117035225,1.01995296310266,-1.53841915305379,0.194307050953159,0.500544704155345,-1.40860144229055,-1.35153361513035,-1.69607798721208,-0.954437527395856,-0.475947048684265,-1.20272020774163,-1.11418069466332,-0.257192851905283,-0.247985198270774,-2.10389182869221,-1.51005690941975,0.941347402272723,-1.67385583243327,-1.47022016844101,-1.13541833564267,-1.03268033485421,-0.65790789155844,-1.21826459439278,-0.493294137067299
-0.493058074038338,-0.515235215228304,-0.0421962331354545,-0.580911278401568,1.15405499986991,1.03073597598464,0.442667312131647,0.0966348795987928,1.25348810680578,0.941225784043279,0.72292646020922,0.823058920733867,-0.822867587272626,-0.0687314097906946,0.963545947812591,-0.0967647648356709,-0.0190960266391301,-1.23840908111713,-0.594545805056675,-0.999441486715473,-1.17841054043247,-1.01701603928844,-0.895000513772578,-0.272229223030887,-1.57519616932569,-1.20635607377623,-0.289511818726166,-0.572816402126815,-0.455652478918056,-1.26246225450997,-0.993144368065384,-1.66017273749838,-1.23053892328759,-0.570157380495044,-0.783678548034092,-0.719232893808164,-0.299467111182411,-1.87874102668422,-0.154217256032141,-0.0476004861266479,-0.652030174755047,-0.650544956275173,-0.893156031238773,-0.597541366341654,-0.4623835041948,-0.496373156192039,0.28045049030511,-1.003530287198,-1.28607041309664,-0.971978750774677,0.667000374131475,-0.145303750005646,-1.12071717149518,-0.249388735434897,-0.821378856929946,-0.202098759994964,-0.367221887416872,-0.562425928638791,-0.203584982819513,-0.122859132632297,-0.901862576435914,-0.893188456230572,-0.266287083218712,-0.156731912256828,-0.44368808763789,0.507032241630941,-1.16640561752598,-0.240937562519074,-1.16256343580453,-0.700745083919515,-0.273395851749924,-1.51580062840278,-0.0209965879812125,0.616126584914349,-0.449974246012036,1.466152228736,-1.3445481322156,0.364654903444332,-0.557490738187241,0.267339647266631,0.157797411379265,1.2234715951385,-0.161221491138807,0.244662428183117,0.972289406900611,0.33195797399663,-0.888495269760441,-0.210845301864977,1.77609141293304,-2.06085944650553,-1.30557033506972,2.31626935385921,0.569429133207663,0.912051768695306,-1.03557453324318,1.47522918397584,-0.0740476512355327,-0.0905505016175864,-0.998636329062479,-0.460187376933402,-0.736944491976866,0.309911616464981,-0.757472636530858,-1.26384235083552,1.60830192660377,1.49340871203515,0.645574043408595,0.877543931914167,0.65259171185467,0.958576232688397,0.597126399692675,0.45424292836809,0.754818154932439,0.33121699869517,1.11005735846423,0.705152391359103,0.100151002255249,1.71008729800798,0.875651184964192,0.508490204822487,1.0681360851006,1.36596720115828,0.192472733515818,-1.11540825468965,-0.224446663063765,-0.46728766318395,0.731118544529498,1.27434365660694,0.747075125008141,1.25118449479271,0.737212808220104,0.424680807360612,1.09948325004465,0.408638398843207,0.487772251269743,0.0759958773664541,-0.0166591089412994,-0.214716731778054,1.09803856548791,-1.37777473717856,-0.196525470470477,-0.361740262154667,-1.0983363649582,-1.34560643992351,-1.14405943357198,-1.26030582770441,-1.15123172619189,-1.29687170351624,-1.16009964244416,-1.01908020151746,-1.41744563836151,-1.4405334603337,-0.605596360747589,-1.25730000847026,-0.341599297386419,-0.831339379551067,-1.17996561688142,-1.91380121887214,-0.254778991953593,-1.99699019997801,-0.23979120720118,-1.10205695080116,-0.285530790154661,-1.067642925028,-1.04386257455456,-0.826117224542072,-0.922579191338298,-1.4326155924263,-1.57966280582844,-1.49035700312134,-0.936539379438506,-1.13224577491273,-1.14416569722819,-0.30823777862155,-0.495227648981322,-1.41364995257906,2.07089466770693,-0.948746381594536,-0.769403611658495,1.52318400318986,1.32477675021206,0.468936654324685,0.121410874699295,0.820822116650111,0.367936343521972,-1.06104254043252,-1.55152124662387,0.2087457008358,0.392971342399013,0.465560716105539,-1.11341532145165,-0.264899564770716,-1.93408272785579,-1.03241699148594,0.354137780198181,0.906020579286199,0.26602897338726,-0.600495726439491,-1.3162958133435,-0.546302757704161,-0.199803542140198,-0.609985933845294,-0.81403595316987,1.69065907922747,-1.21173284762602,0.0488079383435949,-0.332342743789829,-0.0784547646378162,0.11292705228791,0.470918623437702,0.49231325494041,1.73771102363366,-0.370381727598331,1.75245428747615,0.663113986657648,-0.784689947194176,0.92393594735533,1.46942248091564,0.980765630699697,1.07922067757243,1.11700239286112,0.220880995394417,1.30650449624798,0.479152577223522,0.953057507455519,0.461404844531024,0.607187893019067,1.20701253763693,-1.21856762450853,0.853477760948688,-0.0842231934616145,0.249540531287144,0.935907089574839,2.08804087631661,0.452468695392375,-0.676676789734661,-0.734340469673405,-0.511099107484125,0.680988865555073,-0.98753117388718,0.08243465075527,0.0129781631467564,0.250595142853332,0.0403875026470619,0.162022353011707,1.01988171055919,-0.176141290575087,0.800141987013214,0.908221366124874,0.460603577941163,-1.99732923891637,-1.94970902446346,-0.0495324701058682,-0.464666092390918,-1.30234184651276,-1.6714387556416,-1.30534681546816,-1.89643812084842,-1.23830608385785,-0.924214718640567,-1.11287869103466,-1.02883484371496,-2.11135148844743,-0.989131504820809
-0.787896038893991,-1.00783763584297,-0.901478606532661,1.35352981752023,0.295367694098966,-0.740016612116249,-0.159052260537931,-0.185576780738907,0.803854909966633,-0.280241787908634,0.809654713225491,-0.333897872585515,-1.60067030094653,0.943537496199678,0.527705781904971,-0.510967692367891,-0.0398747444791406,-0.223644375537928,0.10050559889558,-0.985595649700606,-0.198153154123445,-0.125322981504122,-0.0793729770716977,-0.430194477363986,-1.27736301481382,-0.745979526297123,-0.58981046686479,-0.275204443677788,-0.238197812913022,-1.43345991467938,0.149722329741355,-0.439772732034757,-0.671961184921136,0.222761527173518,0.0483065314890745,-0.584788792960449,-1.03367019048503,-1.14499527106537,-0.399377898333179,-0.490831365009811,-0.320469639469157,-0.596071278085356,0.00607278897633858,-0.282944147603112,0.0908198585829587,-0.212446475398019,-0.485603022794576,-0.132952447462376,-0.56802993921277,-0.424667248840142,0.273120213337875,-0.0228929530319004,-0.273188234304434,-0.321438187651594,0.191091861602375,0.185795914148377,-0.341328438352181,-0.499214520918475,0.535888696524188,0.746277687856776,0.123253424572408,-0.860246907334031,-0.399154623001085,0.0457618925482076,0.148705456244702,-0.136204254032809,-0.253703145898622,-0.828157724345201,-0.761707458701236,0.697369965519024,-0.268583372646833,-0.659869817611015,-0.0543230207350069,-0.0830189221546044,-0.94679832845478,0.0788230739872482,-0.40634379780833,-0.464179975815675,-0.998625749546079,-0.124983535618946,-1.22877741755687,-0.712790478974315,0.40799868100504,0.273082269381609,-0.50075395783855,-0.448510496573188,-0.385216078324654,-0.447136583853856,0.846888488257482,-1.54425006585913,-1.33362449192537,1.2428106802328,-0.864402584538044,0.333345052479829,-0.860043852852826,1.42026618511411,1.11494018247432,0.455488311494173,-0.118143761019974,0.116555788967802,0.964750306105997,0.232092981623154,-0.725530608449488,0.17749839688993,1.18181281340285,0.235394635069563,0.465755807726288,0.810790945492338,0.222224277047673,0.0224370138975796,1.22523298701665,0.564430467451382,0.141240819654846,0.319518226286675,0.518753453223297,-0.209162234899609,0.118612910027532,0.419583357132558,0.0773243295031265,0.928483231329758,0.455050735424921,0.497828759899452,-0.299638127734008,-0.961560039111666,-1.59437555990726,-0.67955113420148,1.09941390136255,-0.466906911526216,-1.07580971321987,0.731368935960998,0.0848149079926422,-0.795840532943767,0.736385343308674,-0.71281606819195,-0.0615709825301505,-0.289242326764887,-1.2253981446746,-0.424385379675648,-0.545766558835906,-1.72188464799746,-1.54907753573325,-0.908514839778493,-1.68964602199531,-0.943333196642834,-1.30491879527091,-0.905230574407506,-1.56197657739716,-1.54050381260187,-1.71357367173732,-1.61802582659575,-1.28224317733461,-0.832496118805582,-0.309796103956294,-0.594814720130063,-0.990218152905763,-1.35349703819259,-1.54979362335255,-1.38790734739551,-1.29982416382949,-1.1476265020236,-0.789708567381096,-2.00757158446804,-1.24649897196433,-0.794601687564937,-1.00131570282557,-2.500647746167,-1.39066038372272,-0.780742027810316,-0.868686703203875,-1.20924694214693,-0.713666549503009,-1.05563932062762,-1.3159681039773,-0.623287231034973,0.54719606434242,-0.349542590961817,1.55604800925869,-0.646717083914853,-0.83588382632502,0.835155849030244,0.0376315188289433,-0.170923045984465,-0.038289060911996,1.21337542615217,0.951919222942935,-0.093386644739492,-0.279441822463585,0.884080447346829,1.14618187990283,1.02952527917061,-1.08333286401814,0.240766198685212,-0.908582857684553,-0.619792714761487,0.481336485332985,2.0246005188199,1.16497525042081,0.459020736517625,-0.531709891168981,0.109486040120473,0.498702530436499,0.103356821162461,-0.833457774287283,1.70798926213044,-0.40762492602451,-0.386504656488916,0.818542427820707,0.722821710262194,0.896623194320909,0.877585038915679,1.05457362285565,0.687628071714911,0.108056173230404,1.1050937516791,1.42679455324942,0.758815742250606,0.706449601701778,1.6529252083119,0.559455189935308,1.45166985307408,0.62334320965737,-0.279592744027603,0.44791302778829,0.765080289250304,-0.490443681570286,0.0136881834687981,1.30638780638207,-0.317179959200849,-0.24872243507588,0.920872703875648,-0.759474002325171,-0.63162578266486,-0.103387479317112,0.647773757202682,0.325416191272504,-0.0893279614578141,-0.161589981598343,-0.0549336435369675,0.216880726054813,-0.642514296541413,0.896086208549237,0.436308727458457,-0.938344170862219,0.58263314261509,0.362960796624892,-1.77850308179141,-0.707113302851865,-1.29159895914051,-0.601056926548499,-1.00671403128886,-1.73601215894539,-0.586862483155154,0.277866190633108,-0.261168441264423,-0.521262098657495,-1.63672389949413,-0.955138082416334,-1.11549825770365,-0.58805682021568,-1.53851544379799,-0.94878643286634,-0.957458004301719,-1.8744999616031,-0.643579589089595
-0.834290977545877,-0.741320031803217,-0.190779954684596,0.00683742242085953,0.204319655475504,0.311458347291858,0.519400097125975,0.631965208307406,0.266027711080821,0.0152104830354275,0.454299877525825,1.00947066086536,-1.54250102315721,-1.14521865060352,-0.273176523787375,0.079087126100297,0.037387278531119,-0.880552052333382,-0.421087409466682,-0.576646921826505,-0.792939010613901,-0.346004367875758,-0.72251670933041,-0.242800196070886,-0.875817165737852,-1.0078295960998,-0.615553287156692,-0.80230550321492,-0.477540473817538,-1.11078814488117,-0.559961608292441,-0.83064922328178,-0.725840031132729,-0.700772962347488,-0.631965539018519,-0.54701554399247,-0.952879581271812,-1.27012110957725,0.0240429584751659,-0.0397203189945416,-0.841161363640179,-0.675689917757618,0.0847468804830145,-0.545311330928416,-0.412011119051532,-0.589261845022807,-0.413441933329287,-1.0556073627406,-0.793367756724869,-0.764348479042972,-0.607179395644288,0.492609460668153,-0.629836364632702,-0.831452673432983,-0.0355667715983904,-0.205432683419723,0.429455207085127,0.0369650329502266,-0.634166786381733,-0.0750294575747471,0.479774347209914,-0.432890569267015,-0.127444528646844,-0.487164103365716,0.203263353535304,0.0595828034420879,-0.848663751783291,-1.28034547035907,-0.462296272826978,0.102917015805759,-0.120748212157433,-1.09614217773699,-0.300046113346776,-0.198289822120665,0.470338548351783,1.11237617074127,0.328962475384598,0.0787121644065242,-1.26104081805396,-0.696230000259971,-0.296587246021838,0.197440372236995,0.178090194625061,-0.317101788325524,0.685056435887056,-0.455144308760799,0.42059541865498,-0.141451794797526,0.258415293282558,-0.466292324618137,0.0899504728116657,0.744367081386649,-0.484345035031626,-0.217687528308421,-0.678479085108656,0.962544972837477,0.108396191059776,-0.439912271919779,0.208771394270273,0.239256210399973,0.023515497420301,0.673809285082796,-0.337362280499866,0.451608274987829,0.813151388994739,0.68547114002605,0.979095209307115,1.03663488060928,1.15094678037409,1.01064514180011,0.0849621059211041,0.803863490472007,0.828750726289758,-0.314447394770137,1.86274651067463,1.02787853238861,-0.467552645614031,0.149680323539212,0.745376974855733,1.60916790750627,-1.09102528005726,0.584395296144,0.358651598195235,0.296552336174309,1.27837866351242,-0.00154869244978991,0.0859169235148163,-0.0816279625282059,0.304821533711615,0.151643106405449,-0.626387037020659,0.285521700801727,-0.146733815753586,-0.0576005474335066,0.555824854449178,-0.133013034642441,0.228971228986335,-1.16038125378299,-0.381399255412293,-0.835309721531723,-0.329873008833024,-1.08303766025422,0.774122748386099,-0.847372117848985,-0.25250647428694,-0.129183876076949,-0.345729635107723,0.235273132304524,-1.0835913024014,-0.285484508919886,0.0446429961690124,0.0558924584038595,-0.897589354235889,0.0609774659055541,-0.604604595863297,-1.1656685468217,-0.263353874332649,-0.257987498983968,-0.757221434947645,-0.12395325644682,0.344894077249094,-1.26906697448145,-1.03310026560258,0.205422347462553,-0.829153228616314,-0.621671763502252,-0.969539111690193,-0.848330589210969,-0.926075883700772,-0.773027251783144,-0.290088824754288,0.531744207527263,-0.732040340313541,-1.6260265329288,0.934699848257304,0.0987461615055613,0.788403858967543,-0.997558552528167,0.101230824880343,0.924012248666788,0.96112087684255,0.739396021713349,1.14707282882399,0.164808461480237,0.170168154781387,0.222642982753492,-0.106633639816822,0.777139392622919,0.157744313675018,0.500116984613898,-0.245160990534943,0.547729764507598,-0.942955692173374,-0.215601048363726,0.737195769151521,0.900109015589372,0.369506241284948,1.10033011659068,-0.178284335798668,0.953575683344847,1.10687106866381,-0.357331650349093,-0.720698412837845,0.850702410593704,-1.05077891609461,0.172445596189035,0.273401134404688,0.10166934636031,-0.143978480290122,-0.109008905387896,0.153412872231583,-0.0610010868907731,-0.865330237326678,0.285445528629517,-0.100012886622483,-0.789371220671391,-0.476062015675664,-0.0277080914501119,1.22170644895575,-0.45335857083882,-0.287991065139647,1.18333898049832,1.09552119718134,1.17929757295514,0.148193081526914,1.86977982768009,0.128922319030441,1.17397433875947,0.549370096430132,0.66345360301862,1.07452925825259,0.609280144488039,0.749690386747731,0.433701579867918,-0.859709082760658,-0.302941150556163,-0.388007161757343,-0.411493890041585,0.231621004766221,-1.06909923978391,0.0274760543727445,-0.0670963475616961,0.809396994739351,0.198095578882682,0.335222809900505,1.12049927520172,-0.187884044749743,1.11798573080171,-1.07473303218571,0.168783129278748,-1.74928943593878,0.022708367796625,0.104746836666089,0.230606946006442,-0.491385075050608,-0.844394360823042,-0.629420853561106,-1.01190029511737,-0.368081107950971,0.238654573058738,-1.13652472363889,0.34541128808281,-1.53797753387104,-1.32560081035522
-0.547523439417904,-1.6768633640942,0.656662847623019,0.193819198541338,0.364457741584896,-0.111969756919988,-0.45825682208583,1.01463762597227,1.04244755360277,1.23874422587299,1.42406269875597,1.27052812392718,-2.13844771441182,-0.11868705247246,0.500200571542352,0.184113104607547,-0.0421652144019308,-1.78000109669414,-0.876132763805931,1.38736208507474,-0.629665800818402,-1.28745172115105,-0.983904672186296,1.01142972106245,-0.234000490933542,0.915528257797715,-0.282381801736386,-0.307386285874871,0.477929718349658,-0.558644253893963,-1.04819960260646,-1.48227923601792,1.00293087274804,-0.124979099847134,-1.12003302456645,0.85701247803311,-0.073238966992411,-1.55304609695292,-0.00186184338582457,0.200370733121475,0.611828284541139,1.04910219163461,-0.555990034611672,0.34953229216005,0.788564483693626,0.247726155349277,0.671470150795496,0.0965564059113808,-0.380768877595175,-0.494874306547042,0.0941386902352885,-0.603252109793123,-0.567379775046452,0.813657581635756,-1.06427006067583,-0.422046154508802,-0.940738904986766,-0.477227110595508,0.0338725076401518,-0.160465658849322,-0.647210317163849,-0.252406386274563,-0.368607499679456,0.499062159779454,0.241581348223781,-0.0248650692288172,0.260608692525485,0.365387146261314,0.386097541883628,0.488004308468779,-0.411145043039125,0.186851510619042,-0.175645823870999,0.864769784070605,0.842824635606787,0.677147188824137,-0.533847677471689,-0.0723862892992251,0.60634501932077,0.611168446518069,-0.0783779132774095,-0.315543949672276,0.233801116168128,1.1122608048525,0.01994109415243,1.19338880009215,1.10617340094715,1.03563775704299,0.997758393933116,0.583973309548593,-0.642081744029332,1.00368108756257,0.606483090156545,0.322187058638539,0.846541673631191,1.72186020465275,1.00896734143764,0.426225841408299,0.737431067296272,0.772820015884885,0.621749546899186,0.0909787160851293,0.560346009414332,1.68574822351752,0.568079506815313,0.508028920312382,1.21726998718962,1.21811278099681,0.970668600556867,0.306809674272693,0.832442148292154,0.833588140852341,-0.630160986163248,0.547379898990092,0.544370605782915,0.605800099595375,0.380955233556906,0.52800022602208,0.683899871292136,1.08438207081046,-0.341316294570489,-1.55565894774507,-0.348373478479081,-1.25244615461879,-0.610314668613211,-0.167307401742547,-0.054781040240891,0.0608213545282222,0.175946948541513,0.915228237022213,0.56149657087756,0.141384206555803,1.07054209272445,0.376834579590916,0.654334303927599,-0.334202969587372,0.2288479017579,-0.62732773809175,-0.567312158017354,-1.63220851599895,-2.25460930669691,-0.619322032902353,0.168729862657688,-0.484541368378596,0.0379580103544398,0.828868371273267,0.266010787177,0.731060907878219,0.406209087897584,-0.734999961678849,-0.0448975372539118,1.35679876284441,-1.61607124333339,0.136195562795172,-0.0374656322141817,-0.393502631892737,0.118540409390729,0.13352927607055,0.0574595830002458,0.182395012642455,-0.309450809097863,-0.121157989702851,0.0699053940404041,0.0358527802433229,-1.00799590061929,0.355297782370523,0.223972309956326,-0.731009372430691,-0.0906574191699368,0.27461127227945,0.551887187667481,0.0373919237985125,-0.528535050714026,0.498664709503966,0.868891429006631,0.494123311785773,1.16311165144135,0.228951324557995,0.307148682066497,0.781384377946558,1.19568374931842,0.63104632195948,-0.129725726653948,0.123613648493911,0.468884372967149,1.26587726650852,1.0942627094168,0.656627204954607,0.55323538489523,2.17819510929818,0.672616088054409,1.91213217973917,0.126859171323058,1.14738524860412,1.70282843360432,1.37396063347526,1.12843513056375,1.71796105932389,1.22299055900781,-0.10010681127248,1.39618989313072,0.730592478850729,-0.903636460030291,1.25588097806264,-0.132776750978104,-0.420573909640112,-0.922949716533008,0.619146584900001,0.439703971646773,0.605671571236232,0.218619785951189,-0.873449414742799,0.600006135038061,-0.196071786832495,-1.24785692802799,0.451191215983761,-0.919246370426657,0.114109275559103,-0.310419125476399,-0.098662282830951,-0.302979517256278,-2.5736176581552,-1.71137809316818,-2.00686288212776,-2.78371608573774,-2.09436545033024,0.550216982171306,-0.692898280910969,-1.18570302725684,0.457958966904173,-1.38343480812488,-0.166111569918345,-0.555496286469882,-0.835860606504268,0.325082235453529,1.02373418013569,0.41027371563156,-0.0732940596211012,-0.292276381824968,0.30138389438223,0.590360856281328,0.669235775995733,-0.0257625444558597,-0.144554332417541,0.189990113692922,-0.119585985048982,0.418684576771539,-0.53308228538857,0.449992100702401,-0.521959805713397,-1.89072319416802,1.08270063628252,-0.749909677306686,0.340590397624151,1.1742566475725,-0.38616969709983,0.320302375281973,-0.831400248308027,1.13862183813474,0.815761838318668,0.453892091914869,-0.52507814403374,-1.38913692027266,0.0391331539129082
-0.772152609269422,-1.10734825685755,-1.75367191608892,0.615197739707113,-1.16177198597815,0.667287389032676,0.72467620615094,0.416490787397164,0.743499213464174,-1.88157513724028,0.44098276281424,-0.991485463650618,-0.408796945624957,-1.13732716919125,0.300307812797712,0.410994241547896,0.463284326477344,0.283210001088707,0.350310624362342,1.00734816680713,0.834110926305289,-0.804272594715106,-0.103441585395387,0.238160208440434,0.614133548986648,1.12876831256462,0.101659111304579,-0.265164249437688,0.854369444421336,0.236853244924704,0.923463892442488,0.443911615035591,0.544324283361998,-0.685121046448005,0.382454607566142,1.03268234456855,0.425768923825234,-0.55588238556848,0.295631630583017,0.634209164798638,0.97877790419708,1.25830654768281,1.24853282077221,1.34238395766516,1.09027019336198,1.25504089187201,0.331084850069647,-0.118941439766137,0.177910484197491,-0.384382075589878,-0.964942116552978,1.32721577432981,-0.245970639808447,0.0538029768173863,1.21290468943378,0.529597327069645,0.85473154792555,1.26099474472629,-0.983106354098254,0.840622866947092,0.531935305745357,0.986798806141758,1.11035734449573,0.178950798130488,0.431786634673614,-0.231984047119492,0.167086569516811,-0.0819198480507955,0.564261678112903,0.371542187292783,0.710191646118026,0.877341926647425,0.711571622595373,-0.201769385647404,-0.413304886320188,-1.83198001675372,0.859320597078104,-1.90790524676909,0.233326632519339,0.53124195021207,-1.5303294085883,-1.54892139539434,1.38990774795424,0.963631194014593,-1.69772394938031,0.386196383643628,0.843462189314275,1.06027625133724,-0.000115396774717922,0.643804163134286,-0.249438595260996,-0.492038541549966,0.362569898096607,-0.899371329103375,0.966387457963412,1.27078713572521,1.12422479946291,0.878038007233697,1.55680433079673,0.754599042892117,1.1777295145183,1.12911726515847,1.55417232032723,2.14220938649058,0.884298318517303,0.333555825914063,0.612216106636629,1.24729054870818,-1.0185639628401,-1.10931943063427,0.783699363899732,0.285876669087126,0.628094620091502,1.35396926688195,0.0170732978126132,1.4367101855859,1.25367431849576,0.389951253498519,0.766699265219327,0.48275901896961,0.830895908840117,-0.944911654851539,1.63317108317233,1.31666992214329,1.16729846332157,0.255070529619129,-0.0131649883716725,-0.988147979657507,-1.32781710233918,0.891454895511806,0.547180426909455,-0.822153678646766,-0.79334185979231,-0.0878260042942004,0.118248283001495,-0.684202253762061,-0.266897463919648,-0.419964766626558,-1.72495835442422,-1.3145303127274,-1.2144677406849,-1.27513734133571,1.3984092101747,0.205909278572426,1.11728177572691,1.20804896442614,0.837305046416209,1.64649629851595,0.553737195018117,0.822629339912707,1.48547022833762,1.36437123919104,0.620558635568739,0.704053215459649,-0.173006118385794,-0.534133620752552,0.590529037801204,0.405733529937066,-0.113115796426143,1.75614257884234,0.588017034101989,-0.0371936182484004,0.427710585299312,1.20315303417248,-1.07205741751832,-0.00820362126276795,0.437711482163544,-0.204439538447852,0.512615896684843,0.8827422625389,0.743226366120836,0.736993046951632,-0.218137578138472,0.155732825889578,1.01308144137684,0.904580800050776,0.0794619153317443,1.01171997464833,0.0784622309934822,-1.18494569689518,-0.778000690648718,-1.14313351538632,-1.41745377610422,0.179735525831076,0.266577411573862,1.48902687230565,0.791139457423167,0.305415708010654,1.44644514929718,0.566334296993045,0.348180642097362,1.1727749991097,1.48975419142259,0.876355720984799,0.615846026588516,0.67623801358386,1.01848550738901,1.45753414556366,0.669278351640118,0.0992358452310802,1.68094794419773,0.609153358419233,-1.28395941891315,0.425488299616061,-0.645514612464259,1.15141286339319,0.401713698799083,0.863922340720214,0.840117485480739,0.740393951250705,0.35805655890369,-1.19051133159156,-0.369001090548811,0.877244695394295,-0.00847466006401245,-0.381785566424274,-0.749218613043381,0.534700542675934,0.86448524343306,0.422421759168112,-2.27423522688629,-0.929742871783301,-2.44337969918819,-1.71353362955975,-0.826308067931437,0.0527480188998554,0.412474417867856,-1.55906356651841,0.434354142274291,0.225285610619792,0.337918195797544,0.229529204034426,-2.3536484134902,-3.66205260384926,0.476524873402226,0.909163799892431,0.131478190815704,0.937519517412759,0.337201602859081,0.694260036937127,0.648335595689085,0.926186703246689,-0.697032519883868,0.134859214111909,0.09291389070445,-0.919591548080902,-1.84534264428784,-1.44485382299758,-1.28416062277722,-2.1653306341209,0.518182792138667,1.83321776829201,-0.262558210278838,0.594549225144653,0.824071553604473,0.583961317807779,0.46630510614628,1.06737733201037,0.731244290600605,0.532002869977845,1.18484412845905,0.0989578273343332,0.151565531225543,1.64206239397091
-0.298135340068486,-0.584506086457522,-0.625980684396872,0.440589161731457,-1.19640976309485,1.01918863928011,0.852655100063052,1.27419025965987,0.649563830561699,1.60418041129049,1.16634633528253,-0.46278529648502,-0.19773305877503,-0.857550657849844,-0.266675909504545,0.163178830371566,0.299010521757397,-0.730939632150127,-0.549961054021475,1.96092171936632,-0.0321622360409008,-1.01302560415853,-0.360732377277988,1.89345922841813,0.629684431511749,1.73667909860362,0.531434700323771,0.0173226106411703,1.11261107132204,0.615766087225193,-0.502639467757992,-0.737368476066967,1.82042137700212,0.304243991337667,-0.283965291281852,1.54642134216971,1.53180831406182,-1.04077980578644,0.483340121997191,0.498228843198547,1.14081021556814,1.55772616179056,-0.52515479941288,0.685017724660782,0.981263732569901,0.905800246072464,1.30808223251582,-1.03618871953916,0.0338599942114424,0.176195142385067,0.486394582859992,0.171795104862065,-0.32101953310338,0.237556816585166,-0.894056022539073,-0.346549142478315,-1.05580451671893,0.267722964246894,-1.66479426676024,0.481844150575816,-1.39751747639351,0.189790467681542,0.54758443322453,-0.429985175950877,0.282549894063967,-0.117567139489596,-0.320827782616083,0.496960699665318,0.437831289342432,0.0952869122971898,0.210664519867104,0.141486987047065,-0.658651324038074,0.494771563510906,0.133274641236102,-0.816043465775947,-1.45721767979847,0.213953195300435,0.294354924329388,1.09579227871746,-0.858695320214835,-0.773346356641188,1.01085299207659,0.898905972826103,0.0336444687508475,1.73239011035966,1.55073608644706,0.614609906192043,-0.295340259845515,-0.0566360303744792,-0.829229057989039,-0.658791645400979,1.02841183544095,-0.367572227477983,0.0116395165398052,0.978248132252475,-0.609291733752277,-0.177921661776239,1.14083896503527,0.964784962613129,-0.905662677875506,-1.21938316646354,-0.269878024251115,0.49246707875216,-0.593136567636821,-1.09448209812183,-0.254322842761,0.159600058460447,-0.386698446982154,-0.256466012917907,0.770975249845721,-0.440428338271819,-1.13452423322145,0.853885917611243,-2.1495737082247,-0.0685863389800856,0.817789975892269,0.854118603729939,0.120345533321151,0.389986550489639,-0.87278410265951,-1.62114620240267,0.653061637677698,-0.511802526162143,0.97788654265983,0.0748755440905944,0.107460925393746,-0.762133397304338,-0.763618734916124,0.256946296387499,0.343226062621536,-0.110093915599211,-1.09924443031422,-0.0207704446173124,0.229730275651825,-0.359469008971588,-0.0911471406895393,-0.52779496349209,-2.28635356022239,-0.176566960415218,0.271985421049912,-0.183299854330205,0.867546033348395,-0.0607951421745189,1.45877945724316,1.46769671856578,1.11314010773019,1.16860060136653,1.20791871155213,0.8540671096668,0.623327735760908,0.723624075743238,-0.71277113370309,0.992150907048105,0.958640581820623,0.720040477382501,1.06571160147096,0.583014525071157,0.938092175989588,-0.0444524236025181,1.22714636231842,1.40152903832093,1.42296532510296,0.416040647659494,-0.668490267506617,1.37649937069405,1.55351011160218,-0.0482720536509747,0.911255362829996,1.52753201128392,0.481868981488858,0.188947822098871,-0.0729837731959462,-0.076807571321549,-0.0358796157249087,-0.559827447053814,-4.032289795692e-05,0.701470414185904,0.650523609454887,-0.905004576260293,-0.423138037360482,-0.783973453770265,-1.36080101196747,0.513275861655671,0.588283972686086,0.523939549112766,-0.759173878250169,-1.33191684874778,0.944969220723794,0.612050270467266,0.916868974877661,1.36415082108239,1.05065546305991,1.49817544182001,0.657674352861717,0.291125520129409,1.32256092766392,0.974384741686909,1.14858385386811,0.299623567764395,0.311480582207555,-0.243925927612687,-1.18026720038904,-0.089113049408732,-0.719599964352364,-0.42947067220729,-0.759625518301568,0.770679915911137,1.06383714137729,0.8008755792384,0.765743603561313,-1.25926466349315,-0.229072403361663,-0.0995890704206359,-1.46516243295866,-1.73571282900052,-1.81412381387638,0.291360258478818,-1.44482175483544,0.549642600309025,-2.19538648155347,-1.73210339854467,-1.53738477514001,-1.99914412936186,-1.17452870857345,-0.94530623916999,0.266372411971238,-0.0518319375060871,-1.16696484201372,0.54405773336058,-0.518205039105316,-1.00174483129231,-0.960080471514329,-1.65929719243822,-0.333307312033858,0.949074503990892,0.563862012587543,0.229507760656566,-0.675127299403184,0.415809750443605,0.721105586940979,0.80369061072523,-0.816638159944299,-0.00857716028904034,1.10296403076398,0.290046304836914,-0.555429603191426,-0.223269780355514,-1.59895003073487,-1.04829116151115,0.210018265340224,1.47706027569389,-0.511369073882504,0.560728550719718,1.4510955972439,1.03497969836665,-0.105410547819186,0.841068569244557,0.997119109142558,1.41702361308035,0.449430851575872,-0.185184700537853,0.473569579067831,0.281595652591434
0.613236880108498,-0.370111849609726,-0.536816300174417,0.492426319781083,-1.50678141096368,-0.704624152716898,-0.270308738615665,0.67251281614188,-0.602239667736326,-0.215935959463902,0.169433816130398,-0.490921340200254,0.0112581113668314,-1.50351536127696,-0.91182348621744,-0.178501951649739,-0.489122502401851,-1.01461704663181,-0.833423008991445,1.23308757197687,0.370540721923744,-1.47906502961395,-0.443068236434215,0.926532620206483,0.897382128177116,1.41647255354561,0.991177758998702,-0.130653647041686,0.87260013666035,0.774742195146922,-0.598429233142706,-0.777913275236401,0.744792940823327,-0.16771474794126,-0.690867558057954,1.2209592035227,1.53934337292638,-1.18778472412797,-0.33408141512055,-0.48175272358247,1.26429700919902,0.722011094492889,0.876949190963697,0.62454695543961,0.61979184769851,0.660679749152906,0.507666102991969,-0.0409474228971855,-0.211794376220753,-0.588308141868518,0.024273233924464,0.547381312549968,-0.659555389583281,0.337918265267048,1.17994969935338,0.396702362722021,0.797451996319455,1.47017622188162,0.356933239671834,0.778256292102842,1.0358769998859,1.39671605630207,0.417903899349569,0.543450492505415,0.641869805043676,0.246139771404143,0.747575295899672,0.941139315357693,0.444460562733254,0.49274578535713,0.510960981598091,0.649908447216945,0.845601634244325,-1.04964738295515,-0.575661221630597,-1.32957127294873,1.03137791233409,-0.262518446176451,0.152479908668407,0.498252740913221,-1.32380626654789,-0.814459468556791,0.518220933936276,0.0880732070610802,-1.75964985097556,0.293108137499599,0.628025348280677,-0.609187467922536,-0.567014625197611,1.2858637940515,-0.129568797679211,-1.20381241647834,0.997564336660824,-1.90619591963454,1.36554437009608,0.415215760820101,-0.73536267686654,-0.238848686652666,-0.104161025137445,0.686020804085703,-0.716362520118625,-0.480829748058139,-0.976346329933305,-0.42942088522336,-0.742341992505091,-1.56199006409377,-1.05697952290833,-1.14286307484979,-1.00614160838992,-1.14055079649023,0.239862100695792,-0.531046170403378,-0.229436392509706,1.02292486688977,-1.6208056812608,0.152926983660478,0.219297565633796,0.162221268008975,-0.215472711083459,-0.260888803872591,-0.352459606055246,-0.43117156608705,-0.230355972022228,1.12005185729401,0.375349774865447,1.54424825205723,-0.0250904695505014,-0.530171966693046,-1.73494033303734,0.0818423132082716,-0.079147890954226,-1.05004979344877,-1.22448156816196,-0.179054283673787,-0.105632048019128,-0.929869310216858,-0.603635579460034,-0.64418609566506,-0.927643589835605,0.465563150252578,-0.602312152097988,0.446280912179759,1.31173469107965,1.21699691988559,1.88988460005593,2.14897367101797,1.27342225493564,2.21584770523012,1.95085564628798,2.15075805854217,2.44773317952816,2.014945492787,1.36578126157107,1.89739772390332,1.09818694378838,0.920509475497545,1.13143145155402,1.98343657764289,1.02750184128512,2.21901327952368,1.44289395295949,1.48628685581397,1.58077702630391,2.661021422237,0.601776372020045,1.2197296373345,1.62075396190569,1.16264344033065,1.86492292036701,2.32668907979239,2.47769695471309,1.57802664458808,1.41814578461688,1.02706531765804,1.05818202200101,0.542971273500472,-1.24227610450523,-0.0674142810540389,0.919429328676272,-0.0179821077121809,-0.93218016770747,-0.560991235827101,0.0183092256312908,0.345529902091334,0.0536443796238321,0.89253694001769,-0.187163056136376,0.384620792676634,0.497545309056244,-0.386810250381714,0.768840990121955,0.629032223113503,0.436436657120036,1.53283865874036,-0.466404144297024,0.325099869040215,0.621545872334082,0.830288472035521,0.71164852602421,0.440566930537282,0.497683176933943,0.454305195377015,-1.27390554606528,-0.573184711919385,-0.209318166167298,-1.0405894116877,1.0518354444259,0.708265682956094,0.831131367430971,0.808482951902682,0.430516473552807,0.337818409332291,0.804353481756882,0.587030729228746,0.796886314087667,0.587593187268932,0.296625127290139,0.328883397648748,-0.546153444244837,1.66261139922745,-1.69756647807992,-0.566731306750258,-2.19650999028407,0.48942406252791,-0.0618088910631615,0.267000327029373,0.168826237841642,-2.11917811859103,0.748312264669493,-0.489926323610794,-0.392431926192934,-0.145062248767536,-2.43530120705291,-2.43545300018621,0.650928733173712,0.855701532078299,0.547781949913417,0.40048150188985,0.216947244814189,0.545429324934533,0.796864329747321,0.539608428739595,0.0873962744415308,0.75112431945416,0.889250541496859,-0.528610733539705,-0.971184671048962,-1.34133798244434,-0.0804688859082086,-1.31086341833546,0.582083208437886,2.40381653788537,0.243749731995255,0.520691782769985,0.883894522486584,1.55014104444659,1.70153996875469,1.01182168651177,0.634583138429713,1.09024524210492,0.741942942917666,0.615917568657389,0.628241927816498,0.580823714302346
0.304721518410012,-0.991996715505594,-1.09583881745528,1.49281183758202,-1.62015782233505,1.37642401922812,1.19716870375385,1.65858002903312,0.303427925256884,-0.39489888841389,1.3264483233947,-0.627726852229337,0.644085218768797,-2.07212717753742,-2.75560482052121,-2.30098946550594,-1.42049829715272,-0.510457179148388,-0.59264279528881,0.119377191162289,-0.28671752635755,-0.739020047049593,-0.489593411019622,0.61734533275706,0.147474113445218,0.164192614145519,1.22752761945145,-1.32332123407967,-0.0305109211640884,1.19183931158693,-0.666885142339947,-0.671174693606172,0.749268979733199,-0.758386122370433,-1.05230171407294,-0.136723901550263,1.80230515116753,-0.43088742760083,-1.0850889706324,-1.76267518829179,-0.0471940199416417,-1.31628594956772,-1.3347614303883,-1.2111188285919,-1.48293389108755,-1.42110616826481,-1.45913392053115,-1.09438463187658,-0.961572219847716,-0.955371934203352,-2.23409042152056,0.949525738803113,-0.702348791924472,-1.54998168821464,-1.28972018386664,0.130940749670038,-1.25381901272982,-0.556923053948058,-1.26438128181308,0.681719301102952,-0.610282329692145,0.764170865341543,-0.606700227513893,-1.13432717283559,-0.658092980472437,-0.756528404907527,-1.25794528088377,-1.27121699374015,-1.2427848908347,-1.57762977594036,-1.06316809610913,-1.13232842501258,-1.34677694323901,-0.493989318489867,-0.406533600564464,-0.636720664306633,-1.38126383831873,-0.0359621476428314,-1.21714076208226,0.112297421772331,-2.13815408847587,-1.27109218062646,1.04428042220611,0.124608502824867,-0.710410351744184,-1.02185969844037,-0.162832769372309,-1.94896985647024,-1.13470806357407,-1.4707137007651,-1.22179136277134,-0.367424502011664,-0.373605471397479,-1.10545414366208,-0.716132513088475,-0.74714136852911,-1.40692310716158,-2.08929880109786,-0.759909594374526,0.31251610880848,-0.94716377826678,-1.57753758218483,-1.51259672278422,-1.2680433709038,0.34838211183595,-1.53793299639929,-0.0358524974702251,0.657394100608645,-0.470473348172281,-0.60015342541041,1.50121698174159,-1.41580260824675,-0.770060142992417,0.716369896946376,-1.18880514048468,-0.451165628625946,0.755062453890958,-1.3108488972968,-0.976163814815321,-1.42582223172111,-1.86117912886096,-2.24348142278075,1.52578493001602,-0.759581546181444,-0.460184319309604,0.00189496758542997,0.81451398544455,-1.86513122011923,-2.31222123765139,-1.22937419601352,-1.31488314115,-1.22873157935507,-1.48810676328867,0.243641057125668,-0.168648113857582,0.0120815693057086,-0.912886930810631,-0.672072887727007,-1.04023298507044,0.0144133782554613,-0.0147258850995177,-0.451286743243146,-0.76903100801386,0.623356123954913,-0.106715637619539,0.171881477241945,-0.159794793752576,-0.421821597151709,2.0051092371234,0.247170188364869,0.934381894236663,-1.13455304924217,0.0331034090587936,0.771781555458411,1.63394636714056,1.72342874134911,0.69088756898302,0.676836794338158,0.392403548118043,-0.604597396774576,0.423854337710412,1.76682266836369,0.320457662397857,0.761040250635176,-0.184594810145318,0.609819120223773,0.592851895537687,0.627491181670673,1.39918544679384,0.617590167099354,1.24723733313682,0.55771834812277,1.37009173858665,-0.628552867449119,-0.93142267623191,-1.25700958088251,-0.951602278448495,-0.0288511861675887,-0.535309128738404,-1.16950550198306,-1.85185934113121,-2.31777097925256,-0.0762529142111613,1.34138055101477,1.47114084536091,-0.915708114486027,-1.04526032825766,-0.212571450945918,1.01693191768079,-1.79698076524933,0.730341391839891,-0.835658540564319,0.210634400776382,0.831123137654272,-1.47633022427679,-0.447659946747132,1.34057123675735,0.895544062826728,0.119404784034147,0.269581110739747,-1.18987470639732,-1.04085020332089,-0.41947123206858,-1.65780243425621,0.0662333509195452,-0.919668745001416,1.65700936613182,1.44475789927751,0.967942688099598,1.41745475108118,0.641757770316356,-1.42662212632896,-1.61336626903029,-0.423600405640233,-1.34830223899384,-1.44155555866975,-1.90192689721204,1.00397356581269,-2.16223012243975,1.23766054240539,-0.015033282704224,-0.750919271689978,-1.22491855569592,-1.19914728023558,-0.255397310668133,-0.279571450584272,1.01431269901095,-1.24955444450569,-0.922853647471375,0.557494482306845,-1.08471429537057,-1.30385359317471,-1.85707016478912,-0.997951689576555,0.00792616172178353,-0.777378377806598,-1.43577000763194,-0.789733929586463,0.0205620902962412,-0.715880071854997,2.55409552683003,1.58623266807852,-0.679791247425702,1.18322610816065,0.83976245702902,-1.48619396133837,-2.08731167315219,0.237049903053503,-1.51882762947347,-1.7587042938569,0.931521448454145,1.09110189905414,0.112999069456811,-0.24104538653216,0.0340922017953797,1.35936411764895,0.487903710369936,1.07905319746307,-0.0342928795609304,0.989896604409831,0.448407135464906,-1.42815913125863,1.38495342329931,-0.763808463252586
0.984660500606371,0.391038203344802,0.0258589861583944,1.54293774569034,0.374208863787608,0.320184124740264,0.331096246993872,1.38755897273693,1.25185739319593,1.10290355452612,1.56170361776687,0.657343083712973,0.692255388390202,0.211886655969376,-0.629166005330051,-1.35226533935938,-1.47283995395448,-1.74195397882103,-1.64859208491539,-1.43377267416734,-1.99967260739416,-0.377881149005805,-1.45399799673189,-1.37737443080877,-1.18472847260605,-1.01685558724849,-0.416295974888804,-1.69320150022274,-1.00872670657429,-0.0735665867033455,-1.99961319747559,-1.10653707220558,-1.28786668334417,-1.29423130381981,-1.51538410072715,-1.70016625146478,0.294945021836025,-0.656731142253589,-1.83339260500348,-1.63418706872575,-1.09255513497529,-0.589877199269718,-0.088544693253954,-0.982194828299831,-0.445116367209761,-0.899041584944774,-1.75968871319631,-0.228166418493857,-2.27747622726024,-1.75591977765406,-0.604303140667069,0.150303171377935,-2.00143285197924,-1.19353285785185,-1.65607919986383,0.0747522681089226,-2.34929373302526,-0.963814892403522,-0.0729157608683856,0.293065000281718,-0.455064578671702,0.258321479668864,-0.969412341772501,-0.418374324277329,-0.440078964827025,-0.249360220568034,0.0655935951954683,-1.22434835519707,-0.18095153104159,0.13746317332184,-0.745787892137664,-0.475561837255209,-1.19024924450823,2.22386829269167,0.449818645564044,0.139492561035266,-1.03173683457606,-0.419071223566296,0.0501653801798977,1.3944140834525,-0.34336645746253,-0.326428972440299,1.13281497479096,1.35907613674086,-0.152690259528752,0.218413921571916,-0.189259208725679,0.516363920420451,-0.212580035432887,0.64912462390371,0.0349670298578158,0.589684900134256,-0.59534594109624,0.172796758014978,0.412190032178507,0.0877289123580558,-0.281670775654787,-0.866932415518496,-0.0974779095757243,0.515858550386829,0.791216355627275,-0.498816431360151,-0.385796495476059,0.363259557201155,1.02874815444723,-0.0594899416719795,0.955171375522691,1.56858360397261,0.742566266158142,0.324605648706668,1.40915452451767,-0.875542603653058,-0.675916422511576,1.26300601160358,-0.192770596919366,0.274089746745623,0.909739349015856,-0.217388454134801,-0.687877792770279,0.161947185075209,-1.68407403066143,-1.22385007622025,0.390454052781655,-2.39615701036247,-1.28317560544619,-0.701886134275642,1.27461270482452,0.163418683009966,-0.962957607167628,1.32505632339215,0.0995394794995046,-0.247560910193443,0.73562892444836,-0.749226695702373,-1.03692085608602,0.221282447946572,-1.05387788760758,-1.60931784210921,0.632724052773691,0.211082812917101,0.482282083992086,0.00654753522374349,-1.91308424575719,1.04025523324387,-1.83323685097733,-1.88028656484577,-0.2857366752491,-2.0134092627312,0.961295152685522,-1.49488391425224,-0.956378122678972,-1.57461360636285,1.98225766804393,-0.345359052562289,-0.0436217789547585,0.613146330098089,-0.165128653312289,0.791499223186213,-0.811262559341701,-1.07409132913714,-0.432135646161222,1.43419267929242,-0.487264109631806,0.23905638325805,0.81520293340266,-1.44829870790525,-0.657748595207445,0.983707063360352,0.437450335733382,-1.08226693865735,1.86710294395743,-0.871902473007198,1.90006939754144,-0.476183481507105,-1.05578827912854,-1.3837132571985,-0.31126608154234,-1.25490031874864,-0.535637421538496,-0.490729410953659,-0.033258126578557,-0.914436669980506,-0.23003635443551,1.66927012838032,1.77480809081858,-1.30940716467403,-0.458243205238631,-0.0790683875045166,0.414327429021272,-1.5697461634927,-0.865330925911359,-1.49533392340555,-1.31463184985716,0.0547582633452337,-0.893129548470502,0.641132726954118,0.839714022623997,-0.334550149616512,-0.743962513261927,-0.99459384285719,0.00332404408553586,-1.27414673826172,-0.724200693321487,-0.391889207038812,0.200210707236021,-1.02919169556177,-0.497645755806721,0.625520962630899,0.475053105711426,1.16973211388167,1.03431630389616,-0.511361915574995,-0.899146089153446,-1.38555098523377,0.00373203041233646,-0.0673719538028299,0.516311953928595,1.00803834819502,-1.81761207618901,-0.180390427823012,1.76458367637868,-1.22360011804696,-0.165805246442209,0.548022225493223,-1.1739173647251,-1.28847687640033,1.39948638521294,-0.611496578399396,-2.12560887541268,1.02864684751137,-1.46724973339439,-1.89404738967605,-1.2335137248514,-0.100309666573289,1.43033471943752,-0.549129729787045,-0.105216839560003,0.38898253214769,0.0643580652246145,-0.190830807087735,2.00640867263126,0.776477363569184,-1.50680324535166,1.37978021228639,0.647874911245094,-1.67587170308346,-0.297086336363901,-0.912000671833227,0.672215446342915,-0.116681902432188,1.59690234111433,-0.641827866764146,0.273356559805707,0.441582592854751,-1.29209484057073,0.935085443619486,-0.187644989422891,0.805626731839204,-1.6048816490845,-0.201666566596246,-0.962930846220207,-0.816227241619825,0.225184104754905,-1.71047285810226
-0.942980824657351,-0.386244492826424,-0.700966979163547,1.06817334579909,-0.94385653164645,1.02778878317827,1.25723260407231,0.566157951499689,1.32320024215683,-1.0529152801098,1.08358814886447,-0.697534116030126,0.615029502633073,-1.46904371724775,-0.344578994491825,-1.77948789159398,-0.478663841447899,0.128545270038135,-0.375011375736195,-1.37256026151898,-0.331701507844968,0.225423196698623,-0.650199107995422,-0.972835398728355,-0.318763960579851,-1.4266607702508,-0.752346684641289,-1.10329369783182,-1.11342869596963,-0.987115065228451,0.286542675049775,0.15465864769372,-1.18571827244338,-1.23961863339568,-0.0379786228309357,-1.67415689261298,-0.881763333818272,-0.407520452189545,-0.854381868124584,-0.752464812091309,-1.30367278847676,-1.31099015184793,-0.015441888771099,-1.07284707136125,-1.04424149474564,-1.05080813039841,-1.74964621528093,-1.49954843959889,-1.2007564794346,-0.271836047272228,-2.2428262932663,1.07160655714312,-0.441079674254835,-1.57826083763915,-0.138461243337688,0.469350478503667,-0.288429693920893,0.429041384688716,-1.60511082309062,0.575653204944135,-0.0257583770963558,0.160057792518904,-0.192971899722584,-0.491527619426821,-0.62737268550767,-0.655827008873649,-0.633821008797199,-1.12869873976657,-0.814577909938669,-0.505562601926673,-0.339622091300781,-0.749408920208752,-0.68523117621891,1.01583150509713,1.29286289891078,0.073725008481627,0.151376083811314,-0.530927188222184,-0.0580766143405169,0.89859945752585,-1.13294474355063,-0.332336032064215,1.60299656155631,1.04356446922053,-0.0936648173619517,0.740603431275828,1.29152651283807,0.508579797628801,-0.649416878412641,0.836555970063284,1.10039982260313,0.91150702379862,-1.46033794293952,0.0192015684322408,0.180698755745501,1.08083043534804,-0.00544859547238698,-0.305659856635475,0.858122734196024,0.83350184353709,1.05752808375297,0.321750251318881,0.608414328076987,1.53317863571788,1.33063518271856,0.562592497638187,1.81740109836768,2.52135808766798,1.36861405949897,0.792083568572126,1.45055389858782,-0.545940722600738,0.868198659670819,1.44647396035162,0.127943889405033,1.53872769767549,1.28937459410895,0.4388965587153,0.519776322708321,0.97254310298002,-0.719796389199851,-1.13277908738674,1.5575367176015,0.0911354662528539,-0.0855064496966414,0.256461308994654,1.20614731886523,-0.566029254471962,-0.8105878611979,1.00591318212641,-0.473955212064814,0.206491133090745,0.424676779656221,-2.10925753345198,-1.41571701287702,0.340331162682009,-0.00986195712219247,-1.15812772836162,0.035396216743143,-1.02636188845265,0.241258380126742,-1.82191190182899,-0.811589190791574,-0.96705243621173,-2.18012307847118,-2.77817817839058,-1.82991803592563,-1.99823915031202,-2.07126024994434,-0.854857497920504,-2.03969676894704,-1.62964897597041,-0.193477814549331,-1.82196490869621,-1.07371787270586,-0.229430799067199,-1.6735977650917,-1.00500579491919,-1.65202432692877,-1.37805540634195,-1.3081442742972,-0.566500029244668,-1.94413521075026,-1.27675288644077,-1.08896772877534,-3.19305761378778,-1.78889785309601,-0.463334514284411,-1.54338728448732,-2.83317746906995,-1.54275523680399,-0.368682578297971,-0.0912388129288924,-1.2967551567491,0.156694701644573,-0.481025687484883,0.0354880252577704,-1.13724442621383,-1.02312894126629,-1.32975442584419,-1.25828466834719,-1.84172218439818,-0.0592809262395495,1.02132282547534,1.49942093477134,-0.36230250936047,-1.2388297845871,-1.08445124613637,0.388016425940071,-0.995408585489576,-1.26107661642653,-0.398668601227896,-0.53143409570194,-0.271076994413423,0.349791176409066,0.950582451040771,1.29948260813811,-0.109148764665852,-0.857660355355757,-1.81088059836379,0.490396398741469,-1.08765375532679,-0.59697528305,-0.0361592364252493,-0.405387315980445,0.0625561177724309,0.277187268694495,0.759641010073018,0.503027772073107,0.991935538444245,0.442235088250835,-1.14339762240106,-1.90551644352521,-0.472157836477858,-0.770137536622857,-1.62693692412409,-1.51238985623215,0.699154980564622,-0.714971444359412,-0.589219306489429,0.336552601202307,-0.167457907747781,0.797159933802882,-0.0709140216321779,0.00495836220099151,0.289982604872782,1.51938895277376,-0.962715075929592,-0.211943777067156,0.935980721166543,-0.457632770758772,-0.699211270742799,-0.917196802792789,-0.29723356792555,0.193581992446509,-1.05307419913738,-1.17526535283811,-0.303249116939859,0.640677478976099,-0.987784698663705,1.91901585750951,1.27674078909668,-0.516992868063167,0.912028970056709,0.896741111487467,-0.706117561191786,-1.3509502917985,-1.049855483312,-1.62398863193625,-0.971729885130035,0.560955417239296,-2.04352152623244,0.974400801490787,0.124343376742417,-1.76702532751461,-1.26288799086781,-0.663041428118964,-0.0673851158562813,-1.32757501059378,-1.45377390612034,-1.30462140816291,-0.929460144810962,-0.704887457723256,-1.45861807360601
-1.42333183757029,-1.00921702399133,1.09508679998207,0.0809196310035784,0.635932636973545,0.869342674800197,0.176209667013691,0.941905109974927,0.1496677962587,1.26882150429764,0.127182263103135,0.977072796157065,-0.460413347041257,0.120002570839338,0.588619048228102,0.420570642954588,0.133465018510422,-0.646442596907329,-0.794528987582521,-0.533327627769963,-0.392961265913736,-0.239496664907657,-0.619303171222915,0.745530295094295,0.198058392404819,-0.0951802747586957,-0.144468137383483,-0.478516900724672,0.694692914832973,-0.0479662205746184,-0.587362512953935,-0.48733238336958,-0.697224401660764,-0.391906444222899,-0.479705084475695,0.243764366860659,0.110817715682123,-0.81905373507382,0.032097239635238,0.425472366407603,-0.0910945698585151,0.288721761766947,-1.55100388000491,0.107480382037164,-0.300670013909127,-0.583988002702184,0.708956377417072,-0.92895197063038,-0.207589054832731,-0.605811091457603,-0.1599326351369,-0.119314335998149,-0.847136448800816,0.618131373119892,-1.34778300115262,-0.0235663319486319,-1.39268188047841,-0.601510214888172,-1.10066877142637,0.156350629842797,-1.38522680866412,-0.315748415486936,0.126414552585135,-0.163084808767808,-0.614678009117254,-0.116175377374534,-0.491858107005372,-0.0795686919556069,-0.320415292610133,-0.859111450721384,-0.404476640310171,-0.0463204590369425,-0.581056501384724,0.646684324888266,1.83453125251328,0.667873882895352,-1.09915561029508,0.430130189834686,0.755720081326928,0.102343074898571,0.889934006693393,0.596444519446878,0.683566495145293,0.873155539865963,0.56939872970532,0.982210708909591,0.34860948685386,0.518125380676911,-0.851664364511356,0.995247454371264,0.115096334221946,-0.223119284501729,0.0792564672759273,0.114177021276132,0.979998603464285,0.0909955144377444,-0.394007857293714,0.0269347670772114,0.233726249506638,1.06182325515437,-0.163357429941532,-1.2659770858393,-0.299111364767585,0.740614551055307,1.15245607063869,1.43596213000128,1.3486240446826,1.27174892942262,1.74118146248382,1.24372615035078,0.78755506895502,-0.615108886963871,0.341188800655655,1.47737426173587,0.864360874156922,-0.462101360775601,0.898458757696349,0.667855053330803,-0.608370951036246,0.228898786471648,-0.954837246084791,-0.0520337415651042,-0.0555002083101782,-1.45714390376099,-0.233007534725862,0.0507512889052116,0.976631660107238,0.887980089953702,-0.365287776085764,1.45858533056268,0.126462388916577,1.17669607988249,0.193231417616204,-1.30328947789992,-1.76820101782358,-0.812800684915555,-0.317873001540727,-0.679313228220454,0.199427969849695,-1.08614491901042,-0.660398182403452,-1.08542954870033,-0.988805999596877,0.568680702920452,-0.222340866750533,-0.260576714673382,0.391019886921789,0.0961633293177147,-0.577122926340216,0.132456670260621,-0.609212211566895,-0.0322297658067701,-1.19343734223984,-1.67567994105475,0.280694494764529,0.595955767601009,0.410081162872653,0.408965131457037,-0.104423858459189,-1.08633077385361,-0.206217521972858,0.59349414130813,-0.697192593459434,-1.09172692054511,-0.629037479856413,-0.0893758748412669,-0.394062788254922,-0.746259258143182,0.402662901581209,-0.663250152645588,-0.310333964346276,0.0580209319479675,-0.101523091058716,-0.26888906912705,-1.67915041469149,-0.510544891907575,0.105879524769479,-0.0859917288965299,-0.856496937235879,-0.846359262395388,0.0458462081943489,0.226417768783391,-0.757989814933346,0.785423995196663,0.567601692245343,-0.614618629251774,-0.365954207177989,-1.83106203576612,0.317498509881942,-1.43105281853002,-0.0919748830113416,-1.26089384900914,-0.295520799578417,-0.507644309248178,0.0281936531995081,-0.175423789306351,0.645199790143347,-0.710466377991204,-0.882120140304878,-1.80385296946846,0.047975620098251,-0.433147005859363,-0.811333974690232,-0.336163268384212,0.299228816761866,-0.446488589582771,-1.48429235518998,0.456080841746805,0.418684143715946,0.723137981955013,0.799458858582662,-1.43626969016925,0.0739849521206158,-0.250991509834013,-1.85950167265193,-0.965379077012659,-1.94249069885231,0.625408929677033,-0.732811629538583,-0.466458855231019,-0.366906353157036,-1.29293037231623,-0.386435640965814,-1.70806394918383,-1.85012134469789,-1.46463664562017,0.987577191664376,0.437706951793906,-1.64408255742644,1.25726077123931,0.12838672760158,-1.50298960048966,0.509940937945849,0.847385642041976,0.822924106755369,-0.267108791718662,-0.44109038951572,0.13103003210702,-0.307778053368131,-0.0545595895764761,0.160206775843123,0.596633499923625,-1.42572065283569,0.131360090239005,0.497334558638675,-0.0872167196146864,0.133762156461573,0.0204689255961159,0.734492601442547,0.67693076151032,-0.589173717788167,-0.692215799020122,0.0234653686103909,0.391842533293311,-0.699578604248198,-0.643985015904116,-0.113653918927161,-0.606884386882906,-0.506765619298763,-0.393437717327066,0.206988279173173,0.192183701972324,-0.652298117708977,0.12313365624923
-0.968943629409909,-0.817165815772639,-1.02823757102854,-0.281788115062897,-0.602867885819487,-0.00463936351825348,-0.0270558921044433,-0.319745276833269,-0.632725293148541,-0.852959277504773,-0.769511669992766,-0.694862607280796,-0.423301918255993,-0.538405956350115,-0.74371769770894,-0.0561563140946914,0.084926202254317,0.499034108924893,0.769371198633632,0.317100541589763,0.587761735592706,0.139368993863268,0.503608143068298,0.380564833105637,0.600862777984053,0.575177170667901,0.300365683395738,0.501993613368362,0.978466228739554,0.736083982204387,0.669768983744413,0.641867493232064,0.265973540447086,0.64659595342107,0.535866467540013,0.609780804348599,0.70235731363238,1.39016288909978,-0.273455244353165,0.162619001210236,0.0641471768945084,0.786070506929073,0.675919012348735,0.834685344772573,0.726140157243184,0.0548333650788185,0.176517440681657,-0.201180830848672,0.939894492283673,0.960345901400089,-0.253972862315283,0.187937964360036,0.594057099421413,0.15935837709377,0.836244776482677,-0.273509427811291,0.59927396331172,0.707693420901947,-0.399155785204631,-0.209429667703771,0.47752576811025,0.371274793047318,-0.19214633361052,-0.13441509083656,0.185547618899688,0.201818001571901,0.412162481151765,0.599431345934313,0.936361933365254,0.0926791284544147,-0.120163227921747,0.25028353177603,-0.331226423860698,0.824484751965005,0.871345852098966,-0.443923972989165,1.51712933280126,-0.528539598142817,1.11126349877517,0.927030883131291,-0.421465935230991,-0.558268071644981,0.820158706893469,0.841816399418902,-0.951887677903465,0.84192150307204,0.916244387993983,0.686826504181999,-0.502506623378746,1.58526657910071,1.49228907056134,-0.0640822379415444,0.534592602640727,-0.339725005120877,1.10679946868524,0.423440379124215,0.751169615502367,0.925279061499036,1.06278459556996,1.18775742393783,0.736100674165829,0.283381769042097,1.03667796083768,1.7856120323929,0.0479262263937199,-0.421673668937951,0.662795912774865,-0.248939673081041,0.361297704219946,-0.198981125061099,-0.129836778682596,-0.0985449478195576,0.358172015788844,0.500813842472589,0.0458852321292334,-0.0229091709236202,0.431608225543699,1.28393567809418,-0.405998157177215,0.975816265609647,0.346453017475202,-1.05292933105827,-1.16439461140503,1.10362536984273,0.298725303395214,-0.0602210292503143,-0.200822565476472,0.101194669931767,-0.29840198528822,0.812325500389806,1.15777312322713,-0.0192533105123755,-0.377982984707024,-0.421237167487819,-0.215126825725375,-0.478756395984224,0.148149805414303,0.979861787261358,-0.864051641021753,-0.950333870429603,-1.00724701674685,-0.676856879759495,0.224029340707193,0.987021437990003,0.657008850528634,0.961602399394069,0.645322671366039,0.582020309755406,0.204773414279995,0.0509357354565042,0.268452057482204,1.11147447376872,0.382258193919408,0.383337899574297,0.567139899265511,0.26234531540028,0.465469711418095,-0.160764921750205,0.195259706412165,1.04287723782468,-0.869062386502645,0.247410970583773,0.155268737678401,0.5226760248349,-0.318965127740022,0.0498892292640929,0.697464814979126,-0.562781385654075,0.305622269767932,0.510502006152511,-0.721438257931769,-0.49320448116638,0.0981506733115897,0.769609684519441,0.4104563592731,0.692338895531492,0.793725144516026,1.27241202208622,-0.0720619144021043,-1.14123470378928,-0.418116948111002,-0.741762339969595,-0.193843901595741,-0.0443274080050554,-0.534729215717436,0.545567250613232,-0.115160446525991,-0.17057328750931,-0.450356620527719,-0.555046522301789,0.370678615941502,-0.34339083534238,1.079949604403,0.364534569237851,0.838586999377198,1.19240857500493,-0.0440909524315201,-0.485316840174125,0.162790767850145,-1.03003494010222,1.2741385331858,-0.152256059106123,-0.200812677743642,-0.150344726504701,1.02791618083581,0.479129210342993,0.0546091699003314,-0.258558446853712,-0.503586334716212,-0.651146338483245,-0.361347409733387,-0.659258987762352,-0.102401074369928,0.431395876935107,-0.0213659492462943,-0.277150767148713,-0.644035675754877,-0.18161344921946,0.289002584446594,-0.294272252166204,-1.05667735784025,-0.571196442161551,-0.950083492470964,-1.72974357742238,-0.726781978655237,-0.496534852225028,-0.0466958467472988,-0.913265954175041,0.471661501317174,-0.39224593915597,-0.204177763171923,0.238231131211014,-0.992867958678575,-1.43236825643568,0.325912738379324,1.06834269923532,-0.00879878817310451,0.466046465362555,0.478676191970959,0.557663017643184,-0.888165424999996,0.100934420157521,-0.156934025099583,-0.293103501348719,-0.382342448337085,-0.77783234407873,-0.994569842233364,-1.1702903834729,-0.299884769099523,0.398451300374698,-0.393674291118123,0.566160685159226,0.123644617427375,0.37426411723223,0.249372192082873,0.448151611093048,0.694781509119487,0.142077844323465,0.786372072154765,0.350652044469223,0.854920004208437,1.049871348201,0.604337324091518,0.625319801353901
-1.7152169767466,-2.10937469578849,-0.463586722911955,0.126310982713764,-0.155356443820657,1.35878895264248,0.904361714054505,1.64177626320581,1.12276514818484,0.304832621441784,0.757406420510505,-0.204582894137539,0.425057627669495,-0.326902771541463,0.312195199165695,-0.315407440543109,0.0942847542648703,-0.0956722749500656,-0.653363427824958,0.319266774181171,-0.331642481130941,-0.635746629990179,-0.438275765470172,0.858173441959305,0.777125644194117,0.788624195771428,0.428401255647447,0.0245873536191844,0.483273284150034,0.564840809643382,-0.360747134534596,-0.410425710904693,0.839521635988916,-0.106544098628671,-0.138314094094404,0.838735375948465,0.916265422265428,-0.636574041114424,0.305912045832752,0.332509532063907,-0.265453594507434,0.214577796099124,-0.730907859106392,0.393846299807994,-0.278049540484084,-0.196973366662794,-0.0746862166823432,-0.973915986464203,-0.196706763462962,0.0840775734108223,-0.86000714127836,0.191481399269571,-0.551677745319355,-0.746175457498482,-0.522031359685736,-0.265974195173807,-1.07507665613533,0.0130469156739661,-1.35314704696356,-0.040484804519466,-1.33323243684228,-0.300593972040153,-0.081429099631878,-0.294893676463082,-0.0292107983153903,0.246838364050082,-0.444360363646685,0.0346854340882922,0.159644727054614,-0.730498066572718,-0.209532539255551,-0.475006048089635,-0.72364550018317,0.566445914215634,0.522053326616699,0.501064439360378,0.175804777982721,-0.879581660543204,0.305620674218766,0.563990963756341,0.1151070781305,0.445639416432763,0.699091500210217,0.869533149731149,-0.277580220121566,0.958543686897143,0.983424653050785,-0.0743960397372594,0.0310515332456813,0.0557395936908873,0.0667909858151804,-1.00070633891821,0.795486390445521,0.418959622596258,0.0275726266831666,0.624612960637745,-0.667671592139142,-1.15503387998696,-0.164557997305285,0.406783567367198,-0.308742439137545,-1.70672106644952,-1.4693578115953,-0.516040303887301,0.493574092596676,0.292150594185032,-0.0401087488243649,0.451832964760169,0.233519405890562,0.893379940290978,0.633042806814601,-1.19753021648131,-0.18967685836567,1.0950101699748,-1.05705142020889,0.144534542539485,0.934782727085663,0.933032195807696,0.131669041934814,0.0894191643003273,-1.06998913059323,-0.360091227252615,0.777414361220623,-0.213641033761065,1.18768282245164,0.970535464346299,0.476388523975673,0.577696207769467,-0.232331881143597,0.312125346616266,0.52928979496075,0.182476836922827,-0.431662116206087,0.877173440274312,0.364386927717755,0.556038057814356,-0.0167792077082775,-0.516915878132932,-1.03109567054218,-1.42348950748138,-0.372663276215481,-1.5234680453612,0.716121379705733,0.522487725986844,1.03999778798711,1.30966644329231,-0.143485145884911,1.13259825872076,0.279225048557901,0.250722642758556,0.0774964913208146,0.954691733007855,-1.91134402201146,-0.601802921286723,1.78460221246883,1.32629784645084,0.59952337212602,-1.15351559623118,1.70176544062387,0.585273289939101,-0.761538957494561,1.17317436654094,1.37771106073835,-0.562834558521951,-1.58840639437519,1.59172865029696,1.59902317435951,-0.328388544547489,-0.653205298544646,0.649804251677597,-1.09312820891618,-0.232713624433703,-0.806646677240985,-0.892252066424114,-0.602056820289152,-1.02416032886586,1.14958059133521,0.949705301701265,-0.735287045929316,-0.94074777562366,-0.349753163492577,-0.0759104461992788,-0.950706045316883,0.599481393499899,0.354333969262982,-0.84437341275211,-0.589048703601682,-0.89404759509764,0.680175522036723,0.187899369120677,0.39183253204034,0.0491540701569926,0.086252765217278,0.37078913811166,0.917600095236912,0.336396320506809,0.799981179402036,-0.0546355812292038,0.0815059663954303,-0.956759329216883,0.257030654703683,-0.949685118172299,0.500109743758757,0.304067323791101,-0.712499927787473,0.0833357542699577,-1.37203107024283,0.565736352644721,0.259468704142948,0.0173174288566349,0.257355378274464,-0.892242522349316,-1.10059159702891,0.198411366712534,-1.08836194899929,-1.71150155009802,-1.36415724577226,0.717377848934356,0.0734440629247055,0.166676878813565,-1.10467843658929,-0.304479980034469,-1.10958066533241,-1.46311545252321,-0.634199851836901,0.395390886470584,0.810081460685918,-0.39196060821835,-1.18781097166473,0.683710657776768,-1.28579013674859,-0.993608530221441,-0.619938252950834,-0.864360287664209,-0.311553768723405,0.240691757397418,-0.78954411521564,-0.619256739182134,-0.312291195884372,-0.303886371820407,-0.495275099330709,0.330484046775546,0.0636333549727156,0.516311853417077,0.599052195221045,0.262538711239364,-0.448803902341088,0.701377300446475,0.164149672079392,-0.135988937157596,0.240315634291454,-0.358234363048761,0.131598592810253,1.1029835795465,0.58959016526742,0.365582265870574,0.226322969342383,-0.0953303223051421,0.526661413453978,0.602545383784313,-0.0872723283738248,0.398017983226222,0.305746573042375,-0.417659820745937
0.984843405663612,1.01136237348286,0.583079946749045,-1.09058613605894,0.231256046939073,-1.72263066507165,-1.52929989889997,0.0459181019608803,-0.306410864032406,1.92864034960565,0.332744048259615,-1.33317032740285,0.994789196872038,2.35532181062136,0.689171403187635,0.586187204987366,-0.461884655561858,-0.032691856211419,0.136684907040416,-0.394048870862403,0.89621792034139,0.454807155502486,0.254308771982007,0.511625231678629,0.501330081678775,-0.105202467148397,1.14046187241416,0.736243669744626,-0.067945971766201,0.501940315080311,-0.170082334625963,0.701004257844091,-0.597781445664556,0.670341125568878,-0.487437265096209,0.0572169639885947,0.77074103762079,0.803003138796178,-0.584426500238668,-0.343074782793719,0.397040113907845,0.748529143398861,0.293105423103298,0.522119090576841,-0.021749717299459,0.449613627443282,-0.122110639298215,-0.203893222496543,0.826179381427883,-0.220131934652736,2.43288515782075,-2.21134088681417,0.0268210580257412,-0.0185523833970766,-1.00751651680401,-1.66709301906754,-1.18639154570488,-1.12518781558208,0.768322160339842,-1.7550113819429,-0.459253700359683,0.520976575503098,-0.439510428646771,-0.155621299264119,0.123730074303216,0.628480315511452,0.776025126515394,-0.114603306144347,0.232569348740346,-0.226709985455182,-0.494515131218942,-0.187293152944342,-0.296547883676699,-0.155294270246467,-0.297457432840507,0.185219656839083,0.397460863089209,-0.589386841223084,1.11454290311294,1.16518438029025,0.466536255637687,-0.342316178379779,-0.908922047658562,-0.0624557893794655,-0.199061747490197,-0.262480047570326,-0.0340792642944892,0.712091359867904,-0.176895805662599,1.65558985279906,-0.105594674749979,1.00740992200939,2.17387144942705,1.70351688737294,2.57542013227944,-0.568604998643552,0.0241658954361623,-0.483094034070198,0.0143943052785232,-0.336715877835122,1.13000672269109,-0.911005097984602,-1.04095909607133,0.624841502781577,-1.95742545847502,-1.81942775583927,-1.34019969082524,-0.716581636485139,-0.821936186742891,-0.72065600815724,-1.23592233778255,-1.17195868498906,-2.31757882642216,-1.09288640785988,-1.9199128209515,-0.822676010093754,-0.666651766530954,0.378874924048012,-0.865170679393865,0.393609537348214,-0.605752062858317,-0.80831796274094,-1.33608385618696,-0.827433299318101,-0.788551404475699,-0.0019662683134511,-0.331087606734985,0.742887135860591,1.09095128617321,-0.757498971994598,1.42616098908007,-0.405532904700679,0.622049236209814,0.47742752762966,0.0855498040179477,1.19332193418725,-0.239309003193288,0.164285831239777,-1.32009587312991,-0.40866190460002,0.367433998845483,1.47282460861451,0.564502430894122,2.62036023796545,1.01183094318228,1.09075787004437,0.858683201811749,1.09239098165203,0.630467467770065,0.0878944410889282,0.452320018461961,2.05236211289283,3.10703048387425,1.1390919347022,1.91208611350822,1.04692422403346,2.77329495578966,-0.851041650476333,2.12464883799231,1.70739857504031,0.866652504302635,1.32962570409977,1.73143091351957,0.880857431399528,-0.776582880462212,2.18360502051654,1.71212439927331,1.65411458699046,0.723950500479454,-0.0737618986511076,-0.837874192805757,-0.761880189690347,0.602346788732999,0.535638228259954,-0.97815396947661,-0.637193010940788,-0.6025691760393,1.84175830213758,1.02639937027586,-1.09649715944389,-0.11730907125555,0.0758902639945713,-0.215981358468248,-0.218585682151914,-0.370251355084494,-1.16760294772487,0.467480090246572,-0.502310496251807,-1.0909641673291,-1.07288384283728,-0.27370103333404,-1.24749552073424,1.65794743746232,-0.3893814071277,-0.213467060536869,-1.0119247278368,-0.787751091282142,-1.68481671682018,-0.549747422415627,-1.50353393699799,-0.514694989302886,-0.827410010106811,2.00826442130943,-0.7733385064699,0.734306297901819,1.22951198715572,-2.9275686543939,-1.24244580964263,-1.39759664945873,-1.97003119308789,-1.38824747209595,-0.0538286672388645,0.319235939612513,0.133874195863907,-0.20878793469779,0.65022360369832,1.00089772465731,-1.07166881971612,0.299251759640378,-0.235516725893381,-0.0112250413262849,-0.103788361827221,-1.0795834241567,-0.974021127084683,-0.372262392642649,-1.50351752501868,-1.00337169582941,-0.130574711790898,-1.46498084358519,-0.962452696077194,-1.57370261004697,-1.40243427731275,0.567099960654528,-0.216659454193375,0.230132839015613,0.720741569712457,1.26096752347336,0.168208622070779,-1.04166065101522,0.89019535211274,-2.68685600291756,-1.1885184412292,0.303862142429091,-0.492954914503496,-0.580891385137144,-0.235402450864183,0.816602189991532,-0.36994164646275,1.35251976860263,0.950746962835725,0.574921999461231,0.442553629833151,-0.876509092483356,0.0704788735817497,-0.753659001434598,0.895329937623244,1.58746198635476,0.632842370221523,-0.488112452389127,0.438799966212348,-0.112904870054228,0.562371575576818,1.01159097204704,1.48866291969845
0.162887042661506,0.650666370768288,1.37655058919608,-1.88652960431008,0.0911813673992877,-0.748114355894054,-0.715035517836713,-0.275331132098544,-1.8401349751585,-0.366680684208273,-1.40959510095956,-0.299509066230512,3.00676060580489,-0.0763941685450875,0.00368480123145524,0.578100743058705,0.290381144349535,0.973143883175458,0.472302885198917,-0.729669512012723,0.463729826537438,1.18145214914487,0.848216431836494,0.230798765208284,1.02301805153497,-0.350712281304171,1.40652138433408,1.19123767401505,-0.0458544190212347,1.22457468743628,0.771612330942636,1.02535076719839,-0.721180101289131,1.34312740793488,0.478641926585519,-0.0265389274142019,0.813346067336057,1.49286684176703,0.539143482430233,0.291175364558989,0.407545066156941,0.562614712746897,0.0403286675105683,0.752274447953376,0.629970377674106,0.689889663907903,0.172724486563274,-0.300232849604,0.299227347056531,0.843024435040654,0.838422904198712,-1.11586585043787,0.455860047677904,0.263893313361256,0.603642771256416,-1.33398813011032,0.136951771329335,-0.0353297504250668,-0.525163301309601,-1.8378587656694,0.435938653267806,0.928904752615251,0.625940425198337,-0.0463132689032258,0.214548655262275,0.325310315716276,0.36516248599214,0.0804032838865856,0.24310639787746,0.391637301936016,0.399356494308165,0.0514754550736535,0.475539534443356,-0.935444111436469,-0.205786726276993,0.504224920833529,1.37867588852095,-0.362941746711227,0.203371489265495,1.40077113807584,1.04530010907797,0.482252302039221,-1.93058089108501,-1.59669949802362,0.407143733335873,-1.99173115861039,-1.46103162141746,-1.62528617684798,-1.93038765426712,0.163505363106581,0.637500322115672,-1.34912347972187,0.780161268234747,-0.405345436483232,1.33884127831075,-2.0448950366551,-0.736025315524681,-1.07983952222817,-1.25923126407402,-1.13311135671979,1.27583918339087,-0.408568956670089,-1.44846557281668,-0.225203075927605,-0.939555977858569,-0.661554264706537,-1.25189634968365,-0.707094632428509,-0.540899212774797,-0.231189570902711,-1.61982462413155,-0.79281230116478,-0.545421176863042,-1.42569440194066,-0.0408920356785801,-0.413139325665069,-0.8672558250055,-0.699043269771918,-1.39407796313303,-1.9839161719568,-0.453130993086726,0.0846885660401829,0.199422155029953,1.13455716872119,0.370198381894276,0.589320497887962,-0.730290818863924,0.581977167490073,1.53186612066092,-2.16186825501465,0.323445391370958,-0.20152936402316,-2.37413636810789,-0.327115388994841,-0.00460515834719769,1.79363875026132,0.205162413071256,0.165288463679276,-0.223069759929967,1.23159021252689,1.38571086061005,0.823944572396654,1.99916673405415,1.6176432232007,0.86331271280906,1.12430610886678,0.609796076938017,1.14220885884832,0.925448541877793,1.32171440495685,1.1225333275931,1.426165696906,0.861280423780182,0.390432856995687,1.93086774888722,1.16809028159574,1.65170901259134,0.231115857903489,1.62988256487908,1.80440758960443,1.08027881683008,1.35977180699921,0.332850015731541,1.19008812683938,1.32873261531079,1.19112556697399,0.82127105180474,1.32294083785467,0.346025673607088,0.529210675760216,-0.471577739971469,0.477347948340558,0.587047112845619,0.338356875422995,-0.231331662590872,-0.114559856866087,-2.37269038879723,1.33935126798937,0.325783612717409,0.220145875384086,0.298031302724742,1.07567967371106,0.241675225157586,-1.31403058487116,-1.42164518371101,-0.178551119063283,-0.455620772724133,0.126445386183237,-1.03700047919906,-0.921654448974228,-0.205062750859506,-0.314447499083842,1.05691718909989,-0.236779455332565,-1.72718709071512,-1.35014411656014,-1.64514111382655,-2.12852360612204,-0.312597018350631,-0.939073611707803,-1.14196566720437,-0.828442853486682,1.70491161743622,-1.77452632207888,0.946580061673533,2.44008633697246,-1.59728694452626,-1.41906349768658,-1.36562695055188,-1.55707143528816,-1.91970492567443,-0.186643465056191,-0.0584963863030735,0.151187595772939,-0.183985154787946,-0.455684950561721,0.815072824436277,-1.33476257694226,1.27627601421715,-0.844399442503887,-1.52593247603472,1.17959954909759,0.167887790991804,-0.155839056465697,0.0205871597878629,1.18552301440759,-1.31396681367988,-0.0846479607258094,0.00911401677682188,-1.53098904765593,-0.102678343638949,0.358221983731816,0.3027953986466,-1.0915026489633,-0.461091652413672,0.765263415216204,0.496757542611114,0.286392762463061,-0.508175363492058,0.739008043711178,-2.33722200164807,-1.59304691437533,2.2135897182781,-0.808187030683694,-0.513619081086644,1.66137946742521,0.276705772362259,-0.368055994223593,0.26688351772467,1.74013379888453,2.08690923382922,-0.068346143381814,-0.598093930834878,0.500877711747043,-0.383191690455915,0.683967532918368,1.37658289938296,0.820481134058713,-0.701578008161282,-0.418285219155194,-0.301695754150092,1.16673373106696,1.98851971593753,0.14903872216416
0.470768983734627,0.607047252240141,1.0300712799488,-1.43740166344792,0.0589095364864837,-0.795728599913269,-0.671726846895419,-0.276549709278218,-0.730709057802515,1.68084991411008,-0.405211315424081,-0.63508810320519,2.0177605231028,1.07419717742723,0.517844592470903,0.986839141006107,0.304974428978834,0.37783712247126,0.846024833799306,0.753998499247647,0.732719827830065,1.17331054916341,0.750528462859411,1.44556225976131,1.3421467904073,1.7227530189259,1.53858017276179,1.53200676918438,1.18553415163058,1.54409704511336,0.308545859660054,1.03429183231976,1.05856600927555,1.55574186189832,0.225095185388759,1.72401769929373,1.72279975602649,0.95645988491393,0.767713907716702,0.639168159231655,1.45258557614218,1.65452906887977,-0.489585681885187,1.53853692983963,0.640533083001585,0.979868599351378,0.855787155698866,0.734610488343764,0.406675287635508,0.118494807022907,0.606946524186512,-1.31670217898986,0.363526020536353,0.476454353280266,-1.04279211912265,-0.771842248575731,-0.991099039755042,-0.633533286628198,0.00849454314067109,-1.07290002647576,-0.28540594266716,0.834941969335343,0.427764534343166,0.765413649099107,0.19854442024655,0.41711231356491,0.992558928938859,1.36787720152911,0.578302065249582,-0.205909176025226,0.558851512771999,0.979597990147903,-0.0151686327816852,0.356143536862567,0.139252427725696,-0.217064308723466,-0.927625368768513,0.13011523020075,1.60477518287845,1.82485791335498,1.49383249433681,0.865540342638398,-1.06229250553436,-0.0552524837975794,0.943440149360014,-0.255923967398845,-1.37966389608199,-0.941483616680555,-1.00906225984038,-0.0435300105299224,-0.725900230471392,-0.896325848942251,1.59964629763685,-0.273978235609484,1.20397265100889,-1.03510291928934,0.0377177679502514,0.250007287195663,0.00700444585680764,-0.242094651262517,-0.0381369731860622,-1.45501336491933,-1.16586828972528,-0.899880600183905,-0.598049864375874,-0.316781412249069,-0.737534096440368,0.120219313730052,-0.379326620238109,-0.254982692381997,-0.576719344133449,-0.499235302889439,-1.21735018948016,-0.793098708467812,-0.19317835310652,-1.05398869176607,-0.0353731137127699,-0.119615063468202,-1.14845773038159,-1.21251050230841,-0.452997533070301,-1.54755105512895,-0.441099668036453,-0.538901334159396,0.0176941594378128,0.143075150597633,-0.977133472717728,1.31490309245068,1.46982064395368,-0.00392654261454185,0.845809390308044,0.638996472776843,-2.45669562011261,-0.784632138307485,-0.37778660130599,1.22150350089299,-0.0584055796717619,0.427249218727968,-0.55878856677099,0.405047608387656,0.659039412319753,1.12463631783854,0.191590983116993,2.02919761255005,0.340036346960226,0.781413575575819,1.1025965006116,0.417415297936654,1.13059953497011,1.15354058757543,0.728890756074216,0.813917594630328,-0.432840926560462,0.423841059382573,2.23141389135802,1.74799707397457,1.76162176274967,0.390458439182602,2.05932660385953,0.812266612051128,0.132097154860348,1.86679520453214,0.712984038178353,1.10002750747861,0.63559297252903,1.3075748507132,1.00807124236319,1.0355264630142,0.805893750206883,0.820543517591594,0.0334857753338721,0.0809224441161719,0.841883516246959,0.970203773274169,-1.05137562970922,-0.969841249759007,-0.843043951605162,1.57108310730036,0.89869774257671,-0.336750862500378,-0.392347283929207,0.5743026654548,-2.42183292721566,-1.08113685819499,-1.02246312046299,-0.346069017529665,0.121409333369605,-1.10403295664149,-0.71357656726615,0.191335138358106,0.194723474946878,0.287932496938513,1.22632593110936,-0.137494378960703,-0.985796997424532,-0.799801726400281,-0.694747629875023,-1.34774018952604,0.450038593473667,-0.886923394397767,-1.59190417369797,-0.0507950142293735,1.3948285884296,-0.771287784859371,1.35974047663258,0.617820675502489,-1.94220531934622,-0.678740771141715,-0.579484531737374,-0.769937987057675,-0.344219793961075,-0.903132177594295,0.917596595406644,-0.0346806811816524,-1.70174808709311,0.127381719432215,-1.09993946605927,-0.747044578825523,-0.147308201972508,-0.232297319686902,-1.1120777486223,-1.47153690602125,-1.24631434386864,-2.67029917921431,-2.30006766915048,-2.25686673176601,-0.653409673652149,-0.0951214306795561,-0.920370983417044,-0.787733384648195,-0.722317126149273,-1.15767286550463,0.587211966411457,-0.733830151962935,1.05300372645206,1.22113498580799,0.953584543400869,0.413072760951442,-0.431327237136838,1.03508933689091,-0.98853303880375,-0.333607694740159,-0.51418606047899,-0.664168471500883,-0.504422429299601,0.468222608296819,1.35021365517445,0.111563653602416,1.3075915701294,0.935316643043744,0.847043994592287,0.368423910553138,-1.02425187705411,-0.0254874297490705,1.15562412348617,-0.121963845600445,0.810569673585885,0.530085963232418,0.486867637843664,-0.254834903966368,0.630830086043104,0.902643953662377,0.886681769481894,0.233386486763786
1.17927612703042,1.23008134970403,1.65236945745782,-0.365328198591248,1.10562493096075,-0.791306788338905,-0.000734248474207765,-0.92827074357387,-0.593446494964624,-0.879938853163668,-0.53825504004788,0.0406155534365028,1.36872545157947,-0.889085147876282,-0.763176672399866,-0.0141549115522037,-0.710342173065213,0.231994606372606,0.19332154668866,0.503651288848198,-0.0816115457872045,0.764379429640528,0.134630302847134,-0.216154802746602,-0.278970843424079,0.8828065279259,0.316826412499625,-0.297216800895415,0.0160754034171715,0.155326379500118,-0.0289826886758848,0.463421905406652,0.168809492463682,-0.283382004125483,-0.481636667276342,0.839857867808982,0.718640869881111,0.499681726505899,-0.312582422743254,-0.403868242785526,0.722446837542031,0.563687716128405,1.25044758234124,0.962486296297296,0.520582054787806,0.837803590590054,-0.551377236553424,0.508374304088198,0.0571921786171668,-0.862817030061483,-0.298640218443401,0.268993644765145,-0.358896786482542,-0.698954514617675,0.893392896361189,-0.24777297967537,0.51165729522021,0.138877187186436,0.401191878587697,-0.622225650432337,0.923434492827406,0.797690873660386,0.639962806480382,0.889289080149502,0.521922394523721,0.859909715683144,1.45806062847786,0.444847982522582,1.3739779346312,0.834145720252911,0.955065951951491,0.912744382997762,0.603388146035478,0.640894509777198,-0.440052337343305,0.181546137184361,1.11277902184106,-0.85559088822174,1.34103216343061,1.93748622962333,1.50819923498889,1.2096438390522,-0.495533285816167,-0.26405047503613,-0.53016365286734,-0.307992826767597,-0.552784032251157,0.482338677443522,0.017504000440928,1.0851791633403,0.695342650813117,-0.500477651836545,0.524052035126358,-0.820735804267293,0.947781251954554,-0.525061894347266,0.69461772456726,0.373394545007423,-0.164064070552523,-0.433183077540807,1.66387664339519,0.83567140962114,0.377769649360209,-0.370093211704052,-0.107328221325514,-0.133436893892793,-0.494287829515719,-0.223150154229184,-0.273940811481642,-0.312364580511117,-0.757745627015764,-0.283005447386755,0.477866742071656,-0.103750247675597,0.890960191516844,0.397828124588077,0.303796997885555,0.364332528672171,0.422726389220234,-0.111443551616585,-0.0134196029029396,0.914352151486506,0.498450804266115,1.95013771236503,1.20885583271139,1.21011633243032,-0.955302276166396,1.28787631897572,0.997846766561443,0.16697576738004,0.957791157639816,-0.0824293479827733,-1.59144190407618,-0.643513242440471,-0.166807313385759,0.720168300571712,0.273038912543448,0.0542998920986988,0.181092759161319,0.845820243129238,0.710011511086308,1.53601949467559,1.0640450303459,2.38101680950226,-0.374826862302041,-0.0657064522656313,2.02232524786265,0.18698732612562,0.91995577955625,1.24995569587045,0.510114564880223,-0.026472173008459,1.34427295037384,1.11796810398981,-0.456108615817053,-0.0768079953681835,1.91830700114105,1.91076954484947,-0.0530142195099899,1.23252352495033,0.827847743006036,0.0690510694501669,-0.55736826907761,1.86393406812871,1.28299676368923,0.154105827463666,-0.609511602463503,1.17181334275823,1.18243853478421,-0.184771369911356,1.02875110340695,1.32193715822976,1.03883750527214,0.0950377646798756,0.256392258393213,0.217707568588483,-0.875183480016988,0.408279967833257,1.14856015568062,0.664436746132415,1.02766073158436,0.943586101072048,-0.168109528836913,-0.598026220171744,-1.26151964452991,0.0766614311093932,-0.228942241936242,-0.0704328022652834,-1.26844316686154,-0.191133960788358,-0.0434288581593451,-0.129422955872481,0.666286425222276,0.153667752002948,-0.883629546746342,-0.0100268355113994,-0.992548429907215,-0.995906878816026,0.217745908512751,-0.780855939760442,-0.104828804033715,-0.312963399779895,0.984313704627908,-0.578240744976517,0.947650782522049,0.442508768577996,0.134404729394085,-0.52045677355524,-0.625229987244149,-0.307960895954165,-0.665267749562722,0.446691646248531,-0.228319608840114,0.575787548616672,0.825431491354923,0.500366295947543,0.646027451392942,-0.708966858939745,1.00681694139795,-0.675008852603204,-1.32926473112986,0.40058296420449,-1.29576783496126,-0.567630128358667,0.0548365603069897,-0.0478020583234703,-1.57421716180748,-1.12367514533766,1.30885833402532,-2.05439043112804,-0.301510712190849,0.237009843435691,-0.955111909522217,-1.52999401714215,0.941669217458877,1.26475145586148,0.903560716469813,1.00617389682239,0.606951619308191,1.51684176576244,-1.05957125344425,-0.546516101126879,-0.0986838414077888,-0.569501478653297,-0.282675595154346,-0.41174155029422,1.0445676482999,-0.472628900619431,2.52163241934584,1.24442428562147,0.968114988885593,1.09676881829203,0.199270647316205,0.658745810940042,0.71666819090763,0.0549986442211752,1.70524083145849,0.216108414517177,-0.356529180632829,-0.196989246487088,0.0761368013711103,2.25671327016808,0.885885706988763,0.447775180621888
1.48595799373461,0.650241287312247,0.342358655087417,0.0590410093186256,-1.48538368276992,1.36459575008372,1.26687022278367,0.786690185704273,1.35770142940317,1.09275617247906,1.25496232018697,-0.94453550068409,0.660533839688449,0.946653369046193,-0.864784993983871,-0.830893601793727,-1.01152255150698,-0.183296318631361,0.359261908398932,0.484097363969876,0.288367431158787,0.912217525688578,-0.457259226402558,-0.298414780511739,-0.978312363872948,-0.0802115533860428,-0.237368981047753,-0.253392455855636,-0.703425187872561,-0.57488936484642,-0.593832386053637,0.142275916939179,0.722798507507441,-0.286296624440406,-0.825890332811268,0.0677713293819303,-0.240861685395021,-0.15352192540394,-0.741842779016461,-1.30942722185817,0.0338078813356323,-0.979128631894104,-0.270248375043034,-0.804416821613051,-0.649930299050599,-0.411624893740376,-0.658398229010534,0.104310879390076,-0.816857064597617,-0.793705431892455,-0.302816162018869,1.42699752960704,-0.206951741270195,-0.645776617403799,-0.429830758839012,1.70814734937089,-0.597329937437847,0.49984577507859,-0.725544382392373,1.47559777040876,-1.37837555096368,0.2587774399129,0.383581797221554,0.101399444127379,0.431670111933728,0.117569526867059,-0.406412516751314,0.549370067364022,0.365469057951395,0.135127166300028,0.394687559956171,-0.144691306734479,-0.459900860543264,0.236900032265389,-0.422018489388069,-1.14356017534054,-1.11155652701378,-1.66460892263578,-0.0849137520482669,0.946771004569978,0.282070004497235,0.205579775118869,1.19075334280453,1.19418219100853,0.105704110711681,1.01823736025849,0.90769399961143,0.044871107453301,1.13426843417216,-1.15484095645428,-0.783622745748722,0.389510319593196,-0.678437079751788,0.651844280869862,-2.23933795981009,0.276479737266315,-1.51540362376886,-0.94753978693708,-0.594398173500911,-0.681487518006282,-2.12927956992231,-1.62516927867556,-1.68585913955612,-2.76605355419812,-0.852357943821626,-1.04713454448663,-0.877132680948575,-0.482797914245595,-0.860107075411282,-0.49354255353253,0.629437142371067,-0.817126389328519,-1.43054061449642,0.516706907797974,-2.87837974397938,0.763950783564187,1.29287359274628,-0.267048627547813,1.1758693579426,-0.207275071597574,-0.660800177563083,-1.84920560148333,1.1073402820781,-0.53725269019733,0.204043019258086,0.145900984430383,0.56896310741858,-0.55489277427282,-0.620328245412607,-0.445016004365975,-0.577360938514785,-0.0651360690405811,0.632047448202649,0.516385832895852,0.44908416008045,0.668950952367758,-0.650086054498488,-0.492320951495137,-0.717174148672771,1.26807383195076,1.25070596601432,1.56068381537569,-0.988199837899427,-0.319712968885277,-1.77189035138653,-1.83641492774952,0.922485106866115,-2.01228504349856,0.656336496602427,-0.442930621385726,-0.705100121685349,-2.43893407138367,-0.554760521986197,-0.0449541520407045,-1.88156275556903,-0.641315139825103,0.460274473730809,1.40766012252389,-0.979896959683221,-1.62092015197805,0.358266463878999,-0.454221914989961,-0.911722444329911,0.508480200096399,0.9115400613665,0.0297394607597386,-1.95310673105033,0.00402289605800943,1.30546422633547,-1.13399185183402,0.882869569832959,0.810015570632758,0.607234898996477,-1.25931826578433,-0.257422014611188,-1.13213893430293,0.657434345818803,-0.864837120002701,0.163893059550953,-0.997172741447223,-0.928461009221469,-1.35733159123462,-0.402171212203146,0.915777587799631,0.751564618862565,-0.711105875636139,-1.30377117011904,-0.73659711879889,0.466892107503447,0.29408515495338,-0.0427871882626954,0.31741286144772,-0.349965708685306,0.0546554050833799,0.398416695508567,-0.325592538876775,1.11557055515721,0.790799712871312,0.311053550858298,0.771249741612908,-0.88736335237288,-0.876450894741599,0.502978334450151,0.23424897658575,-0.53700882439112,-2.45842419634714,1.18401489978785,1.14152361126758,1.31666428834347,0.849752231952759,1.32581010512588,-0.783111445074463,-0.810971954506492,-0.68946822847687,-1.05198711889975,-1.01252514399982,-1.10744195627983,0.949402186199651,-2.37070129984337,0.561808842689444,0.555185559785309,0.124047695531544,-0.576903388558261,-1.27038477014647,-0.480747320360577,-0.79086796639151,0.699269549489284,-1.41888272175775,-0.685983928221868,0.536957361783345,-0.59633846974713,-0.332923500563315,-1.15637846970526,-0.752135578534485,-0.388215939555626,0.625858739780539,0.0507011204997249,-0.295634677399956,-0.315907497827213,0.431019500885981,1.18752917726463,0.820489605985528,-0.241954723710233,1.16518909102983,0.550324032196981,-0.616843785778675,-0.141124301377242,0.968800812780294,-0.596598654315748,-0.772044462247165,0.910411686311279,-0.363939435521256,0.745346838825971,0.59376572161411,0.0789498155885733,-0.600140552585683,-0.187037238948251,-0.716537290651581,0.00148845143639755,-0.131885453127198,-0.795624867201918,-0.598354383229885,0.36491360165469,-1.0881000590919
2.16446898919112,1.49283783552821,1.7554808927386,-0.139261677590741,-0.0906968068609107,0.0452541394759454,0.074092492634497,-0.448704710875713,-0.22827593646016,0.231345828287801,0.573171697343766,-0.211615805011749,-0.356225733451939,-0.351682023175907,-0.947441851439569,-0.96241740010473,-1.50414353284591,-0.841546297772327,-0.719095602476635,-1.26868276232611,-0.874563584886221,0.749070757894526,-1.16904824473813,-1.83689445816433,-1.28439169297239,-1.10739238656685,-1.93384901296502,-1.09683913946341,-1.46330275547565,-1.3973312153813,-1.18047283749511,-0.540127907333259,-1.76084207886345,-1.05017956992604,-1.06481552390432,-1.42398700557686,-1.46396987518446,-0.338373962512182,-1.60054965517353,-1.48692349271772,-1.12100928854749,-1.5204017627762,-0.0331753400782021,-1.34565069786283,-0.720035011822943,-0.998794632314015,-0.774317302503432,0.961477169607269,-1.28491914737002,-1.31402982029859,-0.214996759339866,-0.176726995458213,-0.967048244716457,-0.21861610762411,0.601259494794488,0.637435111052493,0.540021932000583,0.368553859198642,0.714740865778283,0.374454692341636,-0.584817458960496,0.768556057636979,-0.0633532721882578,-0.368877316947626,-0.0373675281125293,-0.246022727572088,-0.493364776786786,-0.294726051020975,-0.0398392598269835,0.403106526028684,0.219882212421989,-0.0247520935165057,-0.308382331103086,-0.617232448956959,-0.888315387021676,-0.854509502427652,0.0113992452048643,-0.466013161235102,-0.363591131238027,0.14187496829804,1.42797174038818,0.728192390848222,0.615413514952407,1.07629059168134,0.379534649135827,-0.587971783721384,-0.00913008710394859,-0.346733232358851,0.603896893561503,-0.761894830377507,-1.53482333950524,0.213982277918863,-0.912129596001657,-0.906518544928922,-0.570968030974986,0.309582493770744,-0.669830348925963,-0.906662187729478,-1.00005678804344,-0.313005187858458,-0.485261472652269,-0.566365898088228,-0.58548325860137,-1.56982860613451,-0.49572473905152,-0.770887757504124,-1.27173510812112,-1.23018427005187,-1.12435851469364,-1.2259152837228,0.355701939450696,-0.136662243229086,-0.0772964801714431,0.1436916788447,-0.674122050707326,-0.487311489465324,0.886815162148569,-0.806435212689521,0.377015242593403,-0.534870267908633,-0.0760639977919318,-0.174000706961372,0.368820021661979,0.70677483251253,0.202570844852115,0.630947338678635,0.468829615550365,0.734785809209823,1.43071685774913,0.10874540695045,-0.352129614538637,0.394786385540447,0.573560096244659,0.495072315690982,0.437518621827056,-0.445284952186761,-0.473763953748815,-1.24842225221858,0.275166489745044,2.04437199189662,1.63108978170519,1.96886794612658,-0.10586450284965,0.626655121346532,-1.36438539966791,-1.68877798152406,1.32376017817167,-1.17510774337709,1.02925497661785,0.621313601024008,0.579215297470185,-1.53145984268899,0.74767562970614,0.173702520342077,-2.23478183131655,-0.998903831926988,0.689218878633058,2.6975694708964,-1.58258388756932,-0.841010631245735,0.0655149119581252,-0.0489343606979848,-1.5379683541628,1.63159107688566,2.68262807436868,-0.0855756118614479,-1.98601801181209,0.971122750577798,1.52446865127049,-0.748651453158142,2.43050771266409,1.65395842351281,1.80014424119309,-1.24756126001384,0.923632676191783,0.180800327343249,-0.81751110857005,-1.86268223242845,0.146393143078063,0.248283263291424,0.746289843466561,0.667321214240276,0.719551085320953,0.283454348904958,0.443441530550566,0.379732469654602,0.157598129408018,0.454843436396416,0.0628191864194813,0.222757672699272,-0.296035190292698,0.407707827264395,-1.01026972584203,0.119941156836442,-0.699695348779218,-0.32974472250276,0.0914199537979595,0.19709647362823,0.141274094642191,-0.618029585972107,-0.209227763986191,-0.492969028068044,-0.807140937121333,0.378659784800362,-0.377158892672992,-1.29510991177242,1.16207058432261,0.573773219651091,0.601954663211103,0.297652776230748,0.329788074156278,0.557574127525928,0.163410889463948,-1.21934904896753,1.20182587354228,0.848464200699449,0.561960033487059,0.3722140250635,-0.806055220563904,0.240523455760635,0.456233247409337,0.407137267838651,-0.0791774580441209,0.782563950192577,0.171441243407801,0.255067635186458,0.292179304195556,-1.24234682538589,0.212278236433684,0.295881040085885,0.0655877283250647,0.698448721601016,-1.09538900471462,-0.947601912038337,0.129760913233166,-0.0398486117397928,0.164406226172875,0.342049474741552,0.00594481782343672,0.093072178122274,0.477465562852587,-0.0739786156140735,0.672655614609158,1.20721297240796,0.206141311463816,-0.182015322345754,1.34237559647088,-0.111364343750945,1.68594942228151,1.88501198759268,1.50510937677232,-0.967279244409341,0.902797040137278,0.99785962433178,-0.981232322734623,0.0720670948450131,0.224010650629514,-0.828856292741909,-0.909637520965421,-0.500716953454019,-0.952859275695508,0.915404977894565,0.0430343338128875,-1.07462315105675
1.54898607093215,0.425108791165694,2.52746052999352,-1.0575624884333,0.240186885669864,-0.141236887994897,0.0790603747052389,-0.755066910738488,0.0166716253649055,0.427071969287066,-0.176539182344179,1.18545671225102,-0.665078372424813,-0.554672180791715,-0.692109046867701,-0.745149569853676,-0.210061145618379,-0.110648627118566,-0.102840274681457,0.186597035106028,0.581486028154692,0.00474518203608349,-0.199536279482835,0.2480808937785,-0.145217065786342,-0.123203364946402,-0.720299613968915,-0.0842566555168639,-0.0696960399382407,-0.192666693383331,-0.0849949203125964,-0.0459642532854812,0.2023368377378,-0.232414272691034,0.269281868656476,-0.379832779393597,-1.00580958877418,0.375332754430989,-0.21596570102775,-0.161692784083933,-0.254091359440273,-0.466339218019177,0.365942988650459,-0.224495553664997,-0.550704182397334,-0.579944625879236,-0.427370007478434,0.858598684533133,0.682171440425948,0.664180321488787,-1.04943409716997,-0.0627807381273192,0.815167648199945,-0.363799814808628,0.436622956395511,0.183188167495964,0.642382566568472,0.162122412909068,0.102101468584917,-0.0640133120536971,-0.524799684118518,0.548677872855484,0.375987721694785,-0.272631113297126,0.125295134632976,0.266352143874488,-0.668482969253203,-0.0582073162483836,0.204559994766363,0.153034816131525,0.267746261622154,-0.119010067049074,-0.255255776658744,0.443409335384937,0.656659181490627,0.341159529646273,0.135040533929363,-0.818788163890441,-0.187277554287257,0.446515183507452,2.12666941952512,2.06394342818184,-0.131959929492436,-0.132718643487754,1.49774457210767,-0.0980827811547651,0.69337518770237,-0.10415037973469,-0.142243699129961,0.068128189605181,0.0593298031008208,0.46609947379367,-0.431977738880772,-0.357184725997309,-0.463927441540313,0.394558197140059,-0.0436529361118409,-0.210223479056392,0.153852510013252,-0.192646240152698,0.716386496706472,0.50243970248895,0.682676179542873,0.111616864409241,-0.986362904977651,-0.641108894346583,-0.17138442346835,-0.266640714773187,0.415682340227494,0.608129788613008,-0.841476526337735,1.02729558748627,-0.194575621194719,-0.863223005077629,0.03000537264168,0.662804822317762,-0.102431828156941,-0.115017539488681,0.87677545666785,0.533653229736052,0.406489285990627,-0.153680960891985,0.785738407268031,0.24160635592882,0.510705495801074,-0.368509654810461,-1.0529495984805,1.46173590926643,1.67927225635077,0.305219077007553,0.0832542589680887,1.32657679174186,-0.914875026736601,-0.225339635143838,0.285551295319003,-0.363604319395668,0.566897129488138,0.651748268615527,0.762686452717634,1.05170994324545,0.468130490892217,0.853872633967881,0.0287432337534201,-0.0554038587019222,-0.172539373665156,-0.164668052672226,1.16498428333508,-0.189311802605719,0.970653184552879,-0.0716606114170071,0.897033130030115,-0.486228225338099,-0.230873725053172,0.449204355022868,-0.291004717498745,0.406762417682471,-0.101496036617257,1.6808132437609,-0.577592780379922,-0.201158427689105,-0.180401013824112,0.107072631064531,-0.810331902745448,0.486041775258175,0.960872643229269,0.0123018549756926,-0.757691681722641,0.79447610132493,0.694674485763064,-0.334727136789209,0.937095684906878,1.39319920362138,1.07867711243502,-0.763382514279156,1.03047058912532,0.958150538394098,0.193824705277328,0.0575455832712674,0.34003127078338,0.531837724762398,0.833421893020467,0.59233347288527,0.497569062139387,-0.876580248923189,-1.17478969520904,1.14459599523967,0.678937000995565,0.388432939753557,-0.501668465208192,0.806992401590957,0.634375291668025,1.33143054745949,0.227582565491069,0.298205474003995,0.398079204935157,0.81902150939326,-0.718247950293332,0.355630550319345,0.427210600692511,1.48859216267363,0.20575793512004,0.790759433099474,-0.294947217461803,0.486933122928072,-0.402597502221567,0.29494262278456,1.33877786283777,-0.274235283935147,-0.0723933997831181,-0.0172266352418411,-0.37829672993966,-0.0290937961600793,0.1194851900004,-0.933594027023393,0.0298286617029202,0.119498726022263,-0.460836652874154,-0.615891764990612,-0.0517449444530884,-0.545732694203556,-0.840984488669238,0.994350448734311,-0.205750858815455,-0.781759539030183,-0.0631024389671037,1.17807553617131,-0.952919723941022,0.315799058925586,0.501562500614936,-0.637610022197634,1.11466184492263,0.776156026568166,0.213090859635784,-0.703585037359069,0.176405108526313,0.845819106378786,0.433886685063052,0.649041718499442,0.947721469549832,0.303215704347583,0.0610945599712595,-0.196867256923388,-0.36576622841716,-0.666232809624746,-0.84500575116606,0.259403661657496,1.42740788646063,1.57030183816701,1.43010383320987,1.0128331076219,0.128189619938412,-0.493870105602992,-0.590754335511876,-0.218681195355971,0.31772970455013,-0.277898825047523,-0.867471683460747,-0.481022814081831,0.743076986340783,0.105516460605132,0.0480720769774868,0.712391800031088,-0.377129186802272,-0.0561026999051902
1.45930662534769,-0.093279247812159,2.8273009696146,-0.316075621311532,0.818299355271193,-0.35214712672439,-0.0447686401811794,0.870252863212634,0.898360969187856,2.11233136097452,1.10209807900287,1.13691261304134,-0.884012730159946,0.840934718894037,0.686404306345108,0.624956451779008,-0.283160484358404,-1.23583322027816,-1.36116973821719,0.575004109282625,-0.55356866240811,-0.592054667506844,-0.889324262012805,-0.224344137304504,-0.0965758787283367,0.941965310176497,-1.51471226807751,-0.653299833484456,-0.0235955810021654,-0.226763475350899,-1.22723053859627,-1.01278500134749,0.228366955816864,-0.00940506049602856,-0.790550429257454,0.201773486747028,-0.911714906868632,-0.557905214821735,-0.371085351260932,-0.17777895686626,-0.155344668137661,0.508606409611415,-0.341020667410029,0.181926554288463,0.506515462494602,0.0120408351390655,0.631297176387834,1.6419771181553,-0.175883763406499,-0.684413632181769,-0.208380913651391,-0.239668657946549,-0.393760678864271,0.981802938193875,-0.367329161736416,0.556513350959741,-0.633319731886634,-0.0347000701519271,0.944348518157688,0.483252335901861,-0.509098619963451,0.250362431378421,0.357416722004416,0.752166399285349,0.662273889035206,0.563154686792135,0.663241214846227,1.14340034452463,1.19567741454671,0.989446582522463,0.330736523634574,0.628582563392237,0.452736312781517,0.760215893444914,0.749444493402324,0.305023646441668,0.177804526857216,-0.563590477098882,0.782751821792069,0.576280351592805,2.27308608305064,1.91968924452996,0.369576566417211,1.06101298533454,1.28168944340448,0.904184261894126,0.439882267531805,0.703865072123058,0.295698434019932,0.82063587514706,0.326894867864624,-0.277213023419595,-0.0598174439768963,0.0946259393488104,1.30460067506327,0.807295050299487,0.354887245110682,-0.231467131656837,-0.286121781868087,0.15907714961729,0.406738628006273,-0.634541407483308,-0.163701551404619,-0.342040252797965,-0.171502325284729,-0.0303399054801152,0.306090307047222,0.384741150553962,0.320293670498464,0.137922617963332,0.386379987545565,0.720461731260116,-0.828495909530468,-0.0576705046640259,-0.534685161895882,-0.383532546633766,0.962224414590436,0.387288066362437,1.21774526807615,0.166375190218572,-0.110477999905713,-1.10366889472061,0.431321412374373,-0.73031229056302,0.292707726968471,0.37071537392297,-0.109481471981076,1.73703910250556,1.9699922872304,1.08970760962974,0.969828403666795,1.53032320923264,-0.483544106927365,-0.376236964572215,-0.163356531142132,-0.64083270099896,0.730687600182797,-0.402096693603826,0.776838142109651,1.02559041411847,-0.372454291669746,1.4672257940255,0.112582917682512,-0.432484893012664,0.0395061155724593,0.856643906450512,0.350747339763449,0.224425159005735,0.923652257245272,-0.283922727487991,0.731345060383589,0.925228642848132,-0.579521184979259,0.598842943863294,-0.136757171934557,0.261870106948257,0.424145305314471,1.38240450178258,-0.277982394684018,0.752967263057221,-0.141587516996472,0.376803994462376,0.0691699806767652,0.382420550530381,1.31242044671895,-0.176983509351995,0.293852341638822,0.829107467245478,1.21766182708328,0.703711640819053,1.53659771301208,0.637405988715752,0.956575322348063,-0.253855302068447,0.876314324577769,0.452779730076758,0.504989916748243,-0.764961182212778,0.344617084137394,0.64400000959185,1.52921827461866,1.25861694525084,-0.382985559437809,0.0912529815023856,0.068974279610972,1.60640038634416,0.818189051851902,0.0818524900234613,0.365480447360768,1.23929403618682,0.283603589140458,0.880339716528848,-0.289244848145824,0.278702719423317,0.656468946976417,1.15955078788695,0.242279444116527,0.875078902241858,0.270696615449285,0.510788311994797,0.0196400975303112,0.83364305430157,-0.316317243111667,1.20300603821496,-0.747181529601602,-1.25084127689934,0.105656819768968,0.573040054684513,0.535915998365293,0.664269507576218,0.556033804867825,-0.823475906413899,1.45266362616082,-1.10484993093536,-0.611354260867895,1.23271560504943,0.380847919370615,0.0801183688183371,-1.5618932216311,0.332865197428825,-0.506219900796455,-1.4892522047154,-1.72235077467416,-1.68539546158214,-1.39839333425715,-1.60990256310318,0.692403214421435,-1.01087137613742,-0.317846972159246,0.580272927230207,-0.608808538913468,0.716233565370429,-0.588660141544927,-1.02261493350619,1.17589601395863,1.14241982094344,0.947596134460792,1.0052493363294,0.718252100850155,1.01087908931839,1.04540927099897,0.671043306705888,0.537804751434372,0.479942195746386,0.437648943295086,0.0303478432014348,1.63729799313603,-0.194623198590974,2.56128263939652,0.542882075752448,-0.42385100146422,0.367059904028618,-0.269718996275429,0.806269354804007,1.25466121456014,-0.039286072506276,-0.387608608749191,-0.483404023047744,0.376895976851037,-0.0205787054789863,-0.1219074257076,0.390157782161503,-0.553153808586198,0.121506791436738
0.460390011626498,-0.549723526689832,0.903968083770093,-0.416157770957281,0.522561961170421,0.432935632651267,0.427648353738622,-0.181224145533776,0.648275084267223,-1.0351981298842,0.202861199427328,0.532458286993196,-1.32652419494918,-1.0616215575098,-0.242039732475302,-0.293324773841874,-0.624140617173261,-0.105469170044245,-0.36472637737331,0.529291318899198,0.288503853785547,-0.878538572490189,-0.30548797793691,-0.48088781530121,0.583038859144737,1.08768299934682,-0.90921464429868,-0.764102859178863,-0.479287339506233,0.281325542099428,0.0516368627523372,0.18720047291707,0.232308702602814,-0.927307944600354,0.209786448662539,0.391584466637736,-1.06891491558202,-0.265324060993646,-0.730786000912231,-0.174136034909604,0.199553459047011,0.585898703858723,1.30568764060278,0.583453541125435,0.651216383250295,0.402259731495899,0.0284712090673962,0.896080115741635,-0.451957516276492,-0.154887193504031,-1.03126086330321,1.10077569218712,-0.174295447507012,0.244931455571833,1.50978077978588,1.11801303895338,1.501714539192,1.43701676742045,-0.204754897096199,0.581686726782697,0.975111347149019,0.256281004060302,1.29600181197493,0.528082060454468,0.782685596441678,0.906792939401446,0.627803218428857,0.905222573889022,1.14819339277043,0.864180922093953,0.979371080578837,1.07113824279962,0.822674776299972,-1.06152456848588,0.997731178574469,-0.736917906175177,1.46872631836309,-1.05109314712701,0.496316241265176,-0.859316398863321,1.68314649192171,1.49515071704546,0.635501167524192,0.583493459491511,0.374422495667826,-0.203375496498078,-0.181437920700899,0.714554192476884,-0.391921344919738,2.0477760942559,1.55067279522848,0.251295175535106,-0.830297462682503,-1.13610782385037,0.346799339516734,0.351199095187643,0.87719932874143,0.492335174511225,0.28598340302938,-0.573191109784202,0.947555528310681,1.51569244407826,1.13228948770293,0.818226700933975,0.60385381867101,0.809205144237138,0.833061185150239,0.754421566949434,0.343344525796597,0.56720112169886,0.0513471480180177,1.22440472749133,1.37190434203441,-0.00994487659961347,1.24373087702702,1.33300708028422,1.17978484117555,1.32479860376694,1.35734879069999,0.530910872104624,0.70290546783978,0.568273719414606,1.78228131705456,1.58853040182988,1.07357397039366,0.738181668752406,-0.0739516264011668,1.38595831501954,1.19591110381605,0.7200061201688,1.51068155578662,1.27925001769286,-0.567224136381671,-1.05042976358583,-1.08698175166314,-1.77114674626107,1.41295155047833,-0.514405316758701,0.488318350940411,-0.0319222966534797,-0.476446853848201,0.266414402517892,1.56071271512351,-0.771279134617923,-0.377192184942216,0.343065776025129,-0.165607716771137,0.100979332020986,0.321323169872498,0.713582239313076,1.2210124071409,0.682391778614298,0.375129923015707,1.27970266432022,-0.361493076396033,-0.424768084877995,-0.334645102657085,0.714447808772159,-0.841835070761827,1.42543848114145,0.0451673570715224,-0.388897920282944,-0.834882668218358,1.0345442922261,0.189708649063178,-0.997709133877598,-0.414788182008355,0.468103170393566,0.722361094926928,-0.0444185384385287,0.68271994989748,0.397548082246587,0.516703814595186,-0.190575398127605,1.46720538323475,0.879080831485141,-0.944041525152025,-0.375348697993557,0.41895233708671,-0.312512944175885,-0.0815893906117063,0.149764800225915,0.947574458834874,0.0332184993175617,-0.376313807851952,2.00029876197877,0.708092823405423,0.587817533358694,0.371919228822256,0.814742046982643,-0.289128529463027,0.577366358060752,0.646325668861117,-0.261045897051186,-0.184825671697895,0.942597475254022,-0.180420656163265,1.24316156239035,-0.158751493743817,0.967288631363807,0.879673369542267,1.03220098436885,-1.4741668193125,0.389689614546243,-0.931749870979578,-0.140560059347202,1.42757703973152,0.564324830181684,0.819905512384153,0.842753463667341,0.736952451067132,-0.0286921253212774,0.0560686124653713,-0.245140551725798,0.798171030595613,0.133201649598724,-0.456637554384484,-0.310747966431214,0.0872254778128454,-0.0157506717972385,-1.51081498685718,0.851163260079089,-0.919565572806095,0.0831582579336942,0.168575616982053,0.225893418362389,-0.314168377131113,-0.568799342050827,1.69794590511738,-0.39093244991823,0.839214271363008,1.56363029879551,-1.03760111054892,-2.21735021091029,0.694106352182243,1.432791906974,0.625899776309559,2.38288646940566,2.37134304071197,1.4685924768734,0.734489001345963,1.14213572000328,-0.164763758328785,0.137456893113767,0.183167819905087,0.21052338088241,0.47463195914027,-0.293973439277269,0.957850662810058,-0.115499365063454,0.0191519658261812,1.16137300344415,0.714706572335842,-0.0371222934298872,1.35808256343696,-0.0800447080339616,0.297712523263299,0.647176345715519,-0.207837494959192,-0.776537027630107,-0.187551268274706,1.1684710762791,-0.0772078996882274,-0.250783101918881
-0.179077501185492,-0.435283105230961,1.3044283448752,-0.196293144992494,-0.128994629918212,1.03849300970842,0.930829333795979,0.606869027297938,1.18580624618292,1.7317936846003,0.663662933296848,0.41583998140475,-0.738219178543188,-0.628587224299066,0.915373603493923,0.335321468310051,-0.0360508298540356,-0.35894883290703,-0.922709343847724,1.77447179831176,-0.197868018302988,-0.708430806926947,-0.785286709605978,0.319953700900569,0.67084772267859,2.03259946913888,-0.812871897269845,-0.324925493860882,-0.00668104268590312,0.225283336068123,-0.631568001042605,-0.741603112937189,1.24730733066804,-0.641126333394813,-0.163413316632415,0.418095173514572,0.186925188703742,-0.522057308278173,0.350904951633536,0.456825504247213,0.655738589687243,0.848483918444318,0.0405566109988188,0.562294416224923,0.111301288866426,0.624746772622704,0.973627541536794,0.393848797081868,0.0884704413315014,0.1447359910971,-0.132264004440351,0.24439432996689,0.0665345773995911,0.615053079218122,-0.408047289560806,0.631940194344394,-0.519541569153482,0.280243261085701,-1.0667229959697,0.890377485196157,-0.599785098947307,0.263444717471992,1.23399906068039,0.205361103404324,0.455090829968362,0.652864475503184,0.0573077546600991,0.257009715062836,0.505454053025368,0.277170388567519,0.95532715773569,0.539015559731948,0.246903263489689,-0.602846277064017,1.67650447529218,-0.186692475193969,-0.241260614797219,-0.514769379203052,0.0910206402874856,-0.432043973498869,1.46188069366502,1.9886976981479,0.609894008032749,0.969651949554169,1.99619317526247,0.529111785507214,0.300919626865901,0.543699490028006,-0.149890986354085,-0.0895445552587081,0.36981680570577,0.476194061457794,-0.200249484147199,0.550427781861126,-1.26526495115872,0.628418180589245,0.16726667765047,0.137094931735716,0.158895797792527,-0.030131014500528,-0.159118494028344,-0.722553148434771,0.217232419037256,0.0286536999275618,0.371320605384608,0.379019249121434,1.24786994905972,1.07099526420129,1.09298941451974,0.926055146142746,0.665688227866582,0.816398269092817,-0.233489812830782,0.233722354244406,-0.424003924284187,1.09301016572479,1.60895841163778,1.12760226067114,1.20104933727005,-0.295764733117123,-0.416889942773306,-1.271788309918,1.25958771911415,-0.641642278825132,1.27352659230845,0.780953614206638,0.412332908343087,1.54844016372563,0.900108405530467,0.519494953977734,1.23777286403797,2.31623448649309,0.300069657197018,-0.331310518186832,-0.156261605155232,-0.79439158762588,1.6167520554018,-0.394076448947354,0.475661054572137,0.106089753634007,0.324334575562334,0.155177979545014,0.717653227662692,-1.00055688655467,-0.10998918215296,-0.148365284634514,-0.783758173155589,-0.0861250954394401,0.401413595470462,0.459415079801114,0.798903878977865,-0.183315227510327,-1.32836022175397,0.360714067026196,0.721531140023055,0.901557612907495,0.242973595388749,0.412171559839575,0.240957976357838,-0.404639382535725,0.759147414801205,0.82123254063781,-0.281201752626602,-0.647612591642152,0.173357814377425,0.518406228195796,0.327505340776193,-0.0335489818991886,0.269355839752965,0.00888504482929427,-0.676666569550756,-0.00178425706275401,-0.160846943973231,-0.679276285989668,0.185063673673543,-0.367311468718449,-0.609646418494777,-0.0355331040684932,0.491121957901931,-0.717773215086955,-0.413634101817609,-0.100527312703914,0.00363073597754564,0.654932687110463,0.392030295021772,1.24008415692339,-0.390641327558365,-0.955408974532759,0.763277026231424,1.2682554798626,0.0860748412259623,0.628423114716248,0.672657600156621,-0.0718578315050763,-0.0546084567482175,1.09534947787528,0.603131329960559,1.2970820905143,0.438724831592585,1.4396271437568,-0.377371402023477,0.298965137062591,-0.526827219373582,0.608385643991387,-0.846367635301359,-1.349456182234,0.44837374040357,0.727085289151857,1.02382576422485,1.56981346801306,1.28235191342201,-1.19268364773968,-0.157151025620645,-0.269849954831219,-1.18071823008778,-1.40125475910032,-1.58823024232874,0.102295296854226,-1.43059720544316,0.015939939852797,-0.637487756515704,0.070906954775807,-0.305863665011171,-1.55149137659112,-0.286534920996189,0.0878436468099462,0.351557841860677,-0.402686045068333,-0.324106195662646,-0.325729251918892,-0.00895271517482579,-0.521605042815104,-0.859170252049619,-1.11124937793115,0.555910369807632,0.565120753005488,0.135080756678776,1.13419362293188,1.42794654941394,1.07931138415727,1.62285415599483,1.68993519429377,0.0206599392339523,0.408416627857405,0.68212511891947,0.740098639520688,-0.329670023133575,0.182374522489865,-0.11871693115396,-0.631222795838568,0.0245648836602615,0.326763161668799,0.372979319013746,0.887835665490934,1.80986621937261,0.399210507931646,0.199987922518231,0.510568412077634,0.0280206986474613,-0.45222634129383,-0.0263457946769458,-0.109741528544879,-0.326484590982405,-0.186793914315798
0.451118283788995,-1.13124380968471,1.64473467816974,0.0818831643128589,1.50205773529094,-0.917511756709687,-0.716898278986151,-0.855400809613455,0.976733528747009,0.607754894818581,0.0946184949350251,0.716637544921523,-0.651012247974817,-0.567671625110617,-0.460959935953042,-0.116693889563427,-0.36942497615613,-0.610311536330892,-1.17846577533766,1.20210094176182,-0.841628464724971,-0.718014455617467,-0.712974367300531,-0.304776069108929,0.696503046518132,0.686866954745891,-1.19201151548194,-0.450325786704103,-1.01354435344857,0.404246910315433,-0.522911538121939,-0.49054433784351,0.947282826998416,-0.664532658749757,-0.501211534507369,-0.327571071347146,-0.732864026878371,-0.637101397371978,-0.551381198849688,-0.657702525254795,0.188133869959606,0.511852314780341,1.03191395108601,0.233596576471232,0.622121232661217,0.578831836530368,-0.339508543234109,-0.060173668553359,-0.410738100665303,-0.417431912723597,0.147232634221137,-0.344621631673522,-0.321963918594986,-0.369641512171291,0.928428388732922,0.0566756681053635,-0.146267986154905,-0.00715574462481439,0.0374733250077874,0.355050131607167,0.791181855538628,0.814005580730524,0.86459278216663,0.995603574636428,0.523980625581199,0.923789752883871,1.10888225305145,0.492109023775136,0.735055124564951,1.1820579849498,1.02475732541004,0.274346753074817,0.709751153841951,-0.79635032226771,1.14896592067215,0.544170320379703,1.4311286581697,-1.51793435440502,0.936129324608259,-1.42914582726484,2.34551099983559,1.94669391288227,0.313827811929134,0.898366828626187,0.980035871814886,0.965813139025492,0.218739281936633,0.197240388286595,-0.58286325513125,0.478627355492528,-0.233547509165872,0.261083012541597,-0.946951704792979,-0.846283128922309,0.368912848913359,0.952427957684121,1.2194782019254,0.880747432991267,0.672696712075832,0.365487642743723,-0.204744461560263,0.41096760560739,0.86286974612245,0.891709953324155,0.921816565468126,1.22411920934328,1.0256240532904,1.23048529927482,0.705741856301278,0.310692365283461,0.297590281673955,0.519422666518625,0.536670382805787,0.6888776847814,0.769001895636555,0.994386418509558,0.981764497174495,2.23239094086119,0.440848549471895,0.555916381713849,0.899471333130792,-0.0247972513435967,1.22167803597442,0.487891455796317,-0.407617210133308,0.615756470567553,0.428553538730993,2.58983831432089,1.47868416236717,1.74391705202432,1.15145110903553,1.06008001281149,-0.248545829624456,-1.07895415276578,-1.24917707804325,-0.965360008382504,0.849285336463042,-0.70551950827415,1.61017502623613,-0.437163693300046,-0.773356820258188,0.0497818092480524,1.2532125721171,-0.251375706043525,0.75736833074033,1.08607733375135,-0.0770321999847865,0.952615003614903,0.457284958948985,1.46088787896571,1.62805211681363,1.54037647182713,0.685980144544816,1.24582982595406,0.832863013730794,0.284186259665729,-0.104228285570199,0.281579487079084,-0.221756760506545,2.00199857735202,1.10228106519592,0.42132914166012,-0.319452053104186,1.12389026875129,0.963933349889631,0.00944014613758956,0.464207408920583,1.06563002781598,0.0984397219397452,1.18482771867511,0.486020234645098,1.12307307156565,0.618095065907092,-0.165920692198912,0.388689505784099,0.491032992665997,-0.265113293113001,-0.756094681334718,1.05293752208122,1.20009495257406,1.03304978742179,0.382564871844103,1.17409279468525,0.338099074981816,0.27563547795416,0.820106726150207,0.348744083473711,-0.0285234658551093,-0.216124905510287,0.482767710309873,0.130791937935926,0.70120700865453,0.128410468628837,-0.16913068357485,0.245128429877714,1.67813054646312,-0.121569439968956,0.606229529863223,0.314443999170478,-0.262327756874047,1.16350244312704,0.52666246268306,-0.779507205387629,0.608329802293169,-0.334547085332652,-1.6042618132675,0.204679256372431,-0.188101680863761,0.206878534872453,0.931611705768169,0.776170632977063,0.00740596996277689,-0.119179499430674,0.420397761045206,1.18149344700258,0.497256947218213,0.442899807992706,-0.0745671680900966,0.0530011494780084,-0.208901024703556,-1.3299623674666,0.0620664472890827,-0.945729762118238,0.657948265731905,0.0832696126589067,0.293711623796436,-0.126937874958787,-0.60873177197989,0.373619610979235,-0.333230336958863,-1.14206524666948,0.0131075098476505,-0.231419950098654,-0.711342271223779,1.92594981227296,1.00698619323387,0.853324032649174,1.88879867137275,1.4647801200306,1.8055488179114,1.0289190475578,0.642396450303243,0.801852717461615,0.374466785133586,0.695890246319581,-0.290071671999377,1.17150390292345,-0.334215544088734,2.01161011525856,0.685135767572136,-0.46195321668225,0.735822668935078,0.422992334666644,0.865990403431066,0.768246124623843,0.149124987568629,1.40464627679468,0.771178928768382,0.186935862512853,-0.407820575912414,-0.27591699293408,1.23935854240084,-0.172674475244926,-0.421906748918691
0.426855822366734,-1.1126031830968,-0.26823496582905,1.12135859640509,-0.996479957129886,0.919837428859165,1.14475704013432,1.00447432523639,1.79386749822397,-0.365394790204126,1.03686185126127,-0.173699647440882,-0.313040603064306,-1.44947862554543,-1.61752545085332,-2.39652160951911,-1.67869797599714,-0.130776495843212,-0.458045440952926,0.236619166881615,-0.951210679510092,-0.20242514019187,-0.883767103527616,-0.3031874704823,-0.45173360796168,-1.60198063205024,-0.852225369433222,-1.30747618952716,-1.80108728480343,-0.345469194595613,-0.27311116295324,-0.730908100905643,0.708745434754737,-1.47789294767718,-0.86538917253613,-1.68805306044668,-0.887073558757876,-0.3783447536625,-1.40099006252963,-1.627810294918,-1.14621366129745,-1.63471767544017,-0.357434512699769,-1.41654154005707,-1.05645924861376,-1.26138529777558,-2.16851210251418,-1.61075468600962,-1.30748432367179,-0.617435009127989,-2.0307523941008,1.25931038375161,-0.234099043711622,-2.23765361895954,-0.466962156718736,0.971893623131469,-0.29447554493183,0.233992954482868,-1.35103488536852,1.13783160100397,0.200971140196424,-0.221759971064187,-0.379298984994187,-0.380272394667977,-0.431548960512611,-0.125587073334646,-0.880213303305293,-0.958223634131058,-1.21787269418894,-0.362822016743412,-0.347301900309884,-1.45835739146455,-0.251267069482524,-1.32878765297051,1.62178748753068,-0.581652438550986,0.101069903810851,-1.32050652385728,-0.102919673321703,-1.99574326589895,-0.0744171535382892,0.355659387932234,2.14409910222154,1.64640183644695,0.457718741757211,1.03161332322416,1.42007533308549,0.134212574558308,-0.76594216414942,-0.343445336375815,0.089342440698494,1.11246281109354,-2.48331793639152,-1.92419478247032,-1.07609551843103,0.992894918102955,0.844636243836984,0.180559609572663,1.04688444016422,0.863774432279059,-0.421325022043224,-0.41466617304838,0.952946636675158,0.627273075491002,1.18843224977479,0.740907923837722,1.28262192661477,1.43021398871002,0.65645429105606,0.677209094687546,1.02081338782938,-0.0861818036097515,0.909340894117271,1.36658799404248,-0.522616269218608,1.96112084063666,1.39937308967431,0.823765636836382,1.28602360437896,0.65747266596603,0.638240462021881,-1.14683727728702,1.4496141635685,-0.175903992075908,-0.152152809848701,0.439240421435698,1.73162077205221,0.655781916670426,-0.209996558394413,1.26745466524016,-0.107103704301065,0.0652365786278186,-0.0704501353015387,-1.13245288947241,-1.96833531649059,-1.43634049476962,0.200728851883672,-0.69543277980338,0.00118460739706545,-0.690468467005845,-0.0598457788455813,-0.254089933099308,-0.684398037505679,-0.920784878091275,-0.248599258888214,-0.767318558826424,-1.20662125382457,-0.148888252026912,-0.706789474631718,0.707842499968457,0.188902743548584,-1.00268867209324,-0.419146648795474,1.21934736064554,0.966603042503575,0.0193200866473903,-1.34407001583735,-1.06538506103467,-1.14726004751596,-0.212113730537888,-0.0263639217428386,-0.592291893135691,-0.845636122249556,0.811874634489776,0.3455765835988,-0.750030827880044,-0.732394227516903,0.523790156931079,-0.536585050630246,0.240402080250596,-0.282706045250869,1.26602011625989,0.672368747181898,-1.67197199595487,-1.24091502808767,-0.54579448104193,0.137243405005751,-0.991011343825809,0.141062289256284,-1.03304778805436,-1.20202080499595,-2.51455654954917,0.901873922535672,1.50356084039015,1.46794123120474,-1.09979155604175,-0.693237720735694,-1.51371638052249,-0.193310566308894,-0.310945611462151,0.152638887299024,0.826217372543615,-1.40014387664823,-0.668140844871428,0.767245907780355,0.332360342284111,1.48991565623985,1.36011019806924,-0.220906336030353,-0.424302712917738,0.769643645037045,-0.443282567502366,-2.09769010974931,0.176272402639351,-0.953092256314563,-2.10014541974624,0.190136670169248,0.532313059953496,0.76539828483937,1.03313292047667,1.14160267342089,-1.06263340116832,-2.22399982993496,0.39322595179686,-0.440762361721193,-1.35400965726879,-1.61078689175976,1.12541643122464,-0.505417682181684,-0.109279868214573,-0.4886946194398,0.754301645821149,0.521278575099121,0.222080226733917,0.215955643659753,0.615959182648795,1.55496738784386,0.322552958140491,0.123423112150239,1.25220334144788,0.473165753337237,-0.136903791293941,0.347978394431881,0.474304426255904,1.07207529848824,-0.215304639972231,-0.883244209594585,0.23808310363658,0.613481965691935,0.114603515453536,0.983205715505713,1.21503287805325,-0.239202250247766,1.06504162370572,0.73337184851812,-0.380503359975772,-1.74277282602003,-0.287654415081534,-1.64888342976426,-1.15343513906298,-0.333548359690693,-0.384504114130707,1.4787172102783,0.650274319827475,-0.982793348639321,-0.652212581682498,0.0412452084017274,0.230845564367498,0.310551625871624,-0.0123454921258877,-1.52284187846476,-0.204634312720805,-0.0519106677570997,-2.77174645814303
0.883419343801534,-0.275541053717901,0.132998723452202,1.04685586745343,0.581956735334282,0.783239714434939,0.464049065130472,0.426239164299136,0.998551604718559,1.4156430103235,0.799974947551365,-0.100127211099948,0.0295566222265378,-0.779800142633662,0.0868882098932053,-0.537409140094434,-0.962835147719601,-0.860040459344916,-0.736031280149496,-0.866337797546465,-0.503978477703833,0.20047110663487,-0.719640442294736,-0.354945278248108,-0.634465360304281,-0.954011829877587,-1.13617341104732,-0.375609748198444,-0.623818480413427,-0.697864954165804,-1.07275225842083,-0.478454930569243,-0.763377298852815,-0.775095170392693,-0.875275873774169,-0.714379445850227,-0.597292500355359,-0.732244338576708,-0.952529816462791,-0.861912486059101,-0.416005178414662,-0.151601054292509,-1.26664726978874,-0.327815520116981,-0.20100538217295,-1.21339205994809,-0.528548475390331,-0.511772795800687,-0.722626453503995,-0.99112057600594,-0.0779176662551801,0.674764492752666,-0.942964460589205,-0.122871741028684,-0.870152800302634,1.38549862446057,-0.638892169521548,0.384398017388672,-0.151574753110911,1.32523372005245,-0.361458282964239,-0.223463480278769,-0.0109577362063609,0.570863131263602,-0.627972350567349,-0.257503715374135,0.0791579568151374,0.195582981882303,-0.579793736945225,-0.4959786196268,0.0802001300738467,-0.269020859453063,-0.0349078131840522,0.152427908157329,1.57460272389664,0.0576818781300801,-0.174583500415817,-0.85549234582786,0.515669428373395,-1.52433707305638,1.14651501812685,1.1229340481899,1.97490816313151,2.17963997130942,0.721992552725246,1.21681086097591,1.28305362428716,1.36480906464695,0.323683867972965,0.820498123663955,0.282465922771392,1.43308114601251,-0.0299672945859174,-0.449435358871744,0.61276830428181,0.540838628167268,0.734075409549331,0.721538819567914,1.03841519716167,1.34735136703785,-0.770517493754253,-1.54149331122409,0.37727726799183,-0.642082966432951,1.77226698147861,2.36631566365154,1.38629778662667,1.98092339490924,0.930489134975011,0.902719266014516,1.68181833790126,-0.42612742594278,0.731701542126801,2.10806209877905,-0.597515741920746,0.49630784565389,1.84321047408693,-0.468605871583841,0.054923885183683,-0.924635235427009,0.187982531158688,-1.39202549079177,0.834754281454705,-1.03433019009339,-0.475161599663242,-0.249062626292764,1.90128478432962,1.55099712362017,-0.351668967083994,1.46431382487789,-1.26666484564094,0.646913438339598,1.55490972108428,-0.539355515119987,-1.52659562325249,-1.09950043358372,0.101292629189204,-0.287202709146948,0.578902275238175,-0.287623760894927,0.365406661126915,-0.192659340355093,0.154924139337812,-0.291742999339578,0.0617915592822246,-0.0463029549839597,-0.497257435412658,-0.372508728265658,-0.251165853348026,0.568965293425053,0.778782948075709,0.161759243707907,-0.501692381192826,-0.733647253815445,1.12886359891684,0.517579487923536,-0.425020441583514,-0.998987661202809,0.180547196003029,0.160033898603256,-0.465919035218765,1.06496698826701,0.441977931052524,0.130559419742099,0.665293612392849,0.328319578948882,0.648638291607883,0.828630115295591,-0.344758304521074,0.546590658600237,1.09446023237514,0.964343798087564,0.98166437925934,-0.848469909428459,-1.71182960163255,-0.910954419313669,-0.327179434068379,-1.54637349126229,-0.782986653645687,-0.368602131663005,-0.169829012779703,-0.674636902676919,0.551775104496422,1.3948014543129,1.61318656173732,-1.3786957876555,-1.04344846634188,-2.77194867396234,0.0661300060355867,-0.753136482990347,-0.0252541414472621,-0.522493921807737,-1.65449385156884,-0.968417738966604,-0.151800995881928,-0.969515493396894,0.939317026469849,0.265534606163153,-1.0063444011392,-0.947531123294017,-0.359015795356131,0.532751321624344,-1.88076635256479,-0.0134882699715924,-0.68377243647011,-2.42975760247978,-0.430785207288163,1.10557430981707,1.43602061268509,1.37322549397707,1.82508801518458,-1.269063795421,0.145461574745986,-0.0548860596127386,-1.10231851770874,-0.0130525617833109,-1.90433031746261,1.53661084559926,-1.25068804649726,0.140651270318104,0.936254631291288,-0.67385514949525,0.867572285017516,-0.451542107345556,-0.92062854474336,-1.10167169368077,1.73216970198599,-0.582467413403447,-1.01130374103114,1.58424828588085,-1.57019485971663,-0.42908651831859,-0.356861942341575,1.02246748572209,0.919756536748011,-0.588723072800056,-0.0589623627875449,-0.424264862935284,-0.51795867919222,-0.110209537125234,1.33080170885783,1.53489716619998,-0.289044647751325,1.01823868829787,1.007570220821,0.194695463568531,0.199179615842086,-0.0197771504115918,0.209455700619189,-0.951280569828469,-0.203734123787523,-1.00113070180255,0.881966283100254,0.245351203593537,-1.22698866000242,-0.450501533179689,0.26770847542462,0.151938947824278,-0.467887408919848,0.671362519541026,-0.848940930157848,-1.46277989903881,-0.666445250748158,-0.875597686599776
-0.261577636698788,-0.803873466023796,-0.00524492125267501,0.914097994036162,-0.868871292135878,0.897543149770475,1.10825784163597,0.598560808929745,0.350944610396096,-1.35891507682339,-0.132080879309169,-1.18754908270341,-1.60253245996948,-1.90717453040465,-1.08719199156505,-1.3334359772137,-1.42304757356947,-0.275472542300023,-0.484636611221741,-0.979385035205519,-1.06970052932815,-0.861659327349668,-0.620814007746279,-1.04666715057662,-1.29169860466333,-0.70693365524694,-1.76760220393098,-0.890685626718587,-0.789137496484047,-1.87482194270248,-0.54267314204156,-0.728440507599914,-1.18140292528548,-1.0719678540165,-0.453337468147377,-0.903897094114104,-1.55904022434363,-0.90034561709883,-1.48735240903952,-1.32232869822488,-0.972039117003834,-0.696805733315671,1.50741672099235,-0.155383402740557,0.743825950212688,-0.324015186306295,-1.0088821660729,-0.00263517126718781,-0.75027721701494,-0.613988021335228,-1.86114430975791,1.78430501545956,-0.427595130987391,-0.494885125670544,1.56308346910834,2.44249375398079,1.29746104973092,2.34001565316892,0.490176431995271,2.20997830216228,1.17916048092867,0.374181191746122,-0.0417376655616014,0.822051119722148,0.635998570881962,0.411407848801544,0.639996066801524,1.04395655302835,0.735733577797719,1.07461208596088,0.674598420520395,0.510538490498845,1.14814117643689,-0.943224587646219,0.417455537692432,-0.845961851863023,1.58538159606067,-1.48719205278831,-0.28760958016535,-1.3519765108057,0.0187250567335212,0.436058751061491,1.22359748909325,1.41168024005111,-1.3101426758859,-0.74340729322217,0.12455205613391,0.955140477258427,0.123249963500751,1.09353561098588,1.66363295128228,0.201381929934753,-0.217251686429086,-1.8698982082437,-0.115369591772559,-0.735673729673145,0.100655976477453,0.571860422342589,0.0676285326717466,-0.446164659547971,0.109839087447299,0.232107603818976,1.04165856274674,-0.487220521685626,1.54837757745501,1.25860110596504,0.772903618101996,0.80526587877572,-0.124603858859352,-0.517599593087877,1.47466479532181,0.0202250059880232,1.34619724699494,1.76278970233629,-0.775371577002587,0.948673328903632,1.53765520773325,-0.523359761015976,-0.117696368646585,-1.2516896022214,0.667313406848411,0.308578476097413,0.958897462055048,1.12098164503159,0.349167706460899,0.8148703517637,1.51864508228392,0.428545575285185,-0.183857978159218,0.052444868885442,0.33680728783889,0.498625851504218,0.973491578913298,-0.351006213085479,-1.09702587986252,-1.63769860511042,-0.25438255389668,0.818727218747536,0.194466984277916,-1.24056422733935,-1.48318660596817,-1.42622891581924,0.704872419531561,-0.0620214839186529,-0.225515284735147,-0.392673221665004,-0.426554109478901,-0.211747742650762,-1.03791893767679,-0.340734520839733,0.252112311032224,-0.687571734467327,0.557255982621207,-1.23625969358406,-0.40670993013174,-0.294042246905593,-1.9892928225004,-2.05432311425455,-0.31174896288683,0.150682181727942,-2.23128413178931,-0.842113479913359,0.0368868007831958,-0.677543150698327,-1.0450760317571,-1.08780588473353,-0.10359107841226,-0.314705706632803,-0.900129107379675,-0.548265451334782,1.09205281488572,0.498281023226286,0.364279823435703,-0.34883220386267,-0.280573810940351,0.295462316778764,-1.06141876444678,-0.48648778901108,-1.59183154641935,-0.684028457682006,-1.40159644647576,-0.256615312758283,0.526880266879101,1.25415690377861,1.09629974835516,-0.0716812962717267,-0.498718946673127,-0.363346952725603,1.23675094746399,-0.570157687004575,-1.13153641679301,-1.18669350748699,-0.674543369491431,-1.95370061554621,-1.16883994338409,-1.1851149784028,0.798004713419842,0.965892620200217,-1.02402410159862,1.01159884746986,-0.593413349216906,0.20455539822052,-1.12020392303459,-0.370745483924216,0.167495825274914,-0.534521735776585,2.13700709853035,1.81796077829993,1.82032662577987,1.25460610528449,1.45711077562057,0.133238878150211,0.00989602655354357,0.777351148406107,1.3020558648879,0.806464360391627,0.177121524452805,1.70251055272053,0.524831531104474,1.3963697984076,0.315126033743167,-0.0933900997499014,0.529933154395535,0.951554828634231,0.0121264600444514,0.168892216341092,2.23683983845407,-1.05589977142216,1.25576068839562,1.6434546762732,0.312631441471277,0.951124568319823,-0.96712282069527,-0.500407375233233,-0.0958998731046284,0.0615640711820252,0.86557713561183,1.11360499625481,0.350872319666289,0.243311720848329,1.39354125405253,1.55348285040897,-0.228326701394947,0.886810187168381,0.879993680799571,-0.461368060540347,-0.43532336701659,-1.11623147562815,0.425627956195269,-1.14543699898699,-1.68367381011346,-0.888881784929074,1.23626347123185,0.502729709420264,-0.445894238233476,-2.03428404231975,-0.0308295325406807,-1.83665386938409,-0.882233027229984,-0.91009482444658,-0.745020392423236,-1.04962506794499,-1.36187349830053,-1.08608969145194
-1.34117436497839,-1.54459074126131,-1.05286575197258,0.691146730083257,-1.71707966611852,2.04918869750243,1.6539349391475,1.5074726101826,0.409872607607237,-0.0926478554560704,0.986375813774028,-0.725322123428306,-1.01094829295686,-1.36461881398636,-1.15052990793745,-0.72451857689834,-0.714595930191564,-0.392784390177466,-0.612197206924891,-1.01329799511685,-0.686646228763031,-0.502346105517626,-1.07731386657761,-1.08856044872331,-1.95790825856337,-1.10044040041209,-1.70953171167401,-0.738958622919995,-1.26374832546284,-1.85711914673109,-0.430990610091246,-0.994974105817186,-1.05509151884162,-0.846538747251272,-0.490579257456787,-1.92358050437516,-1.28983873400274,-1.23238420361752,-0.908117981014905,-1.0703450914187,-1.68525205631875,-1.44562978027577,-0.240608830679738,-1.16181740432392,-0.476131019697554,-1.29663288481977,-0.648087550824447,0.297030710062863,-0.86242951732801,-0.422270928900189,-0.849352087269453,2.35921544182164,-0.454248469479867,-0.558897975359972,0.268184844052969,2.70992132369877,0.681223720931382,1.86576006970703,0.247160758269589,2.63227248961841,-0.722729782165605,-1.1761199756779,-0.380155458497526,-0.647296327878204,-0.0639219242847032,-0.673056896500799,-1.13204818090365,0.141756892849958,-1.10731494211193,-0.220291086391855,0.0249544352027154,-0.765391063763894,-0.281293587501658,-0.835039106857157,0.233872938621566,-0.949068446635359,-0.406606963898325,0.295856507314157,-1.60371771178365,-1.30404093167107,-1.35311329724402,-0.586995672433945,1.25614327294964,0.842853346834069,-0.856760377879585,-0.654740307835947,-0.111211761775743,-0.617629812479688,0.721800294990866,-2.20150244229867,-0.287190240175361,-0.30604594835931,-0.444726928178527,0.209451597315686,-1.87406742097536,-0.752837407692422,-2.10001540113184,-1.78453152639638,-1.22751689987392,-0.820813932219141,-1.66053340372831,-1.87917412716673,-1.5084328790912,-1.29398081427233,0.297150573264823,-0.480670569651751,-0.137187523110285,-0.323711342196806,-0.510171911374652,-0.215280826207566,1.75387136085379,0.076955766925523,0.165073003724359,0.790618961406633,-1.63620650656181,-0.174783272356651,0.729553928942403,-0.654864097294227,0.00884469840494027,-0.422239003491803,-1.33003157339265,-0.662675982824764,1.128951846417,-0.184723534167988,0.936492375612181,0.681084381043402,1.7948160874242,-1.94497745774761,-1.56134165988985,-1.56566783931919,-0.685817491651712,-0.895994805521812,0.91057156215192,1.1949641705769,1.43522045207949,0.0874349998340386,-0.773708007489598,0.520037317271648,-1.48379292885714,-0.391405583457633,0.42312064884604,-1.64792317789601,-0.178955795470474,-0.447021030225217,-1.17633624811625,-1.48198073861277,-1.60988973849595,-1.38818985177823,-1.67251069295189,-0.769864140485675,-1.02069884629351,-2.03117802784307,-2.63570810808222,-0.944889218356735,-1.05524787340422,-0.881126728581158,-1.49758896503347,-1.8527991755263,-0.81335781452429,-1.55925827758125,-2.08636897748174,-1.87273982872973,-1.00394135576735,-2.15256670399493,-1.71515706259625,-0.98122693477123,-1.39477611959361,-1.45969155361206,-1.55398472286465,-1.37641695813067,-0.654913504462548,-0.805255096302023,-1.01595402940082,-0.612128732583544,-0.104744362961245,-0.39659278391381,0.417852757712004,-0.880536793783908,-1.09003482255758,-0.80725248721538,-1.10881969220055,-1.33044187640634,0.89418831402297,1.62329001720095,1.79643140193483,-0.481211580105139,-0.583313017189124,1.00774683969268,1.90026833631807,0.449932705893427,-0.885594742144307,-0.277844743651395,-0.471002644392686,-0.691850098690529,-0.476676144891622,-1.08594384964469,2.07877585435415,2.10705152586018,-0.338904153093056,2.09471172642845,-0.607289520902723,-0.637957571193814,-0.417179895259233,-0.183874021825248,-0.51387965271349,-1.34466182379847,2.06236451953921,2.24498667290537,2.23136521504283,1.62341182174533,1.94081663509759,-0.133677283012905,-0.247742437312752,-0.00864444771545964,-0.359687715213233,-0.103311428515528,-0.994953090164783,1.70634497211836,-0.505917777941933,2.28262501719667,1.32831266968351,0.0207054525253602,1.43241145793931,0.296525292787792,0.454331498301533,0.185294621305989,2.43380425362111,0.253811656399703,0.204988798810737,2.70339339277222,1.21493264425297,0.935276529853091,0.100136052496139,0.668054166936866,-1.45797540848548,-1.34489637134246,-0.813906610763054,-0.543875851935002,-0.596353998961857,-1.24961854680675,1.13586733484735,1.57990825003463,0.966708962874483,2.10119485616403,2.15418669512588,0.705268516616658,-1.90670177322241,1.00533463427123,-2.10270479212603,-1.32800335091671,-1.30600036794395,-1.73116729671101,1.36951981760992,0.902563269592403,-0.656873316885164,-1.08442077731163,-1.70701296955999,-1.44583027131018,-0.786010855512602,-0.596828615540439,-0.808245663827154,-1.53739733384181,-1.49608955673882,-1.54951251492333
-0.513522887510836,0.418666643723034,-0.75218640290883,1.46869780763139,-1.27928643971477,-0.611233329098801,-0.494322124226166,0.167207169822252,0.0703135769665997,0.72198991597107,0.0286028141980483,-0.997533930439062,-0.359907586082345,0.971115047597423,0.649676157870497,1.1719248721828,-0.424954068387793,-0.370204583478441,-0.179746454794919,-0.857919780986606,-0.529692049987401,0.131322357895497,-0.316527877000832,-0.612018578076381,-1.20262546326866,-0.627405105423213,-0.926150229296118,-0.291933467054192,-0.483671628117936,-1.14828711589001,-0.56769036881181,-0.0979915787842208,-0.968066673261133,0.0800430066446189,-0.287606493969213,-0.547538417256152,-0.602287029458839,0.221409316741995,-0.746483121140365,-0.315324072372994,-0.567010857030288,-0.806459481468724,1.13608428639889,-0.882140262198867,0.0865321264519473,-0.544724775003787,1.0644022852833,1.75369194942358,-0.747574483968402,-0.367748778399715,1.33847284257947,0.234783467824957,-0.434939697812132,1.20637268078708,1.23554868619398,1.25708389020575,0.288055394694582,0.745087409168091,2.67083398875444,1.18003333917004,0.725551635788647,-0.306262435543563,-0.618701124145177,0.691444273069635,0.799162960703206,0.0765300036036085,0.70476694035351,0.851762878721395,0.45793234050315,1.12068564384905,0.584812710978191,0.693910468902132,0.934863717672536,-0.345735876213852,-0.753419335156542,-0.99781168666749,1.21656424788464,-0.0498683699307914,-0.544022545110979,0.347087886790843,-1.45338283047643,-1.084233452513,-0.963100862265416,-0.659267801681187,-0.992682549629196,-1.1823774187572,-0.47591230038463,0.122909294658084,0.916808717820196,-0.362652725834716,-0.463179086787206,-0.446254302060599,1.16428011516458,0.389038052466901,0.0157270618898905,-0.457126211284851,-0.570438899810782,-0.776349966804167,-0.86457158887561,-0.436438649363626,-0.307291171805033,-0.901523959881561,-1.51201915907789,-0.819354617945638,-0.935319177790955,-1.72239920037076,-0.867283960059552,-0.980383471513352,-0.731703540187284,-0.493566615227714,0.481480632520314,0.495307181408437,-0.790196724467878,-0.447727091850126,-0.909418293779295,-0.80500133294088,-1.10826497860002,-1.34724069331063,-1.13917257646491,-0.936950333942246,-0.157177179350861,0.741653883861114,-1.3436416708602,-0.242771744107816,-0.227222768864423,-0.528899504206328,0.827218156648205,-1.37320807124153,-2.18566417877141,-0.995633649887805,-1.56123220779576,-0.759164379176672,1.37993095480091,1.76425147004879,1.21090700335038,0.548368238745463,-1.72758916767585,0.57428057427017,-0.505602020379805,0.18660321962347,0.43932483046183,-0.412574371268266,0.155181201762591,0.146344216599423,-0.504057092456137,-0.525312485731218,0.123857606927344,-0.305521370447943,-0.700938408823451,-0.706246723403076,-0.712769087304013,-0.455910073016187,-0.913819412940002,-0.979765369781173,-1.74935032523206,-1.41818546610939,-0.597622642072062,-1.09838397496425,-0.291320147735916,0.126816026253502,-1.0983929871324,-1.57169044174849,-0.0231156032590819,-1.5161180700994,-0.209105679310473,-0.0955914316805846,-0.766715134369718,-1.35883884396124,-0.485427816582905,-0.705857472364421,0.136433459864414,-1.1566129800673,-0.820473911996355,1.00988423639437,0.696080352554661,0.324618917851233,0.196356288140722,-0.622011709750456,-0.035416345924749,-0.0389686674871704,-0.711198435366203,0.204032378498074,0.809108539083289,0.355517737979898,0.767680999817776,0.344380644138241,1.12618955084167,1.41642300658779,1.24336862634684,1.37863574805582,-0.333554219704855,0.646448157507367,-0.111443967967902,0.566333296771834,0.399591894794474,-0.882487703177717,1.08240421143887,0.794037994381148,0.335589676461541,1.18608770578751,-0.574499442145351,0.240570821842329,0.859107068060597,0.314836277829159,0.557097994099668,0.312291339340702,0.774302664947667,0.907470109184448,1.17210648679291,0.658709387469193,0.687924254645715,1.68418150268982,2.14212513253906,-0.0231178066308861,1.94388516305638,2.51253112920578,1.6863715837322,0.733037753097125,0.226653796373267,1.6972420659468,2.1949200622463,-0.558256971107713,0.610212575212463,0.793967983284038,-0.352887486632643,0.115918700015923,1.09190161180966,0.0898091813906887,1.02089133293218,0.91601864053548,0.468974992387918,0.51444254960099,0.131597376430592,0.48178745092357,-0.431209745262335,-0.374738188594596,0.78126305945512,-0.288317106653408,-1.59929218029413,-0.00321845271865297,0.354073998531075,-0.00544232115572841,0.359474451083153,1.50474129367847,0.821874879833744,-0.254187586752217,-0.0782429042175509,-0.688303162710668,-0.934268485389079,-1.38724640111937,-0.871520024450122,-0.511732604082574,0.923837336289517,1.02120258522239,0.050435366713518,-0.572819829663712,-0.977710771547888,-0.818184729486577,0.35842846154291,0.135937635438489,-0.867752889511433,-0.787786927049649,-1.16557849603438,-0.376743421308191
-1.1044449245406,-0.189699287518773,-0.469393798874516,1.13076058177383,-1.26471425646064,0.636195040689272,1.48324579152764,0.950254363708954,0.457746321707288,-1.45791364970022,0.748865005673167,-0.112474799971418,-1.11147870874491,-0.676244646078233,-0.861314880720811,0.269009007638817,-0.787188422049415,-0.104006402601473,-0.107042494765631,-0.886772634344481,-0.52866702737037,-0.091935622546039,-0.336641554391306,-1.1880533401473,-1.68301144081197,-0.881394903675797,-0.614009458199137,-0.744472369712408,-0.851881327909802,-2.15036305188444,0.0329556108154872,-0.2426441604839,-0.956463714741138,-0.89369409875158,-0.267655674146806,-1.02557290943465,-1.05379246874184,0.123397280716432,-0.654161440855572,-0.609694597109968,-1.07601710605248,-1.6794214446308,0.301182537039305,-1.18099240762912,-0.772520776042023,-1.15533834786539,-0.07896240706442,1.3555691042558,-0.395070714371262,0.105490375812291,-0.619104472774928,2.07510818321501,0.261357347798963,0.446085882261194,1.43457021058929,2.05368733868651,1.27859991961479,1.60491623154419,0.227449285559272,1.88489675236599,0.221144526184845,-0.432062241490347,-0.325859961594215,-0.0887230639426429,0.445488261357817,-0.189971675909724,-0.0125059509265333,0.332148301527819,-0.0302358241327937,-0.085610375099592,0.160543654644871,0.00804171364509783,0.0503448108786484,-1.60338812968433,-0.718368245126889,-0.627657535075622,0.151082416255182,-1.7980730905241,-1.48307768358737,-0.966872717167688,-1.14351260209301,-0.831660514866663,0.372590213743105,-0.0949969737742729,-0.77420488880382,-1.78433426005967,-0.772500318680413,-1.20644790272198,0.320947015101952,-1.19011735449527,0.0552561014237302,-1.29275528601528,-0.608221059666684,-0.907364896242977,-1.51351065195463,-1.30422509198471,-1.3054040064225,-0.472762517155364,-1.17871290885709,-1.63153576231153,-0.665056608088945,-0.0718458413811045,-0.928403484830436,-0.217075422139079,0.496348771806386,-0.589337932848913,-0.852511826772637,-0.246220384466482,-0.693412976210288,-0.454176467853232,1.11981523835381,0.196383328694347,0.877957778175887,0.384661114145564,0.47259278863196,-0.459902072408686,-0.18053833469227,-1.7922137472392,0.631578679999957,-0.533643770316373,-0.821808860860978,0.485404268420507,1.20588811783002,0.318348063413757,1.21742883615339,0.0270227183193955,1.15109043628937,-1.68197486644217,-1.02996378736834,-1.59595729673696,-1.64804629052854,-1.15381369518724,-0.371495320699265,0.713828679098044,0.995140775600073,0.122883727219586,-1.22927294413993,-0.163537221317814,-0.995614428792797,0.105900176193282,0.706483895209601,-0.623640389659566,-0.865281652736296,-1.8046169504945,-1.35598971330685,-1.50371949409899,-1.59107579606968,-1.43401281714443,-2.23049362553953,-1.33923446800841,-1.86798801433877,-1.64829307342977,-2.23166392327857,-2.34127607872667,-2.31965436090623,-2.37063005414903,-2.83913671282996,-0.890030068836891,-1.45554285101938,-1.30950204605068,-2.33428025691013,-2.82625434441312,-1.25197256023152,-2.16967025575928,-0.93103739362914,-1.867537441541,-2.37413430379904,-2.06259421385247,-1.77659301781736,-1.56328253440778,-1.00399448393341,-0.884220706265475,-1.86141842392834,0.05714154830321,0.355008501145315,-0.0696354447286807,-0.0349306704889497,-1.37365731255841,-1.09382924078752,0.444451780474951,-0.351884855504052,-0.0755068993155859,0.535696738739473,1.25417184342122,1.54742907672872,0.272900140157672,-0.263077628676461,2.24889648956524,2.19480500543906,1.11418140373656,-1.41792654491921,-0.00823259048435586,-0.843021396949368,-0.504810726122377,-0.780668307541363,-0.528110750738973,1.45909035624177,1.75585079282721,-0.26589389205776,2.43292087632526,-1.06951645826377,-1.0147501894048,0.206937502123996,0.348943326901337,0.243773134174041,0.382743828087807,1.7502529854987,1.66148178136485,1.81974858334457,1.21430487924111,1.2757637919782,0.344408728097648,0.521405332593759,-0.380471190068904,0.42791419941098,-0.0593749276636662,0.0155147092298057,1.48980473381415,0.660595315447689,1.54944466281536,1.28666557667943,0.474873903680962,0.175918418638236,0.349018050344694,0.305016495681493,0.743906509573,1.91146861120794,-0.462081806852345,1.45017245205106,1.90103384244982,0.807825507098503,1.926014547226,0.0585302090062751,0.482274309752565,-1.43389642004277,-0.714236740567361,-0.0333204686714349,-0.170642094199918,-0.443387500663278,-0.822696727961982,0.517801480935545,0.983416269741688,-0.194229245685305,1.73318611660872,1.55550465209199,0.737685495728714,-0.899904225453171,1.14622573360167,-1.21325627020762,-1.49436083276984,-1.13829972121831,-1.6000380075636,2.18508301989758,0.938073610852076,-0.00116607436305199,-1.78884781096985,-1.64633901385761,-1.85647764444837,-0.816309302212379,-1.30627894254872,-1.54550144237686,-0.51094009361978,-1.52545247210172,-1.61709404845152
1.73770053064046,2.85643088200454,3.14114644924978,-3.82841173061926,2.35629975694348,-2.99361647638962,-3.43148105884656,-4.1125367177556,-1.6871634230527,0.665104798115476,-3.42354727172364,2.40113169532738,2.16227462908337,1.95678094720885,2.49355371409762,2.91245092264707,2.64327817896269,2.6511886523518,3.06317950656831,1.81580706818239,2.7348458744117,1.89595063018255,3.3452713799022,1.41325603968441,3.23874044251095,1.9204101612652,1.25430339259245,3.48375867077181,2.06312172881265,2.70139325604401,2.8406097858151,3.49403622302689,1.6623654075689,3.15405004883056,3.18656319878025,2.01696044656997,0.340552687616292,3.3233590247605,2.65435702126072,2.58561716848876,2.65168840323913,1.71987022314861,1.76129791345981,1.77599079913632,1.23159570024307,1.91218518087712,2.26740285692594,1.96023687051699,3.40642513487476,3.39609741962626,2.29203673447717,-3.40039589272359,3.46604798718414,2.25520157087552,1.14055621478335,-2.92079795817564,2.23597565187719,-1.12571077508577,1.80807556915927,-3.68410910736219,2.26746639895775,1.68592778591359,1.98149455422037,1.84320556750577,1.65514538677933,1.97872827436222,1.88371557704735,1.66015757119912,1.68101324737409,1.64997123206663,2.08044069646272,2.34306452399431,2.58161923165516,0.837685270499578,1.98636525988307,2.06400999642504,1.14666813749094,2.84386277603418,1.99114252443376,1.03936256295347,2.87959933779578,2.59752722504793,-3.58991521084546,-3.76303410712325,2.7299182059672,0.72743945682434,0.284679624929842,0.71875662954668,0.886840376918174,1.05078971488076,2.12280643370377,0.608321512975209,0.420027898159077,2.57002878568412,0.538051506530121,0.576910809680733,2.26065806635541,1.87918170179343,1.84837838789151,0.0894836474351169,2.09717963274581,2.8844137432918,1.96733640229033,2.01149766840194,-2.97643134532737,-0.151299844432298,0.445277455793136,-2.20482581202915,2.02250986488889,1.78896722824932,-4.92127235141127,2.21663708897606,-0.197672756897309,-4.11114619088068,2.70116314943419,0.372341020354915,-3.4766858397292,0.990248849558716,0.746914751409445,1.39760408550749,1.57121264567289,1.83367772894087,-2.27834300244623,1.47766038254014,-0.699655573542629,-1.27065620291051,-4.13451337149223,2.71675564364836,3.09545135107653,0.534231879528279,1.31764233105275,2.51146741262784,0.66584352310229,0.891778481341031,1.52742770248753,1.78683582070271,2.94925030471472,3.0407233840767,3.24949701759345,1.7886882864475,1.55462218761286,2.20912568617657,1.02898491934707,0.285994614784669,1.47771973333398,0.988874647823641,0.955668983128397,1.49820490571855,0.483997575595406,0.866399273373666,0.673701363023012,1.45198819221656,1.18300960115435,1.24763474695106,0.310657171271802,0.0282484868824847,1.38011164968046,0.52860784373689,0.885061249838083,1.03398718879411,1.40223391302274,0.549649430877549,0.436328639542079,0.382293116104118,0.57673971710505,1.80341209832399,0.709526644708462,1.6580152686743,0.321508574018017,0.923126434964494,-0.76395817547625,0.331501778138794,-0.460901956538195,2.46776431087563,1.73713058073047,2.06610668503477,1.00235706171049,2.40933442522792,2.42199688954647,1.75494364488227,2.47020270591109,3.2058258995111,1.26336422016098,-4.65019271638859,-4.72177138226766,2.05440000790373,2.30083703687917,1.24145136090881,-4.1754490050869,1.84629077905448,1.5650801328702,1.72603854462445,2.46141516789195,1.38402136083787,1.42813772118769,1.18735127550037,-4.57922482283558,-2.32275128373877,1.71295237877135,1.45208189447781,0.888089171014761,1.83700105210556,3.07762775990143,1.35009632427774,2.78180133175096,3.05459193998238,-1.09063763725068,-4.24934082231322,-4.31219484016521,-3.88043829509625,-3.4281657221386,1.50167164769697,1.84715178280413,0.23808654386967,0.504635462261186,1.26517245451372,1.33550277177797,-4.79109419300917,2.52293941138687,-2.92743189318734,0.0433071974897696,2.46690510931221,2.03514020806431,1.43772775824109,2.40640806258242,1.63928643109681,-4.53832416588087,2.79937673474095,2.79776926008651,-3.88076565187507,3.07034047778811,2.94296365618229,3.15250517223219,1.89275292217131,0.735327223921457,1.04104686065663,1.63863109827611,0.921118027016756,1.6137047932179,1.50046283581665,-3.60080168579509,-3.82647257944218,1.73120744248537,-4.22360688568863,-3.97620728044639,2.28650934998376,2.63431733592972,1.13302346702077,2.2920617679263,2.66249993755024,1.7506903737255,1.53481254869762,-2.9767303122249,-2.08493854922359,2.33642460616376,2.25556690977129,0.844476960493961,2.56161929458181,1.30850345526779,1.26617533363966,2.46100534807125,2.00218625887316,2.09733548323751,2.9550217939343
-1.18487747876316,-0.283234820748797,1.6950015081252,7.05917423242026,1.81066022769231,2.73480700419175,3.89173787176145,2.99740057230925,3.36001100095587,-0.80619494537776,4.68558594550989,-0.83705262458156,-1.68841957942423,-0.686324893790146,-1.20104232314575,-0.430697267920673,-1.27019637805047,-1.39013214591849,-0.830045010761497,-0.178906343877953,-1.55695404297321,-1.63660596600811,-0.123611599480399,-0.786634706909212,-0.790557658264751,-0.206937665009147,-0.751890767998579,-0.200697804875951,-0.165239371851248,-0.945231473268543,-1.64998312807486,-0.538347749790825,-0.418399329023243,-0.496764290855053,-0.263463786254575,-0.543654683127706,-1.89908700283376,0.220705592768975,-1.23944840189892,-0.792344039895362,-0.665169935932283,-0.839321810165423,0.365833358974925,-0.578084428080776,-0.577575615886381,-0.177061042378113,-0.696149386279437,1.36586397637859,-0.303705623470308,-0.296286109752513,-0.68004350942912,4.11971394921522,-0.6807896249629,-0.234720086847849,0.501683640238759,3.95708976936517,0.462548457966987,3.97345399636132,-0.286569220781498,3.44618445011847,-0.437413053775587,-0.0338358226905697,-0.387513497298517,-0.253526993770745,-0.29977359485847,-0.572698350207127,0.383955699982035,0.349469757432944,0.457868129573908,-0.0910182731979901,-0.391027008702347,0.669904666559201,-0.838438865665627,-0.099084431873108,-1.27380248050252,-0.487359909465882,-0.396649214615666,0.694691499762191,-0.261414455022972,0.257018331763993,0.486018628933145,-0.493952088133222,4.27355535889836,4.57655116816777,-0.624228594416664,-0.810480233364087,-0.419133967422575,-0.0969653862470698,-0.729516740021784,-0.818270798124893,-1.06456192963164,-0.433353899731891,-1.16530634914638,-0.629792586703772,-0.595845106050485,-0.303478421068377,-1.28357750265551,-1.24205812834691,-0.674861726860397,-1.35633018850105,-1.35204291315131,0.849158125457112,-0.618606399886444,-0.884112640905686,3.70668126359687,2.81872162761292,-1.18146255041029,-1.24905819498811,-0.656312529982669,-1.69102469385076,1.89801439558183,-0.943709891232941,2.93452953230106,2.74582686945569,0.3487038493287,0.312693457451839,2.4557773244503,-0.37856538466591,3.25864611253386,0.603350964815786,-1.97641296901731,-1.14571611630571,-0.447993726836818,0.661709909996737,3.75079326984865,5.06267554669727,2.7348521992428,-0.548634387573257,-0.139809142717079,-0.727079767217565,-0.535306553379577,-0.697289465496473,-0.532528082730319,-0.719143161177651,-0.156928679733973,-0.694424691248715,-0.640641275405474,-0.504785899791941,0.269973712579562,-1.0024395666844,-1.52603402037847,-0.890938201869975,-1.02350951412311,-0.614322177462048,-0.371896019848855,-0.245117075783833,-0.904646815754523,-0.874067951010977,-3.04144587770362,-2.42931373070763,-2.95476803848378,-0.221477311094669,0.301175929430159,-1.28648893372036,-1.60263715300117,-2.8350456531358,-1.43281690380825,-1.32046588137106,-1.39907862188168,-0.789707865241467,-2.00202533109422,-2.99149627767121,-1.09049889277267,-2.20428174895618,-2.53428329710908,-1.42966350871195,-0.216217506190951,-1.96155263560067,-2.3447808301434,-0.122525355156296,-2.54672848079017,-2.91094479016353,-2.82698405695594,0.247268694347225,0.193182635458625,0.610198418866472,-0.154563908576461,-0.768702095702093,0.591602091324273,0.952608067785937,1.96192157499653,2.15597670783949,-0.767362806234443,3.02162095096881,2.83188517401943,0.722494816201147,0.614392298863192,0.0525392639468032,2.6945513001155,0.863367062434211,-0.993850830708013,0.322761374503987,-0.186065134456251,-0.440476946033881,-0.545492546887146,-1.22385478921144,0.480118712975256,1.37026312306298,0.10445203927568,0.408963853953229,-1.03629602717599,-1.09977929598956,-0.20504320973828,0.47516952001478,0.687853026576941,-0.520842757150824,1.98481917644104,2.92071808468302,2.50864590296107,0.194385920542085,0.971600370860583,-1.11716415480982,-0.499491594969247,-0.660894601651331,0.0177020513888188,-0.47594962709633,-0.62888957529813,0.791702488237882,-1.61495487803514,1.84435001272326,-0.0165135477294375,-0.236704495692985,-0.711627355875484,0.0309013741327028,0.167618148274919,-0.242458469998183,1.73468745466435,-0.616789897029018,0.491282388629678,2.38011499654857,0.817219120676429,-0.192599247262642,-0.0632239956277265,-0.694155705614872,-0.931499111364688,-0.988376747641633,-0.200802524450837,-0.703070129376439,-0.0143932037419166,-0.802704072837635,3.64756175531102,2.21511853507018,-1.32283138656951,3.38821570290729,2.76575238759272,-0.555114903466351,1.76974234424887,-0.76246485792501,2.30731852885683,1.82435824665982,-2.09570170305052,-0.614305985569507,5.99859349046328,5.31111970056662,0.896214811099802,-1.28407615111701,-2.19105628933926,-1.08216507303404,-0.380075518086205,0.0449363731551763,-0.559138214867281,-0.249901604789082,-0.686964274742251,0.20943755707313
-0.360616331045348,0.524994401990757,0.80841780435692,1.10920198910058,-0.965006002087638,1.20419616514124,0.521826939808195,0.0277332290787584,-0.507253411687981,0.272813507809602,-0.0992768697218477,0.549566807337747,-0.358874591518117,-0.588028226697866,0.403948775781186,0.597157597084167,0.672754205220528,0.227327865865236,0.810590469796946,0.752536416257308,1.17672698220992,0.274779526233084,0.973611237441313,0.629694050089585,0.433940481898834,0.303740892313663,0.741274115338892,1.12570110558599,0.927133134466721,0.0276111870828099,0.728951567110848,0.949695760697132,0.87190520547352,0.81578508781288,1.13764455347845,0.951276048084938,0.145182492769462,1.08042783103288,0.54811317370381,0.848013507721533,0.255492382333803,0.0911601536571445,-0.30913056140922,-0.0594789728160071,-0.539518446956243,-0.038719470486668,1.15430856325939,-0.313103363068291,1.14804248848643,1.14304489935206,0.409856653502871,0.557656628438114,1.07705693789061,0.683577480574488,-0.267575427564082,0.512736792156988,-0.0723586606947823,0.134077195741863,-1.26859030959872,0.585463368251423,-0.528335464573745,-1.05151604855899,0.0199273672213532,-0.252432852298346,-0.979863235351248,-1.01018563998794,-0.591587646520086,0.347041033641118,-0.409437467495293,-0.817934775631442,-0.231823011135606,-0.155575911857436,0.288586349547679,1.23526297582306,0.377998997120559,-0.885782840320614,0.839566252589266,-0.171353153336445,-0.942350868925308,0.862196773520139,-0.415154633382585,-0.470685441403394,0.266983693288624,-0.0351497481123073,-0.225083659323045,0.591487593293223,0.644549967721439,0.255408805439443,-0.0103266758862127,0.253641130729801,1.2930495888766,0.00683356180460028,-0.555436054550716,1.21319195427987,-0.695563187972299,0.422882788086529,-1.76351101319957,-0.391411480072806,0.00417385568895981,-0.422337695042398,-0.396493111365915,1.08124422267954,0.401530175181728,-0.108437540819816,0.473667251775526,1.04113713299404,-0.203031820262979,0.0553029825873889,-0.44304926393218,-0.86819155971429,0.34036726018728,-0.303309156099294,0.169037434992862,0.887320452548814,0.00702948144585037,-0.805680867804358,-0.161364395878935,-1.2293091036009,0.521425832955797,-0.0751016601604617,-0.984331852577011,-1.18725906188409,-0.376573646795226,0.480796932578862,1.13174711526531,0.49164290863509,-0.196251825420185,-0.957459183823914,-0.701050157773949,-0.6904567306185,-0.427025768800416,0.486830692892577,0.752691856740223,-0.358066682604303,-0.245019805589632,0.0925234015934041,-0.294091831450999,0.763993123787333,-0.0936792201615677,-0.0324519503021712,0.0892424337255537,-0.474357596552474,-0.359613579344993,-0.761197262079978,-0.241229942751263,-0.49860280969877,0.334974286578184,-0.724687603201264,-1.11923296493548,-1.61276820833763,-1.11288489095776,-0.581703742888443,-1.9220826770193,-0.171168855516563,-1.06521013383734,-1.43647015337381,-1.13473852288639,-0.495385531454392,-0.346047665374693,-0.328893416201588,-1.03860083161643,-1.18888526335068,0.243954563233685,-0.29906135585388,-0.662055046383526,-0.884493249230309,-0.143543138794036,-1.13987214390494,-0.941992325959903,-0.25880769666119,-1.15146998789717,-0.930704917935512,-1.81403413275286,0.580339426804512,0.538744578418188,0.646847835169469,1.04213342177543,-0.0886533093364869,0.23481183934879,-0.967273114907473,-0.800089363695892,-0.552867232096185,-1.07696404683221,-0.34069688973578,0.267932415183027,0.53294486131018,-0.573973195130767,-0.905484113168493,0.669293812889691,0.281427723075622,0.52581519151986,0.370362459370665,0.626442833000026,0.802369584390111,1.08126928352296,0.188610916645311,0.36771850593621,0.808450109982376,1.01721344955076,0.311577851254456,-0.255925324473819,-0.29293822413001,0.851208541876959,0.146663933468514,0.485988387264461,0.0457389257078434,0.78547570537473,0.373820232159219,0.44317187760513,0.299320187150654,-0.00780215046435539,-1.49289261067195,-0.463707286859901,-0.897502814717115,-1.41451261382094,-1.32038963642477,-1.1556567833926,-0.163313594072216,-1.81775604375808,-0.327180906523632,0.78136617988359,0.619404749240562,-0.0101588251389997,-0.210008187638429,-0.62794295859827,0.987317323150999,0.0368243276847685,-0.755654236098885,-0.12951359729169,0.101727136501081,0.289073243863745,1.08419928021389,-0.102665723630179,-0.050011505989995,-1.7944579585318,-0.958973841010448,-0.888549003565851,-1.16022077303574,-0.738452377541809,-1.55810425408054,1.55060797506586,0.604252393982874,-0.76077265428295,0.0208011914382612,-0.295217979426491,0.0374514114959995,-0.370468310568106,0.685228652910257,-0.462623348103839,-1.08636500467381,-0.446549582648991,-0.59597798356245,1.4778225949394,0.198737261103879,0.639922479085216,-0.362087601861594,-1.82038793781969,-0.077571751524773,0.680187071827388,0.601928469376194,0.73914153445324,0.599428384779403,-0.0389610882041938,0.89593391852136
-0.804286363183332,-0.0134677499743577,-0.237960334889747,1.22892058448226,-0.282738845508081,-0.326079371773969,-0.149691558381755,0.499396874998623,0.895170838141324,-0.390659367700726,1.26265094972628,0.382100312021525,-1.66608331530914,-0.29407950242994,-0.395982597393551,0.692468952522894,0.362904477339754,-0.713394305374188,-0.677886264528587,0.350494666047018,-0.326071175143369,-0.692698950925823,-0.215837230802795,0.0769106538206102,-0.399035542867762,-0.466546265968781,-0.0627042859682557,0.361547490589572,0.48178879969822,-0.762399967668155,-0.402221331110347,-0.209977951691691,0.468573285973373,0.588441653323136,-0.0362154882690946,0.112493886537566,-0.369611633416126,-0.521175174771494,0.0212962896973714,0.327381339836294,0.111633866816648,0.0339192551047963,-0.0443679839189028,-0.280975568597116,-0.31923045831738,-0.261786707737114,0.204793559629237,-0.204396938843772,0.393424991413032,0.395455899121474,0.220069415769161,0.225490166580194,-0.0034075636057369,0.577748381534426,0.104944808335055,0.252808181106821,-0.541417938308172,-0.520922114428803,0.438208851069706,0.980294308698527,-0.279598713983316,-1.31450463221728,-0.487755623860811,-0.349246227272287,-0.560690703703676,-0.500586822782744,-0.353042383364286,0.393263701350564,-0.325996612738633,-0.682300762498072,-0.881882515592032,-0.561994406934568,-0.7686800648076,1.10691653055205,0.042745873975139,-0.49309317148641,0.0905651429138049,-0.352972941421293,-0.45075634389721,0.276353350660108,-0.1981642684299,-0.743738419797803,-0.145493738840616,1.14628109266612,-0.625899282020122,0.567765522860542,0.693775603499163,0.867948217938124,-0.133633378964148,0.310007585253227,-0.530535722237446,-0.291423670989598,-0.262887174657077,0.0338721682024004,0.153957612465014,1.27029676034515,-0.488849984441503,0.286825181232504,0.153176362243361,0.242585695659491,-0.336600414688362,1.05589840091548,1.06470545468679,0.631913682683062,0.600329739974527,-0.157601948883327,0.128883024839648,-0.0879243622739407,0.0355526476357895,-0.260743048377279,0.947835562196041,0.847092992305001,0.312746752576117,1.160696213366,0.546513792946659,0.239724722217102,0.77735410895486,0.642427595921557,1.53451905946816,0.650131346940542,-0.362077839767042,0.902855287527427,-0.273624008318406,0.483558761750358,-0.290524217879613,0.879128956078136,0.0335989104610865,-0.631627451014214,-0.252236494607433,-0.137258999496209,0.598650294263733,-0.273442323023565,0.457547641667259,-0.253080656113736,-0.416859482381538,-1.39035006748729,0.0768901671759783,0.375597006154436,-0.181719200021349,-1.44161913511986,-1.06153521437055,-0.712900327901471,-0.830918389043167,-1.26570547794902,-0.316081300006629,-0.30288858448852,0.0425543832589219,-0.475703557511827,-1.03371757029748,-1.07302310919397,-1.9309085037589,0.170915400928984,0.100748662197933,0.507807295073938,-0.702965624756286,-1.83895803275783,-0.559609629960725,-0.541316087270139,-0.850569065332168,-0.0999153671392817,-0.953677038691372,-1.20364172869312,-0.477486787478147,-0.482813482510677,-1.4887197458371,-0.395915449006291,-0.214519510967586,-1.02020822370169,-1.12937788039923,-0.870988223822741,-0.582967659912775,-1.66086189130284,-1.73592359244183,1.07839561620105,0.629169233136952,0.992754869741088,0.983423749487012,0.127459657308591,1.34753742397819,-0.22434166290575,-0.667366829435955,-0.414534661679323,-1.32190264339058,0.727239455400223,1.02755449482506,0.862109226344258,0.509906078546041,-0.259190194975817,1.97192706022956,0.402614584063173,0.320349438584321,0.897015510374204,-0.321527142640347,1.12013025203118,1.07035672996296,-0.251515944890303,1.41051708072092,1.69680599481992,0.89123081040777,0.410633061705366,0.851284196790044,0.933122536469096,-0.875036712587226,0.0597505770278649,-0.0648363031617842,-0.569191714222312,0.972481313187228,1.19380508457245,1.48424955127207,1.70228340087466,1.06474678459856,0.52068689900258,0.742011301414122,-0.638906714023793,1.25916408651399,0.859897206600231,0.35306798515595,1.27239522618535,-0.307453128803828,0.42175319042349,-0.421543405550056,-0.224853117792821,-1.42678720584693,-0.660085383427993,-0.625490713413741,-0.0651970215325219,0.58844684534735,-1.42676811891373,-0.0625478391091181,0.268062900064805,-0.696973185030386,-0.889649950013218,-1.01703591850526,-1.35458087064766,-1.39366149463254,0.405923727585392,-0.0879373595380073,-0.349805534825338,-0.254723733065775,-0.929588366966078,2.0022589739827,1.12934856119723,-1.32231633014359,0.549586111135195,0.776516118045756,-1.15755179698334,0.928068780514359,-0.563016373374064,0.262185703925904,-0.0759154900843474,-1.43656275863499,0.149397233614283,0.418457778784002,1.28196235252792,0.189030045168992,-0.384723494978519,-1.34042681395524,-0.359815914845413,0.784965781023541,0.60360874621064,0.997504538521946,0.677373890593915,-1.00054798668561,0.867108406741351
-1.74555697402719,-1.15293266256448,-0.357421979887937,0.346028093159857,-0.139938896135186,0.274243866212385,0.586238704264113,0.300960669922017,-0.149170815298437,-1.75141466274104,0.0156893711111214,0.566389103956317,-0.492022957374472,-1.76516862542238,-1.0903132313717,-0.15033070484336,0.232430021909172,-0.188532345365181,-0.11432069006596,1.09203536309841,0.320123270090842,-1.23243616902888,0.147637272439619,0.25445287933565,0.138597858696853,0.0830710497441776,0.247620659000442,0.153134310208949,0.352966973648196,0.219619823529436,0.32867583282337,-0.240537799236429,1.26948541170044,-0.235433339112566,0.21906632528179,0.432904830084908,-0.282221171223609,-0.253965766860638,0.292186906984753,0.363160710805208,-0.117299442283484,0.233863690309968,-0.221128255903303,0.151224560953648,-0.178603860764766,-0.299792271795123,-0.897390853559341,-0.616823118334745,0.756958546006043,0.362508533531534,-1.3509832214731,0.833332674929339,0.511845970538794,-0.929404036943457,-0.0142458327127275,0.403024822308254,0.032594890591834,0.610223523646398,-1.01755705237467,0.280085968644535,0.214205207310398,-0.726510262427938,0.214488793661099,-0.243320694701865,-0.348669719841129,0.100516312345631,-0.585374042366736,0.278347859100016,-0.267401248147275,-0.717055088322625,-0.547147938015561,-0.294772095034806,0.222704700670037,0.675008566463469,0.506686485177353,0.486058997788662,0.872811409533607,-0.535236289490943,0.0178456940037845,0.393469285053719,0.256565873728305,0.0276761351280871,0.455241446264148,-0.0180934365405082,-0.0775152200729023,0.664879618870022,1.42615952132413,1.00898294287694,0.122957759464041,1.2301964980683,1.13650630828808,0.520001549353157,-0.191374527212156,-0.0543965596349242,0.185977793955111,1.24489492955339,-0.426297903929343,-0.0318840760654846,-0.366279212955579,-0.286315262043835,-0.104466316619287,1.14528032137132,0.557064647036117,-0.667489908159116,0.778891016968379,0.928992999124909,0.0732641446111226,0.362549959584879,-0.110069218465144,-0.231364064287902,0.401165595579415,0.599298353813001,0.807211074812888,0.824731011021919,0.20431226776623,0.206333092356939,0.661531030884456,0.291710171284736,1.24854219006203,0.531167553722099,-0.0354234517495578,1.30064930588195,1.22846749193401,1.19550406402404,1.40915572682635,1.17557859443746,-0.834854487785822,-0.691091730876188,0.563428296875265,-0.161504731637177,0.578146511166435,0.62178951114912,-0.158493063223129,0.450614293370297,-0.253991985034219,-0.280084084321948,0.794064083136679,-1.02355168905853,-0.105066768864682,-1.40463044755578,-1.50508867806835,-1.93491342325497,0.718535521697773,-0.969031928641364,0.192745666336756,0.190568977663224,0.430302843455915,0.502651838385654,-0.640762306109533,-0.0167565353869921,-0.222298937636673,0.978528254791412,-0.348806896381747,1.20513342780308,0.0133556938515317,-0.785845749642976,-0.640685757442387,-0.887070342359788,-0.449538135129408,0.988260938356356,-0.0580039128918132,-0.89291212725083,-0.206461807743777,0.293608855883931,-1.84841810336577,0.570811621716106,-0.161191316960934,-0.893666170935685,-0.87744038909949,-0.155036885803743,-0.709397866841205,-0.733785590919253,-0.995080727009575,-0.234716603696771,0.231055831650097,1.00213974915031,1.39723915016271,0.0920334076522272,0.731227493268288,0.55527890508729,-0.0660728098367991,-0.073136488815069,-1.70536018678985,-0.553216879510232,0.0243873580338385,0.520792885471882,0.625287314220596,-0.596050056794822,0.540315686451873,0.482247207269429,1.17574486357668,1.50772572792611,-0.471873676127024,1.25202390952978,1.96225925448375,-0.558941910579439,1.03131189448844,1.11922383725276,0.862218391135551,-0.414774571485978,0.677144194426361,0.567622283232859,-0.633441161881453,0.179307693106252,-0.739832322974957,0.25154544523003,0.637445596423551,0.603319944718139,0.539067214968211,0.853381544350492,0.388873596662706,-0.657678838237775,-0.688070513305499,-0.265707289779869,-0.0945360469666966,-0.793030254082638,-1.05083527163836,0.609416274240245,0.474871695889298,-0.00933845863503396,-0.937416120794456,1.44602410481466,-1.27035074690412,-0.27325492082821,0.247390839829825,1.69655040323864,-0.292155452456374,-0.674408581889244,0.0728676094412136,-0.374478926010666,-0.159175575721728,0.170662965411645,-0.925687410077294,-1.52519366383409,-1.00302123282005,0.61205785408376,-0.390954929968218,0.0199053458667571,0.502522360966578,-0.387887143164313,0.301377855146839,0.775656024486032,-0.989443859942508,-0.0958804556163769,0.248428524132475,0.278328754474884,0.565926716562813,1.65326129934235,-0.781377336876731,0.0119751168267879,-1.28596743367693,1.30142120732211,0.661302690196438,0.269639998853172,0.400899805440979,-0.262590516936562,-1.33818381102243,-0.160250063879096,1.32287186221541,0.997064132759097,0.116059716863154,1.56902734620338,0.366288266673107,-0.237221028557875
-1.38194747185077,-1.08325804773616,-1.55126083505142,0.930928673129641,-1.08086059209574,0.010429433330674,0.515179734052622,1.32381575153428,0.113276054613797,1.45114652874897,0.622451555053903,-1.58222860459495,0.399669667357336,0.317844982383652,0.717345591799234,0.961239118883007,0.877512118319752,-0.0894944901213386,0.169236053472413,1.42214506473192,0.968144864062884,0.176493805487182,0.0915113612487365,0.985556599320053,1.01835270558653,1.29633938130465,0.433200064691677,0.954942780823082,1.34507230725251,0.648491928380713,0.517021990006188,0.0309440822466172,1.14438969850963,1.03352904617241,0.200233149249834,1.28602707640006,0.866786290611566,-0.258543432432701,0.749231254375549,0.965374085939399,0.858091253810683,0.833841580524248,-1.08169771544268,0.835744011937966,0.184389929394517,0.415071782110592,0.538664181828099,0.00168806587904265,1.0174631147489,0.281242489761401,0.581951045504431,0.411013026277196,0.206765348142964,0.182952225699249,-1.38987238239831,0.462929944851317,-1.84791270228702,-0.539705749028149,0.280990315792445,0.418626090547486,-0.909560811590047,-0.814077561087629,0.0242478490580909,0.271033602841335,0.0945724015690436,-0.318730786953354,0.583362161671274,0.037903020389061,0.158837812351425,-0.570987021828126,-0.309256241270628,0.553802965481403,-0.756514629705233,1.42889965027407,-1.30162215566795,-1.24353734447944,-1.53123371276633,-0.567908659811134,0.385188720880228,1.21138393955774,-1.03754723008617,-1.04538399475489,1.04243102221661,0.896933050543069,-0.727389741105781,0.1379726592545,1.52323899569796,1.06339545907232,-0.211420184022371,0.56189863438533,-0.801684000361842,-0.551533050341497,1.06539250782347,0.425638660594273,1.40763162069974,-0.081939827422556,-0.658130056008386,-0.718755999333526,-0.373908257633782,0.743688738915186,-0.805826137483368,-2.05379964739332,-0.990665223256908,-1.29402348679872,0.162381492795431,0.0566112584483512,-0.688705950772796,-0.327442041892353,-0.685681916186301,-0.498739626165787,1.17914531042288,-0.0209368825625752,-0.604524564564726,0.583798423137538,-1.69656788278105,-0.731265581971414,1.18156756373529,-0.264331178385626,-0.715683560547988,0.342026466843322,-0.184700194046877,-1.11131522669494,0.41724991758398,-1.34795999345172,0.944419596720016,0.141993886333112,-0.147886815455327,-1.2455676213447,-1.19799929526307,-0.757846851801475,-0.589975613548813,-0.484175571178486,0.2815306210112,0.882373549207437,-0.27581921455567,0.161347024394222,-0.602482559931185,-0.947570089590723,-1.56922785244257,-1.57260871823454,-1.56135891540263,-1.68770206416166,0.294221679666631,0.245400830390668,0.257710148557858,0.455650859560892,0.788712730264752,0.00288897296927111,0.464226413135714,-0.18322532010357,-0.120264930790876,1.23665590172804,-0.124916049807125,0.412168311541485,0.992580151229246,0.620287491937524,0.872700086819721,-0.647779424072404,0.90494571132411,0.464049658423293,0.329605467601923,0.944137909384146,0.936875618059212,0.0444885921434778,-1.14501293258283,1.15714695543312,0.883358784377878,-0.446802370238806,0.855809256239687,0.56684886466251,-0.669413420508601,-1.32579701454613,-0.15379450416001,-0.0635519110386461,-0.824453730208734,0.308278173917714,-0.385752769675565,0.656114217502129,1.37344356003072,-0.820345819576023,-2.33200393984118,-0.478195143011257,-1.75516079659518,0.384776185820653,0.850976742808296,-0.0107874738072193,0.548641580198739,-0.980936255968482,0.119467666807348,-1.00886481360933,1.33158060128489,0.013762967448115,0.750936083178405,1.56734690393218,0.0295832616547016,-1.12640161515797,1.83964137881258,0.858997411427855,0.657682009655769,-1.96746954688977,0.285696303610956,1.00172896075065,0.666829581961231,-1.0917949768206,0.113297551831493,-0.866063804261269,-1.10441250299753,0.968238695552221,0.755182416436137,0.440308639220214,0.175831546704506,-1.40270069690192,0.393321274601618,-0.902414408543996,-1.3748383943556,0.767319599290485,-0.724449879511537,1.11018491090417,-1.96308683208303,0.5761063765859,-0.978401835261049,-2.00715679009834,-1.85490467235499,-1.18061389263975,-1.90529347150238,-2.11493266529806,0.502635875548897,-0.751468775044792,-1.68144228464134,0.393793701563294,-1.35900118557976,-2.07249398310347,-1.06868584187524,-0.809261021613263,0.111134153872681,0.223211698027135,0.162500145018965,-0.390748457839595,-1.01861533800914,0.419159455742644,-0.0585687558693385,0.551415272137486,-1.18420700311674,0.279200488579645,0.872142609704504,-0.361277165841132,-1.27168688407834,-0.350605620623966,-1.00500991635942,-1.03052722499234,0.0952801639718368,1.84877545939315,0.0934995966850343,0.718463793653402,0.793088042079803,1.02589095035024,-0.332884432487236,0.721021548836995,1.05130807293143,1.24157170245487,1.14612564582174,-0.574153543447424,0.559091147342334,1.07766528220342
-0.332137541037102,-0.467917663186886,-0.809076894241728,0.964809643890047,-0.328507003170631,0.019470244392479,0.94230040921102,0.534766954992577,-0.788340284611121,-1.91334027713909,0.0424726040685619,-1.70278798668989,-0.145962234130816,-1.17287409882244,-0.742352841798239,-0.580429098755867,-0.710244629092336,0.0961703850379071,-0.340390924352042,0.304467974988561,-0.825889287363635,-0.189736999014045,-0.178642788265477,-0.189662013453737,0.298160990938144,-0.214101565161801,0.604005378297149,-0.943714571523586,-0.170238826371891,0.640672284630702,-0.182659910452842,-0.1009902795349,-0.299933941989047,-0.808159779998919,-0.388130541468674,0.128362464250794,0.673340432892458,0.181158955311523,-0.331298778825439,-0.101830953903626,-0.24065838074035,-0.291623714419669,0.1565083585312,0.0923528245740434,-0.334742160109877,0.478294402888244,-1.05013800290003,-1.22409502250797,-0.705047123373667,-0.727362995142992,-1.18238687431789,1.42457911134278,-1.22934607072353,-1.48425494584945,0.064922845825101,0.231239567985997,0.442518414663886,0.6507863171378,-0.120079770586737,0.447906882725446,-0.1760353306738,0.357404824928866,-0.160330843150833,-0.795008848346061,-0.0610572497562811,-0.503050204638847,0.0359348278566399,-1.49145776581188,-0.366798558429113,-0.217302403911842,-0.408853650276829,0.1608364168352,-0.88932048140074,0.728613203563372,-3.01992289042505,-1.08039739782203,-0.0232829225555818,-1.42238630455037,-0.675532341892167,0.299412122278521,-1.06869454006879,-1.11256129470302,0.581465733270553,0.494015925390821,-1.95070953151979,-1.02817583175176,0.674583209109736,0.157538973105493,-1.39615459210112,-0.0273689139397785,-0.306863381338584,-2.36154570688614,-0.359507323550459,-0.507904240227323,0.185678756009129,-2.53989847834987,-1.28407120116923,-0.391727164852898,-0.0821701499846043,1.42245183420562,-0.0833593945293294,0.0478261437849637,-0.00664357525270085,0.104529939447037,0.673712366630661,-0.252916481002349,-1.26146690543904,-0.279005668119453,-1.57164162290991,-1.17298029187052,0.713076055430325,0.222075177817669,0.974237942011876,1.08350313443727,0.465681089362328,-0.375330988320552,0.715408677101036,-0.897261991416606,-0.646192231075236,0.483723350678645,-1.2377947337075,0.652641869500551,0.787733722020559,0.623127107223067,0.917196032096519,0.796271314829419,0.108524092528466,-1.12740209222666,-0.597006159519573,-2.29173853505784,-0.439474489021172,-2.16350208352348,-1.4917266048833,0.34216789907922,-0.897450024872035,-0.65123225751569,-0.901814021602564,-1.65596199058086,-1.01744938133916,-0.203983379001782,-0.479566528860041,-0.82470029484659,0.998345432081685,1.36846599592896,0.160914313656344,0.320250291823978,1.1225073525985,0.444689489015225,0.949632788999992,1.25641465274223,1.07016182123151,0.655113008027007,1.37972988884349,0.869853815785082,0.612062786495508,-0.048712258624948,1.41737187695051,0.368482393358407,0.230899027400697,1.20708079003263,1.87786797006777,0.678033357611258,0.0730245316396768,1.09300642611617,0.0942469470600561,1.04919666660438,0.258702683793227,0.87606610566301,1.15878813286665,0.0627144484348438,0.418857915544834,0.489926984880557,0.298115893272118,-0.219099567602938,0.217951016297792,0.859283275814258,-1.5495621641134,-0.674654258652003,1.07646371473751,-0.806931557783982,-0.78588145355406,0.0319174584418415,-0.556288742615563,0.694834835318944,0.936919619610198,-0.253624892020163,0.613358229780573,-0.252602664363349,-0.0866569293013148,-3.27406525592454,1.12650774089169,-1.71524708553729,-0.243628071813751,1.15851810919768,-0.626884753320626,-1.23897132779877,1.90711939387629,0.878060908692776,-0.0355035042086522,-2.44687716720988,1.77392303669513,0.712716000949205,-0.120630532642251,-3.28358627091951,-1.00734777074207,-0.441502639482878,-0.919751664037854,0.538171040147059,0.196153184234886,0.509668094432506,-0.314375283599854,0.452097529055227,-0.744630943795078,0.0473627413851284,0.995575181633501,-0.0199813968900088,0.746875510683047,0.9083672524353,0.0757614233220231,0.365625325535321,-1.67475096481161,0.216312258665026,-0.514753325559513,0.407699502653509,0.829950420543995,0.127411789678908,0.466467304921308,-0.122637590390648,0.249410505086596,0.647510372268914,0.621964407214191,0.699587829264378,-0.326165122747824,-1.14974880989881,-0.803578684127145,-0.480502677388104,-0.440579653366325,-0.293003570527947,-0.56698555085408,0.310889392096026,0.197948486302708,0.369150232641013,0.118697541006822,0.9852450238872,0.992143319363548,0.240884865290318,-0.307974685258601,-0.913984666677522,0.266605249495953,-0.689832428353126,0.628145370827769,1.36110385231419,1.24954115210282,1.22786019460416,-0.916114378093846,1.28633617001041,1.03614473441694,1.23354675450676,0.889257977689491,1.58159462595306,0.139411297560762,0.980351600481379,1.18254997489022,0.308918708238559
0.44011912376884,-0.0398103151529397,-1.73562657107416,0.628804129629297,-1.1845011437087,1.45947790785504,1.30259636256544,1.12458183434012,-0.703192944312881,-0.151570690358172,-0.248550540448008,-1.87704784289873,0.405869170808654,0.0963928302350572,-0.465598918604299,-1.17108949036765,0.295092842749714,0.176011932168671,-0.0171266698099298,0.0385108075468527,0.875596481899429,0.585938345934164,-0.261381499638675,0.492529223391968,0.48154555689766,-0.178948238800294,1.43544014388763,-0.174116909059812,0.49160808056096,1.04416226986604,0.333875891006141,-0.210409223132798,-0.319909728435622,-0.206871224543601,-0.223350397679518,0.785410343038755,1.21879306094191,-0.0709059696745116,0.774844276211282,0.397281365277633,0.22305268500274,-0.610798179557047,-1.9532418288467,-0.303109457164498,-1.09864824483998,-0.180236175080239,-0.869544422733836,-2.19597832000861,0.0971778482003033,-0.576665226466912,-0.843208704107642,0.411804697754133,-0.201832753467752,-1.31834528750406,-1.56891301437894,-0.556695714459328,-1.51379562407225,-0.806722461237813,-1.94797842540602,0.148630087689751,-1.72720468661244,0.143381983131077,-0.71977700472769,-2.18138163463962,-1.37214825594299,-1.37286751797898,-1.99227712487555,-2.10978126992857,-1.55849844336273,-1.55318243326911,-1.2693400290246,-1.07204467390189,-2.08914873646642,1.08712623956432,-1.03831869826903,-0.983876947466955,-1.18190015547805,-0.829347437649485,-0.978618400180587,0.55847395905611,-1.43425466702104,-0.978218847536472,0.430009956314755,0.23443901124901,-0.725386141190831,-0.241651210098135,1.75776073459078,0.830867558099305,-0.0942671542128296,-0.818894516799059,-0.367879642206071,-0.714053429633659,0.37385561681146,0.383211123128213,-0.580467404718262,-1.95254321405711,-1.97371619510068,-0.381123912295192,0.115559502343649,2.07975611562625,-1.18224856864683,-1.30732908094813,-0.942328786141129,-1.00670379725954,0.229912526881581,-0.949529542391005,-0.504415770755585,0.821372690816402,-1.27538699956614,-0.890992804648228,1.02857571744062,-0.719026771995532,-0.909605889823519,0.676710812639058,-1.53108474366921,-1.41042168275103,0.766781183422084,-1.5371608875241,-0.564900760001184,-0.627222380906049,-1.63150586701053,-1.51849305970004,0.483229819727106,-1.06060537819715,1.13248984504497,0.198671217503469,0.568628347066405,-1.53856167302124,-1.83905085430954,-2.24877931160993,-1.02506589497451,-0.738145849762831,-0.5880582685321,0.658675293111129,0.823807097383051,0.224950721403424,-1.39609777780973,-0.43214547519788,-1.60395283809814,0.709032600925633,0.405363986838047,0.0159392438285437,-0.222208602546953,1.24591522374617,-0.144971764596034,-0.530874563399536,1.01064394552322,-1.0457971167073,0.97193884234675,0.791879674635034,0.427088738866838,-1.17445709418984,0.464471856895355,0.0989914509131912,0.983708067391319,1.21130286406647,2.20887815708006,0.814341653088304,0.611224569728156,-0.916884985132987,1.70147443193489,1.48225803209137,0.0118893258609518,0.761801019009411,0.860184215091567,1.22605871517641,-0.230438874499896,0.989365913811428,1.74961854995422,-0.0369923294461303,-0.303122261011951,0.647623624069401,0.787955597118818,-0.71830884295861,-0.749099843668441,-0.365301670492791,-0.870564319489208,-0.885288660762044,-0.318170198358122,-1.86834844010956,-1.77415996625186,-2.2308230691099,-0.864022849471265,1.00259416519515,1.24944490274633,-1.16837562974095,-2.14302548275616,-2.17006242913775,-0.220239546202149,-1.97003223036751,1.58125396106232,-0.967153147196979,0.0961881533139119,1.04457832059228,-0.474256155768869,-1.74775089769876,1.71163608285543,0.189178656426732,0.49175106704862,-1.69950621493844,0.380869361231651,-0.314538890151431,0.710297617648456,-2.36726038735047,-1.4360753167779,-1.12880275935163,-0.0456449069380028,0.693360597212795,0.345696443028025,0.884719086335588,-0.00112222677571907,-1.30110618614573,-2.11855775967029,-1.1287904052652,-1.59368929305843,-2.14340609635654,-1.06797311225639,0.161638818424498,-2.45402871796557,-0.51178690508617,-0.533767997042606,-0.203001730794822,0.488849646202075,-1.25679997129084,-0.410208078705572,-0.168901710993221,0.667593840529403,0.951344523293105,-0.87780541931607,0.568504533996386,-0.639386378598173,-1.40621107115215,-0.197309389292016,-0.381623975112814,-0.822800934310085,-0.379736343852667,-1.71442325164956,-0.874767687362973,-1.14954175601526,-0.0035217158374425,0.917610130311315,0.497435211250734,-0.445915981683273,0.808031095387906,0.687918005046749,-0.411082823829736,-1.19527695328235,0.670605080393942,-1.63092229774099,-1.27864734058738,1.06379942285924,-0.192935218681335,0.83912501576172,1.11474512120602,-0.962556254952572,1.36218365443681,0.859869370458048,1.09538424305431,0.60736748265663,1.32397016447986,0.268735850409731,-0.15403348785517,1.14100643730028,0.538453110454316
1.85064650503041,1.40194893160374,-1.53254313160294,0.574016461421658,0.0648100509240201,-0.91008133222706,0.187768527951331,0.458973118921888,-0.770869894006258,0.458808604687087,-0.0589479556235981,-0.784368338985606,1.17295652241808,-0.269097018681323,-0.105200283278153,-0.530007429466015,0.176822856321521,-0.0848063729930719,-0.0780481914409791,-0.985482989297043,0.43277414083695,0.434733685224041,-0.165347961557095,-0.313702937927673,0.273620573007448,0.0539849867871841,0.551457306836732,-0.469391828018645,0.610476655196403,0.296962559434228,-0.124826018665297,-0.154176104585896,-1.3235539285703,-0.26600377458401,-0.271729778758905,0.536151496197728,0.430798806309589,0.0154486685441692,0.15237711157322,0.160449531895507,0.373288877863382,0.443651683221538,0.523377025743524,0.256794031678345,0.42047718393702,0.325783136665907,-0.758861983863557,-1.19934012646429,-0.112640980928742,-0.978335155711616,0.186384433851438,-0.488910581695818,-0.804784671138093,-1.22348919949647,-0.424468086411914,-1.02600088838957,-1.07631315092916,-1.5181765830167,-0.975301801271268,0.0018636323626974,0.704524414340078,1.32932521250717,-1.08195809521204,-0.754871915730644,-1.20707205902043,-0.883293378843561,-0.542032108346125,-1.4195781093266,-0.651991816522103,-0.187044407107829,-0.886899842346203,-0.601483038279261,-0.644425844438622,0.667002752422722,-0.851434822751619,0.145593424433453,0.602252743545028,-1.81944495792227,-1.29920692039424,1.49322669730234,-0.926735752045586,-0.725934243548583,-0.80875124702566,-0.753395287377414,-0.29578068678981,-1.3933029080209,0.219911310134786,-0.670219905942535,-0.0935142129595276,0.675491094928616,-0.0193920623905082,-0.460736373517056,0.312548909884122,-0.493503092839838,0.835703910054782,-1.38753161344196,-0.327956683539683,-0.602491833734393,-1.49524743692618,0.613696391295654,0.132224738549466,-0.197970468626671,-0.343147382267604,-1.33693481904755,0.507538851969091,-0.737457316997325,-0.0107490298375915,0.992905923270877,-0.548906117765658,-0.145293214187907,0.665035155506919,-1.51346111299537,-0.96609299081978,0.733677946500122,-0.623473452671016,-1.4782199245487,-0.244628740703991,-1.44082366884506,-1.71930296397578,-2.0478418971646,-0.107948486966473,-0.263905331630509,-0.650792328612767,-0.00118556341980592,0.509487832468148,-0.948869615424147,0.14522142296426,-0.789330238726491,-0.659677897299706,-0.481625027402217,-1.20948352547528,-0.624073173567817,-0.999676764789479,-0.156077979008678,0.357862696824128,0.376481955609169,-1.72446490054452,-0.97871189035263,-0.640462104083836,1.60375955950056,0.548767498122387,1.17630754593842,0.410791872250315,3.08588638949346,-0.787756692346003,-0.0139435232905242,2.97021776102081,0.0140568739675599,2.05259123876457,0.580174482171867,1.61034560888498,-0.361474321279645,2.22869447345096,-0.620109791979926,-0.101221204694408,1.18565465736171,3.60755274784959,2.28604025790729,0.42488744133123,0.0908524766827849,1.60208053840133,1.9307467150189,-0.181156447114414,1.36986689185298,2.34937915325928,1.08227732475953,-0.0508425820973372,1.9907687989974,2.41559815835105,-0.127655499157473,1.57416832227553,1.31631787420427,2.49144095674435,-0.785691138498612,-0.966668728589863,-0.368894014182798,-1.54676272944224,-0.469264241825311,-0.742184663214263,-0.261857536509718,-1.25712794769531,-1.34566364459667,0.408568155712149,0.548582172786934,0.613948041044038,-1.04698487714999,-1.34733028516818,-1.42385666308604,-0.0917799009137082,-1.76548428889008,0.756067987568889,-0.957115644039626,-0.0722110417597531,0.542517806324514,-1.6719348677729,-1.66606616004312,-0.0998679898058098,-2.13663530488893,0.49444233157026,-2.14606018741762,-0.755270878083747,-1.5002231332447,0.125378699642909,-1.61938934970719,-0.486705121521676,0.209490376418915,-0.610475566297237,0.0355225274555621,-0.0260705991478502,0.223934083923449,0.34848327182576,0.0259664015532553,-1.30481577464033,-0.264566426614128,0.711949049962095,-0.386645875979081,0.688462543630301,0.0309159671372466,-0.890510511670172,-0.48854182696116,-0.972909674617739,-0.28384515437837,-0.568473340976556,-0.733407473986587,-0.459679044596598,0.130030979927964,-0.109907552753893,-0.267487144677979,-1.15091569826972,-0.0526504380860106,-1.22227026667038,-0.625621330381432,-0.77307477234514,-0.924982356353027,1.21057605410379,-0.587134697919568,-0.740171499447392,0.0421786723197605,-1.11176010212686,1.13976180121769,0.0853174756830415,-0.160156086177363,0.419105559764717,0.409464808610638,-0.0419122616625464,-0.545766877066445,0.46649932404679,-0.59778334552467,0.328861815736932,-0.86071764039164,1.35431899784133,-1.17225082612524,-0.263059241149598,0.698276749586431,-0.999257251184525,1.29575373413363,2.54161812539024,0.70353267019601,-0.637275824798371,0.297601429373111,0.307864991320339,-0.251723828781602,1.45163032455672,0.667667133582532
0.824942877555498,0.198605872136118,-2.04601664288285,0.159805571198002,-0.967182868965525,1.37448371608561,2.10730544926247,0.984660256927135,1.13199708181581,-1.6186999960201,0.428188546140556,-1.74855900544347,1.44963385105865,-0.885512806987197,-0.329079538594955,-0.018080228654314,0.966090578402426,0.694207053045759,0.080342362634756,-0.0983189029471772,0.726848935941192,0.247152245677434,-0.146767581495119,0.785340710556879,0.306388568939972,0.274811293024502,0.795466083223203,-0.0310437639773895,0.689677314459002,0.156049152304764,0.918702894476544,-0.477781804113447,-0.456014819145816,0.00401225770878921,0.29867265916822,0.791675704126629,0.741588073431266,-0.434427872233395,0.987465683380498,0.703788716038147,0.526562591213421,0.551442405198368,-0.0831873059977074,0.924244756766296,0.655519893544172,0.756707504390141,-0.522260516963408,-0.63298785196795,-0.0585376472602594,0.170290316512491,-1.11199280958477,1.98915630344316,0.185975968942935,-0.708899142209145,0.33737811245948,1.59686012316365,-0.677374819767834,1.07516529330135,-1.18902570921964,1.60940814188393,-0.298115877760951,1.35652286644912,-0.274346103746648,-0.81471225273547,-0.288122670258806,-0.74112791227127,-0.490891784135712,-0.837520304716079,0.350333896257918,-0.224325143392469,0.0177648906726467,0.321218706668152,-1.2212509936377,-1.67901041205569,-0.823535023800899,-0.585783830703,-0.664675811188504,-2.08893836487322,-1.63284657214498,1.05857882730237,-1.66434123888042,-1.39339872656671,0.761257537119692,0.71145971773356,-0.175005738054956,-2.67756420984984,-2.00410198530818,-2.18329456097571,-0.68210418135404,-0.812099538025166,-0.87437484094202,-1.36160835350867,0.319847242775677,-1.36663721040474,-0.088206761649339,-1.55590266340726,-0.738656644169373,-0.691213273306187,-1.87588513062447,-2.04890263189702,-0.222362558882265,-1.13043494033532,-1.03043058799719,-1.88768723976882,2.07560273864246,0.367707473153897,0.622916288839946,2.00356387325949,-0.435952883396827,-0.191928305711588,1.66420040961679,-1.49041309326656,0.866234246126452,0.933277940320766,-0.962272708767453,0.582611889539822,1.14308887900476,-1.09828107797037,0.740406458106758,-2.30429870472212,0.450044642211379,-0.818034065379188,2.57276788996735,-0.20371909215196,1.23238300632066,-0.699172794176498,0.595522846044909,-1.53072439092031,-2.36932526832502,-1.22096675793837,-1.8939379780922,-0.240198306610321,-2.60406267700801,-1.39608846020759,0.00589490833489865,0.938081935144563,-1.14635725159121,-1.24054143212023,-0.639226819713822,0.256935688153973,-0.0431230038957072,0.115466930289726,-0.222068182606037,1.41441823795086,0.0326204908652538,0.273208812332124,0.988929641066591,0.221113262690327,1.28989886713387,0.158784196405901,0.829294574290598,-0.530846679491607,0.661213623630213,-0.725437561704196,-0.0990835463062214,1.13402249598464,2.15033970548449,1.48154789773068,0.0019343095214044,-0.478934320495051,0.319196775893383,1.31113460157915,-0.225267657191808,1.08544948046607,1.25275344043105,0.275779171803636,0.0801003770688714,1.14821575919094,1.23727176512203,0.423226325921498,0.722570523590387,1.59532104837424,1.7378007564727,-1.37715471436635,-0.921549181148477,-0.77182759883515,-1.99067283050272,0.239890858459152,-1.64241723980412,-2.79317612903732,-2.72767271703906,-2.31837471646192,-0.164498637899713,1.03704606730282,0.958618973182531,-1.1307533518895,-0.842601621701556,-1.20053395426214,0.678139253220097,-2.39098644951129,-0.62920342608345,-1.88951317871871,-0.336389121607506,-1.51230721042246,-2.77626239185998,-1.1043123740595,0.125104713834608,-1.43651329690491,-0.8860881018186,-1.07570802920834,-2.05892950231005,-1.0335857556865,0.587222019506918,-2.09195685935232,-0.0572420608679306,-0.178080810007717,0.77626192248176,1.36075875131418,1.47428147582181,1.83462794715403,1.26464845639779,-0.549401499799973,-1.14192238066835,0.0392967275480523,-0.060605412110571,-0.743743056013245,0.021056657070935,1.15478480323383,-1.15808617259099,-0.0795185401064191,-1.44599520033709,0.865613960096925,-0.207083655347303,-1.16199404227764,0.705157712102099,0.609892784036395,0.835630645886229,-0.875389032141927,-0.0887384223572513,0.658037725293579,-0.352328241322559,-1.76857406957815,-0.904294068193984,-1.18473130794623,0.685118321307487,-0.645219071205156,-0.952725920089581,-0.129547306668135,-0.330177986739764,0.180091879148362,1.67882596991817,1.20417889393742,-0.43985505697678,0.782541393740303,1.27665492287973,-0.422559962374361,-1.94501429319709,-1.15679918153294,-1.9453526997314,-1.49572473857893,1.17496464161787,-1.09472007527993,0.174603079059013,1.06889312794467,-0.938818144203458,0.380364016836719,1.30610655675909,-0.392247125241016,-1.47076266612081,-1.68267432178522,-0.15503449084011,-0.764661763141547,0.418653204314064,-0.120719858827245
1.27585757891098,-0.0938782249459372,-0.256329607664341,-0.561953773652092,1.25359644293254,1.00652454500888,0.742707340872917,0.930823324218877,0.311713342994315,1.22428140117757,0.370480308723731,1.06655710298925,1.42572051396541,0.400160870259796,0.354203661427321,-0.405457245451674,0.166005153374238,0.239949566394277,-0.172210951617067,0.381659044763969,0.00948774920939596,0.207801515112588,0.027752909659474,1.01494161529517,-0.334521145353099,0.306729817053556,1.70320108275139,0.104773668435327,0.75402256545641,0.277675188157808,-0.354026750216096,-0.355087547727145,-0.314282635928421,-0.122168537466424,-0.36560063827424,0.880326833148543,1.48193507618762,-0.0691012066009711,0.493020661065404,0.198273742575985,-0.144160185681462,0.933638461218882,-1.49360910799531,0.678362318407952,0.292150373605672,0.441835663625084,-0.522681131257919,-0.814305913991876,-0.323746575737207,-0.832551284908996,-0.518362144109364,-0.000606470790412332,-0.58402566549144,-0.597731787827991,-1.25193162101623,-0.194568962812356,-0.400880241873819,-0.679055921606661,-1.45312118370255,0.21654874341727,-1.12470562597319,0.802212318864414,-0.4511399657126,-1.09810794391973,-0.690366037933348,-0.668621350150302,-1.08391221634915,-1.13607621981617,-0.323139246193932,-0.867556040494445,-0.620476767455216,-0.0073798331767843,-1.12622294365046,-0.741320507827988,-0.290305462938178,0.993757184018438,-2.11638997097208,-1.04266491266908,-0.294382592062735,0.93728092924415,0.397073849248023,0.288430017061163,0.00181210078241224,0.326979307976533,0.807733665479465,-1.48916984039289,-2.43771953762802,-0.993012383354749,0.0222900297561778,-1.075751500554,-1.06040658960025,-0.219522441824162,0.712032147011562,-0.245670339380475,-0.649960681305092,-1.41852407230704,-0.207691879109642,-0.365513872689336,-1.25311075509583,-1.7658987075715,-0.953463659434458,-1.2572137380354,-0.802037160224529,-1.14857488184612,1.70124391549107,1.0510159513609,1.14446969857745,1.8058480353482,0.68043458789826,0.905845949625876,1.06340115270769,-1.14883047086052,0.069990051828886,0.619242264346584,0.27873315961551,-0.965391164598412,0.343793522403316,-1.02336173029714,-0.961374136081312,-1.57739695243636,0.223971915644972,-0.321802253687882,0.0670548355101113,-1.69054506667694,-0.18907656550815,-0.0863718134861603,0.0831850229566301,0.634906565940864,-0.131141105688623,-0.00571084441150222,-1.10154906354454,0.580278388107468,-2.00478812395614,-0.829767168297137,-0.0833175234175626,1.29725093845181,-0.443878136826944,-0.782153747558555,0.653458462060432,0.419530789918442,-0.288331740901654,1.31636967906406,-0.300293466259108,1.74122417739926,0.312060315181801,0.601584409480557,1.40404642335951,-0.224021685872464,2.06779957286294,0.113256881635132,0.769378823916865,-0.836627337217073,1.10292759485035,-1.11114964530179,-0.0344342013162441,1.56692143150198,2.50010772196119,1.72529495139731,0.928271616336972,-1.22066232043784,1.30651121579491,2.27274705442,0.374268094679521,0.315613464980317,1.15693265695193,0.996357553897488,1.26773934049318,1.28302913950612,1.31823698784537,1.14915150333913,0.533542619095886,0.970038256731657,1.63944713511661,-1.36423337533202,-1.26501381865506,-1.54212584697418,-1.18758063205033,-0.00903758619784364,-1.65917052679965,0.227054845653912,0.615801424517201,-0.0859944322684411,0.211751851822437,0.4853347628495,0.696187922067268,-1.25548623827416,-0.995239284997301,-0.9282300943896,0.0905402361878639,-1.65952743028322,-0.318356766948261,-1.61277477096637,-0.426968078238846,-1.01688002320948,-1.5827900274818,-1.41558345863562,0.142160134358759,-0.590904413923586,-0.362115238322499,-1.91484233729242,-2.37386390346898,-1.21404848141542,1.04437040103072,-0.853996709200717,-0.478787639449155,-0.240806072741876,-0.68090012237825,0.68058769538465,0.554002941433772,1.03728168290219,0.700313462242516,-0.105722163546585,-0.916089722777495,0.550401277794989,-1.04888546285715,-1.32450694062634,-1.09596862621731,1.03980043581482,-0.426900441568147,0.268817222724258,-0.927161401994614,-0.118363747332219,-0.635060122904117,-1.55103695284655,-0.3026198276733,-0.71482139873371,0.526908540417225,0.626484004564761,-0.778297638436852,1.29825177573118,0.0269801521628254,-0.990060988009856,0.834150716402445,0.338123244698946,1.05183714365884,-0.511555255987616,-1.13382003225529,-0.694975493333819,-0.797813249932882,0.0900554851014398,0.71463617765808,0.57981257739345,0.465572131713261,0.422029455269584,0.878749912337877,1.03829277408644,1.10448541468104,0.566962198559604,0.750226386619277,0.374269882378141,0.803255534251618,-0.624726758094844,-0.312675162039427,0.259412737948899,-0.832240802297586,0.253458465819666,1.30177203854875,-0.0353763685915755,-0.792996543440603,-0.613174214200343,-0.0691760416035543,-0.436548642369268,0.245042912863078,-0.126727379494319
1.0792423447084,0.494149758357265,-0.786451339142612,0.21030594946086,0.285423215197329,-0.464692340412834,-0.37626402850541,0.480920930040335,0.00922317032993546,-0.417328686750368,0.120561187575571,0.286642865948005,1.41404859119582,0.585874872980002,0.716137432534078,0.450220772495456,0.5228813077994,0.259855742418052,0.173294022589745,0.36679498084315,1.19250521744662,0.363889679372276,-0.546966556473385,0.43938061068289,-0.249126493669278,0.00753053645509404,0.778858753117307,0.473726765449177,0.113579989485069,-0.401435792177788,0.269182617135086,-0.388832896582931,-0.976023711981109,-0.236632819605721,-0.0930789251547334,0.654648556365434,1.1344854357703,-0.105478193604096,0.778438600880765,0.710356507904347,0.697402613138827,1.63317611508128,0.439961133425622,1.72127411495978,1.39608437951822,1.59548939481396,-0.443503539784237,-0.610373488696781,0.824742250621205,0.0351500698849131,0.029301439604115,0.395086463713992,0.466244932295842,-0.367467043393601,0.884625295335099,0.268373108686924,0.494165542261037,0.877526418144633,0.127050502641719,0.261630712132233,0.541573728292334,1.15097895859797,0.165566186385368,-0.103783306739053,-0.19824110141528,0.0863299640362655,0.18154208637728,-0.687055829465137,0.19740776475147,0.163267803461832,0.25454095033535,-0.029782569240953,0.293875234966846,-1.25314771028954,-0.234683513113045,-0.177528803352273,0.402840566171518,-0.800141559090132,0.317273500830793,-0.157052636685435,-0.782660644031628,-0.773509596207955,0.51153112414525,0.405478457471462,-0.713351316461076,-0.831892006690141,-1.11231709095991,-1.15381683256415,-0.949198532442712,-1.4763116622777,-1.27698011585939,-0.479378075555925,-0.455195203929925,-0.51513714777571,-0.0172214590672386,-0.985979026395301,0.963665796821684,1.15870543108257,0.398602575591832,-0.890484682451636,0.460765712794367,-0.0779646188517031,0.417057419827263,0.812732883623038,1.54258024906412,0.80310594689757,0.952711911660201,1.07179500211636,-0.219599161607172,-0.204445803386525,0.864894086189064,0.12091855899138,1.57806339088345,0.569274489086516,1.20825514720664,-0.968932553442999,0.443938499251461,-0.0974827264908498,0.294260318240978,-0.628185678696152,1.66138705391028,0.786438080723522,-1.25361222140366,0.453839518904074,-0.45693466827561,-0.37786023465122,0.292220280446604,-0.504675931140605,-1.03657275986362,0.371116191935444,-0.153804267608465,-0.34559062106137,-1.27303702921203,-0.699671488489393,-1.09910470427323,1.09534547380142,-0.342376956187623,-0.10841713365776,0.615118357428388,0.272745694061373,-0.274129581508838,0.926607853356493,-0.261834399381814,1.59107952296417,0.258976634680284,0.198650647337384,0.565269482085574,0.74787163931439,1.42165982539887,1.06654617366673,0.723433553142711,-0.4709756844192,1.41516303402683,0.501204965832872,-0.172053420652744,1.49235466976843,1.01027063503988,1.70612818644497,0.00969008532024567,0.179365247497986,1.17297564871991,1.32349998207306,-0.295344348706071,1.51070553437357,1.78463541381234,-0.893341120636614,0.20920437044716,1.24556873877056,1.47967912922882,0.617049168973048,1.60742088193349,1.31019068121419,2.13343291567452,-0.834399140506664,0.078873051877714,0.300376264425718,-0.862082826992364,0.522216031796731,-0.787404151585237,0.0347219891360335,-0.869725734140002,0.0565599081048628,0.334200354891243,0.340461396131534,0.115635248965999,-0.106263122695722,0.328967380222299,0.61649721373232,0.111339179561475,-0.665697469187267,-0.73603240705101,-1.08828624314302,0.29623700046007,-1.15451101303017,-1.65374779418608,0.135116613600723,0.0893908281501739,0.0760897746032301,-0.894154222848582,-0.0622320453982792,-0.20607526561458,-0.109874155459813,0.268817802088806,-0.039622506020571,0.444535986447753,0.191581230066903,1.28476819305363,0.38822303762193,0.437635523084926,0.78008274941344,0.195699123253154,1.13956165468834,-0.397114522625259,1.53506017857009,1.63520142519698,0.366914177737331,0.973119404121004,0.771678189009447,0.190472808778284,0.764144433749767,-1.77449999752836,-0.129689074416778,-0.534971165720517,-0.337921864781121,-0.586847957517431,-0.106282178304648,-0.0741005603395098,-0.790643662593132,-0.283824056750571,-0.360717925590125,-0.286341996225582,-0.914958806020744,-0.528771945913709,-1.17814549219865,0.95813947665015,-0.186646339328707,-0.0849586421811414,0.574099764217832,-0.0145205891180647,0.543928306227059,0.388695337658444,0.601959713380768,-0.201287620674421,-0.10099229211507,-0.0416090413754757,-1.05641388272405,-0.2295047385897,-0.920867909062681,-0.525807319873755,-0.333160983252764,1.16863554159809,-0.15619331311378,0.302751044187108,0.44232105997153,-0.968261975587421,0.213217516957516,1.21145569839304,-0.0793425389673036,-1.13907190582436,-1.06332474512997,0.159305604328837,0.391562702504124,0.132397206058083,0.700791501086475
0.241849217196359,0.0557073895382924,0.021272812806293,-0.185048127154571,0.484659066011291,0.863711634718024,0.704354700085354,-0.0159111778235536,-0.0479287804508662,-0.402494104625413,-0.111154678298354,1.26005398039598,1.3768716365634,-0.714014098655574,-0.0602296633758502,-0.261882091399324,0.203720310964948,0.520238998913707,-0.104432894973534,0.207186879313249,0.0322475063498098,0.208991728433886,-0.26068046572273,0.375756516253939,-0.286547792231258,-0.115202038542739,0.565766267214227,0.0343728241973153,0.160672884655754,0.144942333251154,-0.0559175653819061,-0.230101550069592,-0.027204435658793,-0.651868838658255,-0.104314382186751,0.486752480440502,0.570458804892522,-0.457820801422204,0.77027316020587,0.570422416337348,-0.230410260130126,0.736293602844119,-0.539069466897733,0.959738369821572,0.538537909673852,0.783566523746284,-0.29703141317161,-0.73426780405612,0.261879603435599,-0.382737319278344,-0.540743801730009,0.638846259643147,-0.14984987335112,-0.975549504994902,0.108824666665638,0.237356290477136,0.220929387709625,0.366807513332035,-0.578135202918704,0.132182001446292,0.049469089839348,-0.320947004466549,0.372177309912126,-0.632607760789504,-0.184668555981798,-0.139296252059679,-0.623638486826364,-1.13297450207346,-0.00492142781406993,-0.541349676000414,0.267933039507863,-0.524025453462254,-0.80244570352008,-0.745397144228679,-0.27194419584358,0.59198006156062,-0.332716322737504,-0.564276344385291,-0.221909316446956,-0.471222373224273,0.0100357299531426,0.103483368264326,-0.242177654920917,-0.130406730478515,0.337150068477022,-0.359559694903604,-1.06388092514991,-2.24404119063865,-0.682562870592072,-1.78296044804926,-1.21029199798636,-0.738456460798774,0.275084454858004,0.770787734472129,-0.715014327864579,-0.274717634132423,-0.283011587276866,-0.432813274628815,-0.442292229368392,-1.36156778569454,-0.482606104712232,-0.713958753456979,-0.817045820961737,-0.197632897557022,1.04375047536763,1.26461360812213,0.475672754999266,0.60331544715421,-0.0631938372249261,0.373120249022958,0.371820020910999,0.163084170436813,0.884724990158607,0.408279193283973,0.719699140607653,-0.412031480149926,-0.225687450593022,0.272284346788693,0.471468526086879,-0.258580872011974,-0.0767795171606567,1.0417155226208,0.588794762710257,0.705902107192949,1.41986076243624,0.0635199707303538,0.13796489755144,-0.198786766501256,-0.20214208848713,0.371521822037521,-0.517630476250357,0.230638123842093,-2.23297921348453,-0.190502446084171,0.419916800499607,1.54251194612027,0.746598936639618,-0.502941872634327,0.561074239771406,0.169770683602459,0.356263986993446,0.00269942941895456,0.68868820950805,0.231162801014364,0.443439287503036,0.343149061300639,0.538324655183568,0.619320540208299,1.03275540067682,1.09759235006626,0.528346283874485,-0.603002348612683,0.245743189183041,-0.751335877006277,0.364146722593623,0.626985930449367,1.28606803659526,0.454863937137376,0.599622002894962,-0.194703081277256,0.262276719935639,1.05514824631203,-0.179474534094757,-0.102147727578841,0.593036868470278,0.996259048730078,0.141995937804687,0.354722006697365,0.566989515815421,0.112531642208233,0.444856800580972,0.634711553739592,1.15964865634874,-1.60388689736949,0.337548256362466,0.156433655226801,0.681351790265952,0.578610524723465,-0.628244063663367,1.09256598584676,0.737125551913577,0.248960626364079,0.717234127885789,-0.0651076795020477,-0.259191904340689,-0.205552806850814,0.0292357818587048,-0.212725860902301,0.414889376628212,0.200418777323933,0.219006834486041,0.0182392068687107,0.0445675317778313,-0.390067631297109,-0.0998084111294655,0.139364037737665,-0.294546150619427,-0.033867261670014,0.127275650804283,0.602048945920832,-0.911189822349584,0.0144770279436165,0.327272097471036,0.655775728305291,-1.30896644181466,0.286058056321582,0.847483331596138,0.260653277775512,0.196001980725953,0.500893663597336,0.141845148941305,0.428650592992899,-1.017372053032,0.983265328591625,0.142509101271026,-1.00007087411568,-0.768878287167676,0.520493459931004,0.52604131597934,0.0838413836481642,-1.50030360973739,0.816110182638035,-0.425824277551386,-0.674512075753426,-0.22289822033651,1.40863382691184,-0.20040781000614,-0.0616615577260435,0.127961965912102,-0.53632701378742,-0.0107866577239824,-0.0911760980747816,-0.531255637079487,-1.40789361653463,-0.192924594122736,-0.836995089868222,-0.961078226804539,-0.220534304619904,0.394740703124278,-0.473707712194722,0.0655837042070536,0.528837131417702,0.718208628159074,-0.190708900339054,0.531584501971353,0.894738381861985,-0.29965427128073,1.72965970301045,-0.417555905218773,-0.923759872175162,0.902402465389895,0.279265308545495,-0.34003245948917,-0.15798267770516,-0.00954063903347963,0.799209169060264,-0.00143042826254284,0.243931224923584,-0.116689879350252,0.229650804091572,0.103118341329637,-0.306797056349692,0.707826502159539,0.229410638011203
-1.85027634349546,-1.59559274677447,-0.710354844478737,0.607130436393051,-0.956944320675108,0.115192316749836,0.404404792391515,0.217015444665573,0.818319110144029,0.87362091448021,1.35068919951846,-0.888913912197823,0.888617841730892,1.31754749825958,0.266432248247195,-0.80442731968127,0.585576541490421,0.264633527071884,0.177022519177302,1.10826439303246,0.142135905551038,0.391170143146495,-0.0967008462525503,0.0182326913384859,-0.196419942191663,0.680804035770936,0.102050471576173,0.102774759035057,-0.0149231005175889,0.581148338190426,0.258729850100974,-0.521651040000941,0.40241829337136,0.599490537529527,0.0934043890917428,-0.269348845639631,1.07727750261732,-0.194520295574652,0.561059475658235,0.436230065711102,-0.332135996611202,0.932481487714155,-1.31642540876744,0.567410129553792,0.454313748853773,1.06484288838747,0.236545221415343,0.158791819279401,0.115855424405917,0.262985265097528,0.31428719137994,0.776474387029261,-0.148371793018407,-0.275695148998993,-0.89338876120213,0.670206729976702,-1.01285212892817,0.427803656195441,-0.389171957106717,1.06646824098596,-0.37924169470084,-0.89316054739638,-0.486606033709726,-0.106699076892278,-0.394395625866504,-0.608562553318489,0.119665769664091,-0.0137780030596831,0.440900678711756,-0.50096315223915,-0.578489885027576,0.135532213508129,-1.05378236075639,-0.215750464134804,-0.6632250694255,-1.03170213611221,-1.04020292225057,-1.34753289964312,0.674674081760206,0.289805812451095,-1.31826788342622,-1.75087445460256,0.332413918208356,0.585599603498765,-0.715753332710507,-0.343410320459947,-0.720810163175857,-1.9055904264399,-1.14084798060903,-0.720485669083056,-1.64722532707227,-1.66591914252793,0.351903714826421,0.0170868545539888,0.678724850413443,0.0490314383780522,-0.0946806817019797,0.417282660114457,-0.260743357976246,-0.512718971838165,-0.15873392386573,-1.41412686076753,-0.3841041437452,-0.218056689905163,0.264521899680225,0.0342078016300484,-0.572380790577537,0.199169375779824,-0.729551825033236,-0.458660977814507,1.15019503583941,-0.78069215240725,-1.303033637924,0.691611676215027,-1.12294144445868,-0.775210243498842,0.396062733677589,-0.66751607493207,-0.444557507766753,-0.895253326715922,-0.170542377294462,-1.46112900008609,0.0223542695366747,-1.57594822435004,0.093593372600176,-0.928723468124169,0.57792591196497,-1.70804876014226,-1.70003948744803,0.276519427551167,-0.781514067746785,-0.936174842424104,-1.06598867787922,-0.154704199519416,-0.416882981000556,1.04653604809472,-0.45685872693018,0.239447849152733,-0.949785069763518,-1.23604893775956,-1.35760172835956,-1.86134913624244,-0.254997737562086,0.187547520532593,0.700029723111875,0.915664149206241,-0.706910479315473,0.0541181592202349,0.815573545623499,-0.827506914690733,-0.572860431459335,0.601189321189218,-1.42577032161328,-1.44895221283221,0.798442028446106,1.09421081897546,-0.0400005525297827,-1.22810174545709,0.442085284490123,0.190414926717361,-0.413808859696672,0.87110517782592,0.64094202296499,-0.702504608835852,-0.654287105161688,0.589402578974576,0.793791195057613,-1.5651692465716,0.277923206012689,0.642977475297653,-0.0482407306927331,-1.76207028118107,0.456552280862794,-0.119831302745045,0.0650504646037081,-0.160696870447387,0.893585319967689,0.939341527604578,-0.488148109844981,0.0879053884125225,-0.858305479496944,-0.490825539890364,-0.832040568991476,0.609459248636733,0.602028854366909,-0.0248284759082991,-0.23695607359716,0.00415892476630267,1.2730755640939,0.229888874494838,0.242382625651685,-0.214059110872167,0.756318730106449,-0.253773469706409,-0.0752686432168088,0.403485457742172,0.920635366937757,0.40150177316992,-0.0539771303734397,1.08041544585845,-1.2021850373716,-0.297262840825943,0.31005664360622,0.888514709953545,-1.14176881747352,0.427177459596192,-0.123262898024256,1.09168043086252,1.20564394307372,0.816267358768539,1.52175281986382,-0.682413709316622,-0.204236865808364,0.51626609449801,-1.45667553603039,-0.473474000008388,-0.677910780545654,1.25528211659533,-0.965982892350884,1.04540191344827,0.226531572479359,-1.4143277027181,-1.82269299666635,-1.36964397382176,-1.90003900468662,-1.57928933189922,1.27426707025054,-1.30057002503835,-1.48257356569123,1.0851742204,-1.61743634920475,-1.39066939530875,-1.88327452779798,-1.25516454691913,-0.286594685442157,-1.06456062793269,-0.467517473998593,-0.47578958629248,-0.978864243404288,-0.0514159230140393,0.713118437853947,1.29778490380523,-1.1124717424219,0.169533894086582,0.604463575244085,-0.665687413447565,-0.712856343759058,-0.0488260562875946,-1.21908210835436,-1.88375182570449,0.192954053221443,0.64701811986037,-0.382450157773048,0.00769685854856599,0.319351379860195,0.237943389191736,-0.0793503214571646,-0.0547841296000822,0.142337002118688,-0.0166891442618124,0.624579175983722,-2.63405857488745,0.702276518692351,0.0690343891824871
-2.90280579800179,-1.65539992360003,-0.578269649818141,1.01513333816867,-0.244440852327979,1.25609968203214,1.30547956215036,0.60016943856687,0.11755937172569,-2.04046579929766,0.835279508073761,-0.611759664707614,0.71898108706558,-0.113733824495431,-0.774519163184138,-1.20862478479271,-0.121945208131178,0.82828080897493,-0.2596523092439,-0.0787933271591586,-0.961118729365562,0.212906282728538,-0.371072631935403,-1.45078050592061,-0.494065139735905,-0.58149111925017,-0.456388536041781,-1.18115583973076,-1.44512314729337,0.303956269293889,0.414025043480005,-0.439910454788621,-0.802248070509625,-0.901855811978168,-0.246734705857616,-1.24368051492226,0.207142339500115,0.0444229303660638,-0.130123043648331,-0.299307434035952,-1.23798264456129,-0.149652849942344,0.386608998518079,0.0124713476052035,-0.64474951853574,0.669149540216666,-0.409614002588385,-0.486825036961608,-0.855185417933965,-0.842564145672426,-0.944135580924791,1.23698744042623,-1.01937599781522,-1.24469475465659,0.345413017682293,0.361409041421761,0.311490770935331,1.30030690708963,-0.8659743211486,0.466074918907712,0.666215399241661,-0.866110598885589,-0.957308481542311,-0.3518284935773,-0.900398974259985,-0.782980212294043,0.0871432496945297,-0.754087577358034,0.244020660895388,-0.454885538528339,-0.606255556865484,-0.313042297416136,-0.344818036120403,-1.37765855504394,-1.42306119039389,-1.24156234861933,0.32888760687763,-1.84288883523901,-0.0144250818741979,-0.866064268828374,-1.23655384389776,-1.24651030525306,0.631400749752917,-0.14865553959992,-1.78677264836905,-1.74498334401504,-2.11140032664051,-1.39507321370395,-0.951273984838417,-0.719925086505276,-0.511399437797039,-0.896900422357993,-0.511578677202525,-1.08012260085672,-0.112815482672427,-0.726968139538413,-0.449188745226561,-0.84809616227398,-1.76330956071776,-1.34137193950248,1.36031816549039,2.05212800873475,0.88845532219966,0.278129549946086,0.899964618588872,0.207410149201819,-0.846147993500333,0.23686737246242,-1.47744681925722,-1.02857082468718,0.747082235479319,-0.766981061991959,0.806008941621535,0.451903812480404,0.939800720576321,0.488141274023305,0.145882395775317,-0.985947766423552,0.505457088538606,-1.26612832530622,-0.993267189209973,0.925768795051314,1.15352692442103,1.11775875803472,0.321409702758013,0.358196361965461,0.315846785479577,-1.18487722173396,-1.3087864929303,-0.835357860622179,-0.745108298163543,-1.67103997644527,-1.88298308479332,-1.05761637489418,-0.412658903390745,-0.540018770369099,-0.615148850813646,-0.450772746593561,-0.946829133345163,-0.865658082520875,-0.663625136333628,-2.56053574603494,0.452273204293836,-0.327893798424111,0.425973422724865,0.882848403981196,-1.55375152972385,0.798676421187351,-0.0779278716682566,0.0673212924163565,0.0843067018463208,0.647501069261248,-0.132072621944998,-0.998456758857629,0.530594327877573,-0.183357182266996,-1.38981082881664,-1.77811640891013,0.147781588671402,0.428107788650985,-0.0862665485208515,-0.227714480158997,0.122559205028596,0.147126871540787,-1.67947030809426,-0.26455782546462,0.0826787700629314,-2.22583440581315,-1.00007373474712,0.317706725115101,-0.57668367970599,-2.57012233103726,-0.841256443371234,-0.0630842129433969,-0.0090121491539072,-1.01523693292213,-1.98672955418396,0.307122999253732,-0.916692362652237,0.293889307682309,0.342165256175544,-0.55075961889154,-0.890466993027095,0.389786224095883,0.0742187301996269,-0.974764697878135,-0.212508025666613,0.336917529052568,1.67627782509091,-0.796547185180715,-1.56901610895563,-1.19082735582505,-0.699709912850913,-1.21685309888907,-2.69577404973812,0.147714779962015,0.269475950480934,0.415975998119719,-1.4139182628007,0.927564683169484,-0.619536080932286,-1.54282968013086,-0.320705985069749,0.0217822381725174,-1.84112186592216,1.5888728322151,0.208610649947557,0.761024800075743,0.648343732896391,0.625120976284322,0.159414618844812,-0.0423147308760374,-1.34021587911355,0.512341231097178,0.427530017999801,-0.797293726656646,0.615107990643974,0.678760041132671,1.16176808474037,0.819894339098342,-0.896949164956031,0.878433086991384,-0.571194033012914,0.544283673282775,0.639200778869191,0.729412456791531,0.501202886601631,-0.391515249998351,-0.826408819070546,0.4493874571756,-0.432176512076977,-0.624729938014737,-0.655675116352584,-0.857414187451287,-1.05707017483796,-2.13383436699912,-2.17725742147751,-0.370349651600772,-0.0702821669142995,-1.03295052315358,-0.0409261011943119,0.547492389479049,-0.382437303077953,0.618274492133689,1.09723912112676,-0.213817146941898,-0.349496757961603,-0.922186074891912,-0.183328323591188,-0.813387809779793,1.64273471808618,0.701046336256878,0.342506879921626,-0.104717816160985,-0.624673824273624,0.232221125435377,-0.0073617806331881,0.306264595110874,-1.58868595637402,-1.38546209302223,-0.185983747820168,-0.821940905304585,1.56142208408613,0.00770355050708353
-2.0694442438519,-1.04598817701992,-0.365858627552026,0.139511286661758,0.448075667490583,1.84915753761791,1.18288091568443,0.519429590128197,0.746104395803035,0.240233980195416,0.732435601997195,0.431117958537855,0.707818418735936,0.877084707553635,-0.271744997922383,-0.759366538465282,-0.249370832199757,0.143426138013157,-0.333361310113882,0.528717522124613,-0.528565903465091,0.354735575996398,-0.13352061371455,-0.474130983815242,0.457839317622494,-0.236242297715728,0.0666881919631179,-0.188587902756071,-0.677896881265785,1.10999328483259,-0.499482957524775,-0.391486580180717,0.41021581900746,0.426296739224383,-0.315556182875691,-0.701088524604434,0.463499864674911,0.287189687684106,0.258916170529608,-0.11113538061209,-0.986106241669049,-0.226773071138085,-0.494228592336611,-0.463340774367834,-0.840947984216158,-0.549986279831301,-0.0254698387097252,-0.766365244435724,-0.146508068521858,0.125364080275794,-1.05163197195594,0.782650207356141,-0.366329280519756,-0.691624522094046,-0.577739136958913,0.0259695425477778,-0.427004216521108,-0.0705955699207244,-1.73726652960354,0.178927043014491,-0.51044227008903,-0.576402049212379,-0.164167728297854,-0.386771357421315,-0.562838224393244,-0.643517079746512,-0.60043991367203,-0.146160197286288,-0.827967116652445,-0.92697534700225,-0.299400112160523,-1.2074399597181,-0.648204837589497,-0.487245299798327,0.655344549522412,0.439043728279976,-0.361627976887368,-0.516619505007442,-0.733354776537848,-0.870190229164793,0.120194276988474,0.239819119406941,0.742497263468416,0.232537486397491,0.666384694415606,-0.376109776696428,-0.481501066560381,-1.08666320561452,0.209571332838259,-1.52704720782288,-1.21313674397612,0.387985256631291,-0.352439608436904,-0.110826003862238,-1.36827778116308,0.652546754187391,-0.183551275497915,-0.97267949199996,-0.634925922167538,-1.71897482897971,-0.305075229094454,0.208976672517994,-0.56270482227951,-0.135899495252715,0.153158039757364,-0.149531154361074,-0.0103844193363909,0.920814037015187,0.254884630559694,0.658659878566224,0.437782915580872,-1.0432440702765,-0.166722240298469,0.0791125636973274,0.239074659643881,0.308230091614202,-0.0912856135580905,-0.851823415126011,1.04647912834608,-0.346539998251361,-1.32119953115589,-0.263127958927497,0.460746331560435,0.0707450740348677,0.460224497442615,0.0711000672189841,0.413054279473013,-0.295664857171424,-0.733370231230301,-0.648773271401108,-1.75306911700491,-0.027330855540141,-0.455978489413095,-1.00102550593364,0.341582070287271,0.275095768786289,-0.473071975510854,-0.173911010181738,0.0168244887249352,-0.583614248964964,-0.13317696881068,-1.18729600174672,0.210926806801138,-1.37993319936711,-0.767273494286801,-0.257401453524532,-1.61467778959062,-0.654124617936775,-0.324562698459311,-0.526657134115193,-0.379139249943059,-0.667298261294493,-1.46341662813022,-0.808699528592206,1.4749479254793,0.7539817789835,-1.75939351721249,-2.11741746831362,0.970676703422501,-0.496652415398101,-1.07171447108737,0.0584054401525905,0.158833929256334,-0.960951591177146,-2.14275695939475,0.0610027517437193,-0.10549586758904,-1.51450471129229,-1.74075519390869,-0.819097062410617,-1.6820068836927,-1.21993518354293,-1.62627264679879,-0.708166397547902,-0.312571082602041,-1.04942449449986,-0.838987646489568,0.746270886618098,-1.11298550327543,0.766104165045797,0.943741517279812,-0.20692336258453,-0.724133985019491,0.27441838392349,0.360461577133562,-0.7734635598718,-0.904595543635582,-0.646460354784809,0.505895283710221,0.431229973960802,-1.06156539140206,0.0299461443838406,-0.320241477185737,-0.832892597508476,-1.19031953630266,0.598440261547598,-0.0769103654295045,0.44134656594638,-0.513166506914886,0.733016485497431,-0.853489539891738,-1.46373461923935,0.339523935323228,0.779208471086132,-1.44403134771248,-0.466216621018884,0.142914340474969,0.196914927422085,0.213975437112353,0.128012802292917,0.425643842304436,-1.1304693472768,-1.5555635167997,-0.837556387141523,-1.35234697063572,-2.08545695340441,-1.08770409559636,0.0877989127900521,-0.471484377729121,-0.178755340962755,0.149507021399549,1.13363361859204,0.882007984570528,0.887056622336241,0.96022625849222,1.30779165066267,1.12492053335783,0.241681368937307,0.148436415389925,0.892812383882596,-0.312887447424068,0.259306335068691,0.318421632562145,0.0230791129747543,-1.39993495470754,-1.72241693438131,-1.06534396836129,-1.30027511901071,-0.233720948241804,-1.73688407989092,0.802674839504982,0.155013522831569,-0.222485876453514,0.44769523055254,1.17823771467846,1.21923699755044,0.705473076557924,1.53255559319655,-0.00914010872411435,-0.597124866779751,0.846785464736303,-0.152178536807496,0.288149276136093,-0.292195487665094,0.271056536881673,-0.0173338342921777,-0.676918832968804,0.516124553342353,-0.789423026614036,-0.719327783407694,-0.412959314599446,-1.65525165174353,0.98214108186192,-0.597861444327546
0.844765079901128,1.4394208364684,1.19142503347992,-2.74430197837834,1.14625326607577,-3.16077795979389,-3.56701783890253,-2.62066874015649,0.101715266124613,1.8702724574429,-1.61682053288429,1.13639553500333,2.6493080487614,2.66255652386612,2.42239654253872,1.69638854026644,2.20839135630765,1.41930065612155,1.6304036998793,1.74494995941136,1.16210840595242,2.21510380697999,2.11901002138861,0.859583950658304,3.47248299675198,0.849516469622669,1.93087612992952,3.2898790712365,0.541433227743812,4.18990730948832,0.678662257843575,2.05407013213374,1.51064861456084,4.15916024707545,1.90793819151967,0.672388605572452,1.26667103284022,2.60300693836618,2.33377157126607,1.58509195100672,1.60507514286114,1.93460721844274,0.835734941023302,1.23528174597338,0.750721618441958,1.86063805858515,1.96140890117871,-0.371004639144151,2.65460027580426,3.36602827194075,2.65582458403268,-3.47921316544894,2.10395098076457,1.60763752446275,-0.573751406047214,-3.42764213722989,0.0958257063293573,-2.67059022698539,0.254842133656801,-3.3920558514046,1.83170957294123,1.22845650460613,0.375747591014929,1.55587971529407,0.25393470606348,0.878451819667175,1.72295193333371,0.98459181168411,1.04966522752479,1.04721116845078,0.269185945760539,1.0065917959723,1.40879495772777,0.416214485088638,1.87263811120353,0.415937834872215,0.542963406061863,1.33298110378837,0.870121268695172,-1.07566375369919,1.05247493262655,1.50318672561321,-2.70950254074542,-2.56839212093849,1.73629932764124,1.15366780497947,-0.0776997310194422,1.41636567116355,1.14555389736417,0.189156407978242,0.328967851107945,2.53450633096219,0.251789446638432,2.66512943383324,0.730922075575028,1.8630965136656,1.97676756801296,1.16436897685421,1.25328498567481,-0.772888841623647,0.59028065153356,1.63709917996874,1.96291200227425,1.65178830512262,-2.82250372237047,-1.26460127541841,0.113321292343957,-1.62446143874795,1.40362448644002,0.87293240853485,-3.32435917881236,0.184095137873935,-2.31485031380162,-2.93738584042335,1.34437011160661,0.50095246233808,-3.06056463775488,0.220898725221434,1.86692614541516,0.289773237047063,0.0752812033640129,-1.18331685615443,-3.35655873102683,-0.15051288479427,-2.7631871626051,-2.34820423379233,-2.89249532941657,2.36957842430116,0.791174889770237,1.87436731548375,0.459138805863894,1.27339726487035,2.41532658383108,0.274125653469116,1.84737940084291,1.30561697754977,0.188607304403904,2.21922484081415,1.4229593419178,0.916829707302599,-0.594700783548255,1.62228083149255,0.664746053830835,-0.811893561696214,0.856534857533404,0.128378283302944,0.337915192203801,1.1185482942132,1.71330718294481,0.639264463062497,0.124677393347002,1.12136910094641,0.944726443989598,0.124423603912261,1.45025887656133,1.16296458885243,0.633885711109787,-0.673136485335833,1.48113368857835,0.85596829158475,1.23451225401916,1.95139076743076,1.10926752240372,0.376217338939097,-0.73917756760521,2.43323019720755,0.957073279059926,0.789407401434895,0.0119303404961459,0.676189808177981,0.777445354091845,-0.97692286225427,-0.546814668845338,0.988578966645758,0.0430236675756634,0.69898663220528,0.588623583026934,3.10660778374058,0.956679318815066,-0.0575264888594349,0.49810111295729,0.259160960922741,0.524959046063984,-3.04743953567743,-3.11780751845378,0.214084253345961,1.06763844120485,-1.76899180743943,-3.88547313273824,0.752548724679821,1.24440962175806,0.990477765076164,0.896007252906571,0.976768045597778,0.763808517388218,1.06507412412814,-3.72328543338385,-2.5019719409608,0.723401951941326,0.491221482263405,-0.528083265873799,0.293193461722218,2.26627723658007,1.72573947259312,-0.0125284670799021,-0.458794297612795,-2.02755874345817,-3.6363620153677,-3.37754646868551,-2.77451110015629,-2.05399010450789,-1.36014649267928,0.87580659361244,-1.19425975285805,-1.60893752944726,-0.0845391823077177,-0.577961693792052,-3.63247687069827,0.125887609473094,-3.46114899795718,1.11308267921338,0.0172965525831193,0.504441036502798,0.369876230280163,0.537765563346391,-0.886288874500176,-2.72357169584587,0.301072577762077,0.543220572814256,-2.54780067837273,1.01136972077411,1.69634533841835,0.755599924691301,1.36250303802686,0.386085810634438,-0.474179284838314,0.786531135801011,0.0720375068766295,0.497341841287911,0.672228406959668,-2.49735125407651,-3.2707175442775,0.910350475964687,-3.5340898081853,-2.31853194317445,1.21020333557742,1.7690877552848,-0.193147677193776,1.99070654120928,1.22193095651217,2.87396834278198,1.60572782957529,-3.91168821597922,-3.16288694771853,0.247446874838961,3.45581905768369,1.63040777243325,3.48625285193842,0.833041277075219,2.04373300590103,2.06764880973531,-0.993454222652066,3.44713505067719,2.5770599934221
-0.194380711821293,0.314339438416246,1.33195230390726,-0.705857846741124,1.64889720163222,-0.149276988275235,-0.50463345470268,-1.43672439898119,1.06446980585385,-0.834665772392633,-0.132335508089846,0.635310823816847,-1.64790768971772,0.167381591904328,0.687439550986469,0.728957838718922,-0.054875442222553,-0.197926879415725,-0.545804724138439,0.411375515035746,-0.710536584756943,-0.800533751653732,0.223523468306092,-1.11395692193681,0.978573545535604,0.284566142487313,0.142907628613021,-0.423915173623651,0.000187194283927836,1.60369492724951,-0.685612660637887,-0.372404962708242,0.0168750761631898,-0.174159020038211,-0.0970576242599965,-0.226097131066131,0.154256832562751,0.269181917776765,0.350600989314648,0.364752877513608,0.329159584640086,0.57722186883843,1.03063881349241,0.445310875112971,0.488039953923075,0.401479983378323,0.974527310442445,-0.554824849604951,0.373116085252905,0.191962625457519,-0.0237971338256517,0.179361024398166,-0.4380587730881,0.746450144638391,1.2865479855096,-0.736281533661954,1.45419479344585,0.441803648850604,0.120066706258824,-0.979801368697209,0.906194257057128,-0.0763851549947458,0.543917257515446,0.805547352585558,0.326795306532938,0.93439313072234,1.01480562079026,0.418298602995124,0.99031254235942,0.862305131652546,0.321622133974895,0.356366018532851,1.30599820877514,-1.07895838227008,1.25002289900956,0.273326790568403,1.44095519518205,0.746070028194748,0.153697188376431,-2.45644390917341,1.34798776356664,1.50430819403832,0.00398312324967992,-0.158216698560836,0.154534966837445,0.519178150469754,-0.731847443404925,0.446678036569629,0.302315394817839,0.884396039050328,1.35365761258025,0.827855372454919,-1.04226835508205,-1.08452019915842,-0.343521654480664,1.26989317578188,0.593519475585565,0.294758413556063,-0.623215946474016,-0.982392614375434,0.0305275376813306,2.67450087671675,1.62077156652343,0.757946688816652,0.0540778346145999,0.793739501819979,0.109799125883801,-0.208544328984289,0.394567519752536,-0.24240812884764,-1.17243268577724,-0.321494628923047,0.632166356024322,-0.381150137289388,1.6072196255368,1.66824315587697,-0.559673790420298,1.09836491184046,2.29211828385013,0.914703249474834,-0.479401306134784,0.526462699715907,-0.397882298741268,1.82377724092298,-1.01658194171242,0.181037804230814,-0.399434253552464,1.67842822752103,1.22739453753418,0.981805083948903,0.482955474738239,-0.32020269455909,0.706439895274163,-1.5790314803841,-0.919042644783861,-2.47692629269601,0.510874639990631,-0.148209734109607,1.17894886183846,0.423662057277033,0.152004205565866,0.444900925804958,0.303879359138343,-0.673553341305562,0.979289807708013,-0.328615269824486,-0.514501459667177,1.1006187514102,0.800535344801573,0.977471739860867,0.709134787870469,0.395947591374189,0.725514606229161,0.872694333026984,0.143755374044677,-0.399424429876107,-1.20093478606448,0.114831412387518,-0.913091399088699,0.435646525725953,0.853365455126245,0.109754783797797,-0.252677808365783,0.885022803223185,-0.181735921952146,-0.894722964143121,-0.592875452934202,0.428345714235301,-0.840721573642274,0.36684248762992,0.93518024749136,0.439572265882675,-0.907473327629188,-0.142902706332035,-0.0183841533741986,0.526984761977565,0.0742536585800958,-0.740713453265743,0.123601397492222,1.09409744583064,1.05235307683632,0.464189205343642,0.999881986347685,-0.698250914291983,-0.884722922596892,-0.186642140475277,-0.0185959722689632,-1.28465626029604,-2.0100990929051,-0.0442503341842649,-0.427520399072347,-0.362810390087724,-1.2963281237682,-1.17332167028146,0.375336860790278,0.619803329217064,-1.97583876872366,-0.935473369762383,-1.15212790813308,-0.118068558309746,0.326915283286465,0.0109586586474555,-1.71851959449438,1.01283939384753,-0.721988712722051,-0.756666307020162,-0.320249568895131,-1.1185974471326,-1.50960618668709,-1.5955357620628,-0.962772769199658,0.635984164600378,0.597404420919069,-0.749829825818952,0.604918845938132,0.0892218256951474,1.0749096978963,-1.59010891566728,0.582978062680365,-1.68713578531963,0.124198170552738,1.43010185429174,0.991668803305252,1.9398666983392,1.68087641380663,0.888292213432319,-0.58791605973142,1.01755985197418,1.00976496467141,-0.0463278256009393,1.45998703830512,1.0928418886577,1.45524717073534,0.834197886124648,-0.0567530145766165,-0.531223729707989,0.321984279360896,0.488851868896326,1.37281461690917,0.0636531999660276,-0.542199939880935,-0.772740786538872,1.10729747825548,-0.845009664519839,-0.471292400165746,0.842646920298172,1.58194867175113,-0.371695151597067,2.2932124155082,1.41450152349174,-0.00491007120369505,1.21043062552188,-0.735987494515168,-1.3554235984435,-0.547927592836753,-0.199105222878975,1.12875248070398,0.461536444467794,-0.355733380434592,-0.11891455965522,0.738222645213935,-0.236653599860694,1.12057470889969,1.6012773924644
-0.741946246304986,-0.472827670233985,0.199575243485559,-0.206661860214694,0.113095296735016,0.577483523946653,0.291885434458192,-0.208264743816396,1.76395086099849,-0.0339607736983644,0.905049818429788,0.526093214018642,-0.914919658418943,-0.560493145966347,0.0967646381739783,0.153918473734744,0.348170431603595,0.239766905439824,0.219529019099586,1.521012178673,0.677996305225245,-0.579525396396635,0.273825628667557,-0.108149399588276,1.15796332517781,1.00482357751418,0.140294852047452,0.631209955034506,0.803436660562477,1.82932244004577,0.0553754443391438,0.198922463601888,1.70818016206198,0.259900782634366,-0.205309787784429,0.222261091970887,-0.00239988338234209,0.513432487040087,0.940126997081749,0.491959140605477,0.211284318437598,0.54010361978068,0.459506627668065,0.410344352806696,0.687394030357,0.311345449721405,1.08013377481363,-0.219112185693717,1.24142622884153,0.4190494086579,-0.45474299275708,0.56108725531682,0.835981470805997,0.831089288205095,1.10274195209151,0.581121080739172,1.37894245746313,0.24006810130609,-0.267196825282263,0.910658284284987,0.128703872986204,-0.465524719614048,0.932142082603781,0.753213525824883,0.732446416159931,0.408633911348553,0.508484670933837,0.686942994286867,1.15750619577628,0.845436231219598,0.832003438640858,0.529814075474835,0.642186726499573,-0.540186726325491,1.84390729668171,0.818706705994609,0.095949994867471,0.933555948496711,0.0438879874448598,-2.25755761731492,0.260580196442761,1.11785132381652,0.639681212750334,0.0597505412431477,1.25069913279207,1.42866757154401,0.0103475768922712,-0.356660625638825,0.108169035722601,-0.32607650429204,0.282145792388546,0.219565693449451,-1.02574504980602,0.120778755593606,-1.00231013720352,1.16075545705267,-0.349579084804194,-0.464290907900959,-0.564182856340071,-1.39994067996831,-0.484655409211399,0.676581812922234,0.149677936128157,0.0470753293928204,-0.265632782280788,0.450184009949051,0.623084727877686,0.312505762470999,1.06682682574534,1.11661100352375,-0.0785214031776055,-0.334191722674943,0.0934407105805302,-0.5567320439469,-0.0181794964646995,1.71114413774853,-0.105009091515668,0.446931130981774,1.41751366863701,0.941117406223458,-0.814070436618186,-0.428943889392524,0.620807486647886,-0.09965543493882,-0.516280110458049,-0.366818937752004,-0.290520634023109,0.955944670435495,0.745233615269162,-0.0667396984962823,-0.0974525750355759,0.996214022027485,0.359012922966178,-1.0417194490484,-1.00235398583762,-1.49232976868378,0.635195809770181,0.415153819683153,0.59781506309017,-0.387362254777355,-0.293421615846835,-0.488907179178914,-0.883407899093045,-1.8941884135457,0.682274960368478,-0.489818289251968,-1.68938261289819,-0.254560027773913,-0.551194730586057,-0.933640240605223,-0.702798490425555,-0.273865970142439,-1.12438042643298,0.763099998929128,1.33750548181263,0.654776192783285,-1.96688688766548,-1.23271454234954,-0.294898729380241,-0.407308354818828,-0.380360613628558,-0.164216734663804,-0.298495258082072,-0.35481140907247,-1.66843139292258,-0.0516028970970339,-0.642535086884561,-0.486861553672376,-1.99550836877615,0.167611052468817,-1.3513687937255,-0.433845574400051,-1.91571873830364,-0.757105904252268,-0.386482212887109,-0.0986257603039428,1.13339747615483,-0.122429981406849,-0.57931170913566,-0.584026874447667,0.674123030636631,-0.405974984359098,-0.77758484463784,-0.30498305223105,-0.235717095335094,-0.587558345509547,-0.590541691583304,-1.01385804157326,0.179135556513488,0.562829676336412,0.184671217270009,-0.212891308635469,-1.46713323396739,-1.36949093066743,0.461623349173588,-0.28589628761106,-0.203706679881448,0.370263138716786,-1.37020246684177,1.73986338394718,-0.58537272669916,-0.262781411845065,-0.749601345452628,1.13126373266443,-0.402592639940619,-0.277913928859202,1.14414839903587,0.362846509556542,0.339118025751344,0.168385562210915,0.680400936806923,0.0204748572703953,0.289208520925048,-0.539618792765512,-0.353064432352122,-0.529426040377283,-0.841647267009784,-0.37350466328774,0.0205462303023397,-0.890518530945703,-0.0270119392921242,1.00127780330185,0.752674791899313,0.850373493155446,0.255590510030163,0.639203417176195,0.457538077272643,0.733102359674032,0.871457805892191,0.137922287146267,1.40670751054503,0.900789216158453,0.77091464394271,0.523267056891558,-0.806540752740917,-0.316129175899442,-0.0405155180987769,-0.340496268486007,0.74327491693828,-0.725936038504899,0.99645328859534,0.250078108639403,0.454773364736417,-0.107290485786921,-0.162154172974346,-0.349915684485308,0.61177875684541,1.21148610342997,0.142195257391542,0.260475046508295,-1.07183729105483,0.397504595516239,-0.445030990292112,-1.16639722245387,0.44198449829215,-0.78900324173047,-0.868139386192787,0.204216300469268,0.397912607148884,-0.271024943943496,0.288939336662003,-0.715461511097652,1.01255878461065,0.562235359435807
1.4263394719311,-0.364625918968296,1.42535263418235,0.0945286430909004,1.1918426246893,-0.0952104603155094,-0.518620901251511,0.330261075698662,2.12168482523971,1.75247469478508,1.72389700148202,1.18355911809329,-1.48913031787346,1.74336251044859,1.20257267015144,1.45566384097926,-0.672320906834753,-0.927733316795559,-0.904156400855007,-0.140144247045268,-1.13489918747981,-1.1019544149626,-0.612886258143904,-0.905175259029629,-0.0771057174366427,-0.524530875174078,-1.18342882740718,-0.319018680806739,0.166877406959246,0.289946530266251,-1.69805673826316,-0.377044920241588,-0.162623691202721,-0.47549895818921,-1.31147982492837,-0.348737507315243,-1.06158729930764,-0.384319930332232,-0.819738400131838,-0.49450904074468,0.564992952396821,-0.411121316993359,-0.0780425088364507,-0.165485092641252,-0.00768253578025413,0.232431930987927,1.42350704928317,0.913909248486461,-0.24896054895312,-0.790360950857074,2.74852290208443,0.0746380583713747,-0.539930216770334,2.43357115350004,-0.482977813927077,1.08099752966803,-0.153125911257205,0.074298720878138,3.02044789188851,0.822676982634627,-0.753205997641289,-1.42672190695532,0.253940175529852,0.754768158864365,1.31265976858019,0.640635771569628,0.750083962459602,-0.188795817863428,0.455113655002472,1.16705922249958,0.449748064150719,0.938500097057754,-0.174858214960084,-0.0532598527971502,0.751008434567338,1.14088591435649,-0.388119493607242,0.971934434253523,0.0838048396187415,-0.958806988296324,0.460193881082313,0.325747355190432,0.615844278543767,1.13193895311557,1.15690188668973,0.194306164888956,-0.452883263035624,0.928818993195579,1.44652983202938,-0.325271748965705,-0.174569256644872,1.58037402028644,-0.573479080559862,0.864808653975412,-0.311150645139371,0.795723577990918,-0.0133682769757332,0.3104862566763,-0.765642843348339,-0.988583796090492,0.417220463855068,1.05363525720626,0.0831650282643527,-0.178955112729235,0.576992386087054,1.45087388197021,0.389996492369464,0.333755713622258,0.846189755110198,0.723447029955344,0.64521475697386,0.799855019998062,0.407221437871993,0.000312054229790053,0.541434224209444,1.2115485593313,0.0177362262382308,-0.143524658970656,0.61095841806305,0.28690591008169,1.01642986976622,0.991417147656876,0.418699803238506,-1.57076240238409,-1.73160935726567,-0.67020654709427,0.25192456381972,0.476091574301018,1.04902837135135,-0.299396938974368,0.517747542487287,0.371924454780766,2.55879878428561,0.0636123431319373,0.361184060925696,-1.08327652527831,0.0407910232134763,-0.00562790868356166,0.817611655059161,-0.132150168114425,-0.514017249043607,1.10933203134121,-1.49795569421444,-1.35000477774599,-0.742118787113272,-1.72984906906811,-0.619475046832734,-1.13393445285496,-1.06687380937097,-1.86141195792146,-2.39595044843816,-0.103428614868326,0.0961144194756244,0.895069605197157,0.102761667874786,-0.49714517640194,-1.50533987836649,-0.618335055160759,-0.904206350360946,-0.383097573114045,-1.22862261548482,-1.68818692259287,-0.145260597304741,0.0722623614113567,-0.899030173050008,-0.271284146258363,-1.06314245279241,0.595903396166282,-1.07999878888711,-1.00677318404979,-0.143143067514914,-1.24964407803126,-1.5338300132226,0.780060998221162,-0.129520549638519,-0.24381901364801,-0.0493445639320709,-1.0575378475777,0.0296807127746694,0.640557362206333,1.56884484562165,1.0367646923553,-0.381423394220917,0.37833575154183,0.47090512482843,0.0485479081904934,0.371203009988637,-0.330051840037896,0.782566459717245,0.690335360817546,-0.124979370170289,-0.210361108538665,-1.5970749919061,-0.946910209814779,0.145912232133007,0.2951471539521,0.00906998491586257,0.363491680604898,-0.765109836194203,0.410346422033181,-0.577929702922491,1.50435795802689,-0.583158878578307,0.675951508570761,0.820642909071329,-1.20444729624274,-0.314962813359877,0.921382791225246,0.707941275194153,0.50725916692891,1.06464697683393,1.63003091892502,2.77015093121804,-1.04343914594844,0.751620002210144,2.76694753351658,2.16079037388188,0.680102523843726,0.260030043809401,-0.311507174126445,2.95659937486572,-0.793753428995929,0.416519646669184,0.345934341738746,-0.608356485542081,-1.30035276326016,0.875661141799809,0.524756819199913,-0.548484878934654,1.63384227810386,0.428757168906308,-1.22562890263328,0.459097818175817,1.27736056522416,-0.287798115857693,0.54639209428202,0.724070492378835,-0.480408019436662,-0.305757573634197,0.309461448085062,0.346540276545705,0.248621095831491,-0.140344047996538,0.782200491561263,0.257112068306536,0.114405122684397,1.18976912800434,0.524697089917127,1.29263741639978,0.830186573243982,-1.42587008285117,0.311241665042451,0.0959131696005528,-0.793018153927549,-0.161665414168715,-0.673034088913257,-2.20293242870004,-0.0893160044510634,0.228625970481651,-0.451132785359281,-0.311369480789031,-0.914103592248917,-0.894922426537728,0.806477735766055
1.46741453805961,0.41773079268552,-0.475770481581161,0.473191065311112,-0.655396212665035,0.687164149670151,0.652927977247862,0.761390535668064,1.33630825845404,-0.509803680855392,1.5259323721215,-0.0813762044941112,-0.949514894673661,0.777616859922767,0.313801063845759,0.00392328462572512,-0.682791460136081,0.343334992639454,0.414941371516659,-1.5021543156437,-0.120082659884208,-0.0137848970801446,-0.304772063957434,-1.72884157473686,-0.800483982177177,-1.36846512449396,-1.09739328397291,-0.114517498969269,-0.63134694045324,-1.26621548277953,0.455664490305069,0.838172344125975,-1.25343610411954,-0.701966259808657,-0.182600667422718,-1.10829944492051,-1.29649199876438,0.196034961834913,-1.09434278493687,-1.00878718274974,-0.157774701348576,-1.95693136310094,0.565125340043429,-1.16955562751608,-1.32064291567571,-0.897941933979368,-0.275472736690389,0.7920226369872,-0.423648417495755,-0.614251366159998,0.372746920094648,1.12069286796298,-0.0920794575628453,0.0920644375742476,0.836402697001681,1.56470515146812,1.10955266114516,1.34685901913041,1.25577886889253,0.980845801573238,-0.501067238704806,-1.10130787050481,0.00427138054731655,-0.649156335793773,0.474148960542911,0.0729109777538521,-0.378633632614086,0.0230383256654929,-0.723134277929351,0.0488911275589788,0.0281223458884481,0.178052259525928,-0.392655023148739,-1.21241332141572,-0.66779178577326,-1.06384881892844,-0.944000696479879,-0.173720790436671,-1.1981368266943,-1.23275652574807,-1.05316277498541,-0.622600201841641,0.967455604698543,0.569482208262047,-1.28680081345202,-0.82821474617036,-0.282014894758119,-0.243895191974663,0.21742975506061,-0.950562895653079,0.0994153244702025,0.575640767547176,-1.92218344601404,0.584848189003465,-1.15328115612947,-0.320841940080895,-0.393571982948877,0.0275038478226681,0.377580124781923,0.00819436727786757,-0.595161632163411,0.442894425744331,0.0556467258689801,0.129781336809428,0.179728023014145,0.0276775744265584,-0.268914467964033,0.0272123622273377,-0.885141258254149,-0.401269524931071,0.597178509732598,0.611680362189092,1.38668322194809,-0.249037381239599,0.0230087604912578,1.80615714599845,0.33051299948967,-0.247223604623286,0.430239912595664,0.779951334083306,0.872424826682565,1.01997471615593,1.12566915399467,-0.780907973698473,-0.602008329382935,-0.45075466903196,0.695418192743008,-0.775512549809261,-0.642812571243556,-0.487240968003328,0.127994036129083,-0.33762373775673,1.31632740486439,0.593747149421451,0.491998688783577,0.109463969736725,0.239350324830967,0.413927581426097,0.169088444263312,0.29879617849663,0.902070508361683,0.904540833625569,-2.20597319591453,-2.15182791220758,-2.00252718977511,-2.42162708436065,-0.54365589257698,-1.78266625703089,-1.99087850928941,-1.31685694982234,-2.08620506164537,-1.74614924613997,0.824758380174732,0.57413809851618,-1.53662521219346,-1.76903551606262,-1.01015436508097,-0.283496708134492,-2.04708016888878,-2.01573716644425,-1.2334164552378,-2.86588323796906,-1.83794559732626,-1.1017388559079,-0.674276287394035,-1.6605417374623,-2.51154564799609,-0.447375552957644,-0.504493720203297,-2.35686258880323,-0.785223465127576,-1.14982054285054,-0.762454222713551,0.309553253684369,0.0135519953796573,0.507233310866734,-0.25190934327757,-0.903499318884656,0.606966327639685,-1.18888851792535,-0.840629717130066,-0.386560491118285,0.602899913133499,0.676955184381164,0.576097348676904,0.587525133110363,0.483332576633878,1.04579031787413,1.20898600923369,0.580405589235696,-0.352972823188753,0.0424943839211652,-0.0968744986370325,-0.229792629882097,-0.513725246991065,-0.155162087823485,0.964660937660804,1.23972182211669,0.0667177216410972,0.977261138890051,0.188645320294643,0.333041626295163,0.1117690973276,0.411978765145239,0.625540479702282,0.609192334683975,1.88696912426406,0.913573557512951,0.761081283330168,0.453749320182336,0.277702780398738,1.19576506677068,0.499644290579001,-0.0847941174130437,1.32495230686384,1.14891206072804,1.44810843747035,0.691521456413053,1.35751604298517,0.686482103419638,1.19765891799483,0.45771297019748,0.842248661143592,0.0967829846913088,0.192499496033712,-0.198105542931764,0.915191060328691,1.26473241639529,0.386758445148893,1.4559481760241,1.5588959871857,0.271983624451661,0.873063057659846,0.778177201015364,-0.690645246905699,-0.166287704167152,0.0133709077142358,-0.527127225141231,-0.114100818306717,-0.629405474906092,0.820509525616137,0.884160883326439,-0.321410645765931,0.998610569220262,0.0377472377363224,-0.846497353911789,-1.03746953209776,-0.805586930984411,-1.23643464352045,-1.44077691311452,-0.32691967119174,-1.27917183114729,0.692319519165764,0.0964276985106101,-0.285634981115045,-0.287079614098931,-2.73258143923174,-0.47169086596414,0.176350587533429,-0.519846701448344,-0.283699272127598,-0.76550611589077,-1.1947806821091,0.567529070418964
0.951605122397485,0.933194675985152,2.05436178142418,-0.403040377373632,2.61433818450009,1.39115545803875,0.258268215494496,1.31514800467069,0.843726374033182,1.48287380899949,1.25703260646455,1.44627289667393,-1.70875866627226,0.75369935968738,0.51291696185197,-0.00807070962067038,-0.32715157535072,-1.65826783397079,-1.51341749169924,-0.671318723660305,-0.865620651131802,-1.51350794208761,-0.901995023077233,-0.467668930300184,-0.558869524134406,-0.614457549652377,-1.07167772703805,-0.651255276845319,0.00586931149719449,-0.886926629433606,-1.47550660074842,-1.19907560638068,-0.0540998083827011,-0.694879506909382,-1.10523977154778,-0.381681263832841,-1.28012903274259,-1.50573728357023,-0.362230765437903,-0.0421368426337715,-0.880043604982774,-1.23106193327879,-1.50565092343606,-1.86311093409919,-1.45809552735286,-1.78116616473823,0.626844140560038,0.202458850676523,0.0261299606700045,-0.613372663868765,0.714445248457371,0.191252113801712,-0.395118820789508,1.01425868451127,-0.576605907458421,0.911386734199419,0.308188121897177,0.000526790518129291,0.0434062941477852,1.15462199419863,-2.2974215536561,-1.84939839109498,-0.231971455554783,-0.905297896977588,-0.493681663929029,0.115398209324253,-1.69586648074672,0.306257209000023,-0.958365055562908,-1.08171386303993,-0.835097976152636,-1.11194267822097,-0.895741384130165,-0.393911721254474,0.0329108094430491,1.88352453189846,-2.0393536212666,0.641141414819149,-0.605977796106645,-1.47106868164796,1.20595843788349,1.35362854820268,0.303254989390301,0.254598918360695,1.74953284727522,0.255540521106356,-0.331780471110399,-1.64958166371344,-1.60492778802802,-2.13253657881777,-1.02326681246265,-1.58531365884299,-1.43555984320681,-0.0552178115112585,-2.00205516347017,-0.820599239262329,-0.911070295900719,-0.0891354825918882,0.0169144484105422,0.207947177736161,-1.14393070990473,0.565982873667259,0.438076312243257,-0.730008885629688,0.75253034996913,0.862275876814841,0.240126523039921,0.273125800319747,0.603565987188585,1.20455336489887,0.718826866341635,0.59250810430519,1.06131416862389,0.310514918405989,1.04145978152151,-0.115962924945877,0.368070249993604,-0.260044401709789,0.0879862987714732,-0.416066192691433,0.429469546827963,2.04959150685405,0.132703573153816,-1.37831264134805,-0.333515465405357,-0.961481145336782,0.254970918036054,0.576768291517161,1.40431406274228,-0.244727316735056,0.279867649440202,1.06612294169686,0.45181639651977,0.116864523760137,-0.775722307963925,-0.675514419198553,0.940667958098958,0.452895523121322,1.3766062560643,0.188251677189038,0.919399949430406,1.32510807957181,-2.07648951219486,-2.64278360934694,-0.78376350692439,-0.714473065555976,-0.85293790506478,-0.821037513620894,-1.56436602476158,-1.1175913173194,-1.23878936443406,-1.26719436789823,0.588076026634519,-1.00823041440803,-1.14865808419094,-1.6292084095398,-1.2998959909419,-0.512257130441384,-1.00486410050736,-2.6747409949648,-1.11667716872644,-1.08334202122843,-1.29939118876801,-2.91771899087304,-1.04277338163764,-0.68557835227582,-0.578198905628542,-1.74650379529143,-0.436818544939808,-0.986435423222628,-1.56724300532475,-1.41403140797336,-1.44790086329876,0.19200753257926,-0.539149023095242,-0.312136493225105,0.70594771856222,-0.130065845425614,0.225935392531154,1.29501715292006,2.64372227661608,2.19337945434623,0.055423306576074,0.662672083171437,0.717905599632048,0.10640037740449,-0.131361687130878,0.422551162395323,1.17479186579654,0.676019056767696,0.0206800437557703,-0.0720620737504547,-0.525725541380848,-0.38036950225806,0.511919015275826,-0.805166532010036,0.750063373984908,0.739577685582432,0.0263830344462644,0.41106519297748,-0.360090525326596,0.495494970620201,-0.549359280813418,0.439407781627736,0.45456725053525,0.724139274278807,0.159182059559592,1.22489124807586,1.05441836936052,0.936006507498843,1.18467048227236,1.44492184412844,0.790814744135518,-0.8172718356487,0.64639980321882,-0.293301236666975,0.673196992553183,0.604316344686285,0.872944671892486,0.154142212028776,1.87134258714594,-0.0878398558477682,1.59492553763502,-0.855243266059833,-0.438722667596128,-0.701791140018467,1.37005089605233,2.03078826187567,-1.89033236995986,2.48762976489495,1.6304712940206,-0.291195642304455,1.65057753826234,1.60618536620326,-1.39473415754633,-0.627751213779542,-0.437085509835478,-1.10232545771486,-0.536453762800379,-1.28337907224209,0.527360012467931,0.85214952979132,-0.613113965646365,0.470401850534335,0.282664335350096,0.816446054226801,1.02715248795765,1.21583774520793,1.81468535418081,2.08127198790542,-1.52396564790273,-2.40655611097821,-0.00503536329792181,-0.65087452208645,0.301986902234439,-0.599308120905475,-2.5954089173685,-1.30810565400836,0.249748619694025,0.225789167818467,-0.00345682732001903,-1.35806594845088,-1.35001179139252,0.275365278340711
0.51770803225221,1.15766011670542,0.359858475785377,-1.55171250523536,-0.288722428472118,-3.22305614419994,-3.03469282061208,-2.639857223592,-1.23402577375395,1.05653821783607,-1.80554024081182,1.49621720821856,0.889683696438071,2.20237830425778,1.68159444028271,1.25845529336306,1.69087997823919,1.75486966395327,2.66032852953587,1.08483896271243,2.82534385142211,0.770503652628492,3.64743792826207,1.13293544379151,2.05925614997076,1.83371507894973,1.06700405345825,2.25459025410856,1.11468063168335,1.27692579603484,2.61544221468607,2.93895730989187,1.49287489819194,2.14150072031213,3.63453986850706,1.11889540226582,0.0147620940319377,2.86690503901603,1.16554695283423,1.20573178087311,1.7100180306046,1.3412580297893,1.99167070342419,0.874417896977155,1.43041462853003,0.746219874583807,1.18729143983627,2.12817259408426,2.27102272293204,2.75539393372073,1.2919048219638,-2.27155859181472,2.88511268722348,2.20648887804791,0.846807110914221,-0.967034766316438,1.08975419261597,-0.549730515180401,2.44962281553921,-0.858346066938118,1.20771937814052,0.550026782002347,0.560460821279997,1.29006586113651,0.880608921072145,1.1130127720683,0.93332069443425,2.0621377177604,1.82964996204994,1.02597838638179,0.683434059630445,1.84504065947802,1.37959224316555,-0.283576765252173,0.58735717579393,0.163409312227675,0.92167738865636,0.143498221630004,1.36049602177081,0.0805984133582323,0.600077763541351,0.615348186689028,-1.45300509998884,-2.20988607001851,0.568902934764898,0.85555302008011,0.216527978488177,0.367959397800736,-0.357501007735438,1.19915155033823,0.638035544709654,-0.574749167469869,0.358952148652979,0.856822590791401,0.901000449102409,0.613672356473558,1.81554245433938,2.79527505905467,2.66641797815582,0.891829203968208,1.95047496585413,2.27470885452393,2.63748264116053,2.64695982207861,-1.71380802146838,-0.785306704571845,0.565005295593974,-0.978456732679455,1.02969562728593,0.692918638969528,-1.75021086832102,2.41431123419038,-0.802957784567602,-1.47453893184947,1.50686508449284,-1.40569261643044,-1.59162339736429,0.250772029594832,-1.30509530806773,0.639994535840217,3.11018280082564,0.536831408639432,-1.77340604803502,-0.411338502217067,-1.55106102607723,-2.49938032374835,-2.84293190773426,0.319044758442328,0.423784340624664,1.16895365017178,1.1168393798268,1.35366840258094,1.24201280184622,-0.0463894351602313,-0.642016044489102,-0.356585359178462,1.66560914456892,2.64348376291768,1.73274542973746,-1.00004310940786,-0.650425697934269,0.364956482314538,0.121718190513888,-1.26128505136984,0.375518021780463,0.562145312541249,-0.632084623210294,0.767188083807842,-1.50126791810889,-0.867566972967057,-0.429604783390315,1.57385177564317,1.02310454242838,-0.274206621286412,-0.494078086842188,-0.562965223188181,-0.723807575137612,-0.446969025146927,0.333230832590431,0.381326485763266,-0.749911735837579,-0.807569624273324,0.476172673682374,-1.09901856017695,-0.720670024125755,-1.01385154332401,0.615516111880723,-0.499004282115741,0.310802722889607,0.102896434708584,-1.36744833934566,-0.921786358872971,-0.650784025093708,2.59399814228325,1.4253605218296,2.77558902611803,1.42880446917862,2.75440031016574,0.584672044574629,-0.868384050257764,-0.469213414032454,0.190584798124002,-1.55625643600366,-2.54752279148841,-2.48724524735986,3.09375985679132,3.21478028715647,1.359734228418,-0.737789201954038,1.54451085904972,0.607209677996756,1.25576992863898,2.57317409278213,0.384409307941874,1.65856483136166,1.35431262010432,-1.39631941042494,-0.134379651574843,0.698387158468377,1.40085880481547,1.2224732025686,2.97978989897297,0.294389267555795,1.07775646238922,2.66545288832403,1.85449828819584,0.404898836096315,-0.521811707454829,-0.701878585999836,-0.483451151300926,-0.479306198922569,1.65821320221813,2.40009897895324,0.293114603158104,1.28236006230246,2.58925846871555,1.69832102575606,-1.41167775801818,2.0916123337397,-0.208828708728203,1.35092136527957,-0.826156413129516,0.003078356119198,-0.0199481746781234,-0.49079917637386,-1.23136949078697,-1.32740151416008,0.0764627503449909,0.44068260442056,-1.40640075309872,0.582718406745883,1.54505776133834,-0.656906092205534,-0.757541725913877,0.911561588607172,1.12569122010222,1.59330155955376,1.11915317590805,0.405767388357083,1.00444665474663,-1.1020200753439,-0.62157756031768,-1.91133736127464,-2.38853384825271,-3.13262288193316,-1.89222139069788,1.15112538939541,-0.651799038861218,0.140933135846449,-1.09319929296634,0.0138058745581412,-0.442924835211075,-2.15742084079428,-2.33561218056041,1.81137357949091,0.0227136910218465,-0.64030604510241,1.12239096294275,1.47006319327969,-0.198656911185279,1.86372622650192,0.493320572307965,1.09076397401603,1.22786189307124
0.707070593255677,-0.264438862370524,1.15643280794257,-0.80379494043993,1.5558911226413,0.0995044137655985,0.280457362910691,0.164770664908862,0.473209260251988,1.08961471665857,0.625833430151491,1.22618502840731,-1.53431948921477,-0.0278047131330103,0.0460326482750528,0.574221755443503,-0.0104363934197558,-1.3044023140632,-1.48202759140165,0.212240362247482,-0.897436223285524,-2.8511553452464,-0.574110448285536,-0.586620081113703,0.299311736836502,0.312718409900978,-0.348468815566172,-0.552371654713569,-0.052067303364484,-0.750797177260978,-1.40353911050728,-1.14705566074275,0.286641261199645,-0.811463903607094,-0.407412067888183,0.362762537508306,-1.08080379812887,-1.2333794311635,-0.0324400424116183,0.191919165475351,-0.365609944467932,-0.190850516790249,1.30385004897631,-0.333451339133407,0.759356354474903,-0.0466021267464436,0.486795357649435,1.62378150123583,0.0398336843775362,0.246017597273707,0.223976888633977,0.490356713181892,-0.158075355670829,1.01250984534802,1.89305087551779,1.5031336415249,1.92838438859006,2.28578908829069,1.56129086738846,1.10293704644432,0.15043856200505,-0.0836533057792302,1.24252991922486,0.781795257397763,1.43204939107724,1.2920253663107,0.613734317834757,1.46897148002018,1.60135891626358,1.46190022214468,1.18353278872325,1.2030959603217,1.1833353062246,-0.272394186400299,0.292883687853276,1.22581505412274,1.02985657475823,0.711361493461257,0.959869199513212,-0.0421680881542977,1.78456288619741,1.53037097243961,0.216629260268741,0.461158212383055,0.924044657033831,-0.220792634323176,-0.551580352018212,0.480311441361428,0.0793327632764759,1.04313794344534,0.938270068241949,-0.829905090655697,0.758770012777206,-0.932850205448831,1.2574567578009,-0.748702399244017,0.339887465642862,0.666110558735534,0.830068314304347,0.313657052623423,1.07001824226333,1.71377619351953,1.01528849996408,1.23806922674455,1.34043167261301,1.30507840807233,1.21348151030097,0.566230586737751,1.21881158061309,0.664263303448111,0.30036177494784,2.92770835358526,2.88597101568413,0.0980623140589822,3.84747113925368,0.485102163626602,0.988509911802081,1.76752398781823,0.525526456407765,0.723598480792695,0.78453923487367,3.44889170972139,-0.0180346202665134,1.4933674643071,1.12590824764588,1.67335534816265,-0.569834491856672,1.4520162195692,0.881052210345525,-0.30739584247226,1.4651768924516,1.27605120042906,-0.180102609672715,0.550437277260082,-0.107609748030964,-1.52039658797827,2.76122209150983,0.23977404369802,2.47732508252262,-1.23225857079106,-0.557882912024055,1.05076183067861,0.880952356414185,-0.762556497882591,0.800549561658469,0.690844261246316,-0.295248593379128,1.23400921191015,-1.61475510962848,0.754574545799975,0.131516261906987,1.33536251254693,-0.207452814522088,0.0445413785178174,-0.585237805833205,-1.42390293588238,-0.399371887155758,0.567801541811506,-0.0526839877696243,0.761744278839092,-0.17036966129575,-1.44822198634359,0.0903170477054496,-0.70268247834026,-1.0738748936921,-0.11621316786151,0.400573646119815,-0.573129517024762,-0.318212446589863,0.0224134837334081,-0.649608228607271,0.4133052361908,-1.08793476916375,0.937464906606265,1.89935913180301,2.18214823108655,-0.101837163572804,0.36646401185988,0.987297295477436,1.21132550588309,1.22737851615649,2.29829467840403,0.182252611518049,-0.185923058063414,-0.280187298291472,2.3954060314538,1.820671898075,2.32834619433381,0.664124810331282,-0.321433229042076,-0.544728278958832,-0.243931720167591,0.103347811670422,-0.22156033069297,-0.166316394384422,0.236699808393933,-0.000498417011779889,1.35136720027754,0.315169278128633,0.901062201228796,1.1063029182889,2.86272727954617,-0.894943945670788,-0.741221638655865,0.462304420596514,1.77837541687148,1.46417621556343,1.19217063855212,0.832127258515631,0.746838109476099,1.00231212339408,3.20267314975143,1.27190384667103,0.498238677495224,2.64928247407901,2.00839530523748,2.4413797275119,0.00536971200187651,2.31213362475487,0.997858667608229,-0.485007937919481,1.2162695157593,-0.777958233685661,0.101692998135964,0.577300130764719,1.88230479168526,0.342165259397422,1.64913988580109,0.752808147529755,0.952411008741812,1.02740411025672,0.636881080359147,1.0839400881851,-0.277607983668939,0.666175392724599,1.19602004588888,0.832208237946934,2.00918153965247,1.63923949313988,1.44190809087613,1.18225215825227,1.69186828214334,0.550052593913583,-0.26394764852358,-0.0730415289839,1.33191872501195,1.4655767647998,0.0592452520073808,1.97314248003121,1.66534315910282,-1.78217535208164,0.484867951574662,-0.147342642427781,0.965827608590691,0.824043515205623,-0.367041764537455,-0.314394560648454,-0.759249476358714,0.161052869235874,-0.185548013395718,0.170402006992012,1.86156829239144,-1.25731312769053,0.207122846352334
0.409213015728367,-1.09360490194988,0.465925360057315,-0.704677622699538,1.1446348393975,-0.196598958867963,-0.445892088888798,-0.367023189789284,0.249185239816919,0.460662866238954,-0.328737280831651,0.584242466021469,-0.708763404750156,-0.479536360128874,-0.35763809863059,0.38836907708566,0.614793901048062,-0.337299531907522,-0.444666402709511,1.48538948600777,0.650330585672334,-2.05325000919502,-0.199240384318423,0.348624933868924,0.535032411059529,1.7360875071429,-0.326715762289517,-0.010374314905835,0.740294431316949,-0.0643500027756813,-0.079599928824317,-0.33502042434012,2.0123680021217,-0.569902073951491,-0.105321366988189,1.48243219804033,-0.83783104629669,-0.736350321466427,0.538293775278323,0.14653117476651,0.385642249828105,-0.308207453456774,1.12673280052403,-0.0139876181675462,-0.0633647637555098,-0.169270648303703,-0.449122797935383,2.01178819679544,0.816005827312446,0.152200743745498,-1.31187079063378,-0.197555278970819,0.646002043924327,-0.298586214440512,0.856652853663849,0.280078740233328,1.23805266610274,1.07715740992892,1.04002617771998,0.180078341461494,0.715207275744608,0.854933337521218,1.18134132852177,0.852185247644306,1.66760332220635,0.986717515221982,0.535381692470242,1.56581530471809,1.26283497579114,0.754387380827333,1.05954615342486,1.75545236516079,1.68639889338334,1.17701361294414,1.51157110019001,1.70769816743287,1.10512770108235,1.66078667760525,1.12734371984391,0.787916783102517,0.387586331906507,0.173595605842934,-0.442878824797036,-0.369384255566078,1.81224139910481,0.0957791521911897,1.06652611733819,0.612901297223326,-0.26630206830472,2.04675377149739,1.98148769620554,-1.04924062022539,1.18974087173666,0.652306119148709,0.810699852199328,-0.515539191818501,1.92862858192796,2.30198914435273,2.25707566537857,0.960571528764288,1.61420766608962,0.562231456283189,0.492982048833701,1.5161397563795,0.58712909991548,1.26333033555723,2.21656656479325,1.39342175492412,2.19245234402338,2.06545364498459,-0.26386975407762,2.80698966371625,1.78368536009563,-0.772218182438646,2.24239894041207,1.49561016665246,0.200935413599614,1.67294073693932,0.25213111811691,1.29312163081579,1.80555477995484,1.82675464789385,0.00887814443665146,0.737676268649326,0.599334406217198,0.872256412610922,-1.12640099472131,0.476449405857017,0.313753391884404,-0.433820270099639,1.86710840615677,1.86294888244117,0.0364995628102218,1.34205233596622,0.224789088476479,-0.293465768033117,2.47354892708,1.07654508159619,1.67680440160098,-1.21090037293588,-1.03197060665835,0.825964607816489,0.124062111638394,-0.814328566948739,0.766827575281456,0.446377881794689,0.250134600972136,0.452982399910504,-0.744251773722911,0.407849321656084,0.180436923533912,0.884283625811806,-0.865015959570931,1.33013360957608,0.2680080221179,-0.351003770160353,-0.0936600220024002,0.038628766013571,0.884384933725699,0.856809422485803,-0.095766745004301,-0.942692447896329,0.421806167287472,0.125858385640395,-1.75973677058711,1.47014788212511,0.531207217856252,-0.0524494463047239,0.0277313281677892,0.114933424355916,-0.707193398171293,1.02763908041703,-1.06742785396671,1.25573407442481,2.12573647138615,2.32010371241463,1.1946361538857,1.37138511539993,1.72355048889729,0.510326672238202,0.738115782640874,1.80321100047501,0.589146454690953,-0.688451673681122,-0.835878046016433,2.94081196984551,2.48615847859874,2.59323391958062,0.611493227914188,0.759689230721229,0.636442431488218,0.280838605715898,1.04941153910202,0.446392732568351,0.931857557699448,0.986809217543289,0.10538184006012,1.43838639932344,0.605154766806825,1.28779054505321,1.87273476151884,2.51568374145319,0.515188743875971,-0.269759899050266,1.12447974106419,2.34976290208718,0.760244508737991,-0.05498960077215,-0.0897400022580842,0.0205302830126569,0.525032758129727,1.49433201355678,0.554635148073595,0.922982546311326,1.56186918348447,0.768726078034177,1.19093551647598,-0.509868726740797,1.28637003015845,0.801159025862513,0.22841135907493,0.851936064303763,-0.252638778485568,0.541456959902727,0.716145706683815,1.57126458032572,-0.962338488751358,1.86718964311157,1.22820432202776,-0.430880386888966,1.04901622398273,0.871179231683695,1.56911615867818,0.350895643962583,0.776679657371781,1.77417351521129,1.49234624799939,1.74551805172215,1.19097082981375,1.7436097385241,0.248797367335048,0.701173893896786,0.383904407278376,-0.899176847138158,-1.11744141154246,0.296716428005567,0.197031275000043,-0.080909264417139,-0.593280416598494,0.60871200763757,-1.64690332980751,1.56988630060119,-0.673328631473018,0.380216100875084,2.36982324435205,-0.165715757635076,-0.0309219678652997,-0.0609460358052439,1.12770012558636,0.934710865372471,0.790196406056947,2.63340909077133,-0.596417733821656,0.532665104061715
1.39673903852955,0.807287950742674,-0.205692023007122,-0.301804749770663,0.86358465585803,-1.32707032592029,-1.54361241332175,-0.623162503671051,1.00214397158605,0.91965885471131,0.707354303485719,-0.352678266363758,0.628099031446341,0.44144602259796,0.363266573846593,-0.26837393345031,0.415716502250253,-0.201526341943996,-0.203354855995233,0.862863833948594,0.203933849149461,-0.975588162102898,0.0664923108517022,0.872998005140458,0.637072340805721,1.09802828460929,-0.310357188042528,0.83433762481701,0.955098286239615,-0.0665922807819748,-0.481203599068642,-0.0573833925007851,2.14518558168155,0.525528026681262,-0.255231375408742,1.70252003412236,-0.150866357783631,-0.386756114328978,0.236370534358903,-0.085286932023538,1.96575097275862,0.269777364425151,-1.47711196752479,0.104178765301299,0.12277340996662,-0.433835813584665,0.066957817329817,0.704032073025931,0.0863992005714935,-0.117828641407019,0.313695066987397,-1.78961576350992,-0.0517038533220903,0.359706191017288,-1.60977689701816,-1.12996392118681,-1.88311008357769,-1.88700825049422,0.893809671464521,-0.856377003719794,-0.385009278096596,0.582159402839148,-0.578660134411782,-0.0268073598195402,0.0739690681391866,-0.155878822303068,0.487615545948264,0.0112640950897534,-0.0594550253035297,-0.667831807937934,-0.313790519242616,0.39793522495616,-0.0985954295444428,2.12633918429631,0.344749391181001,0.750008104359003,-0.531001345014463,1.58056321433078,0.285232322976599,1.75306541624756,-0.457837596670242,-1.02728620940914,-1.09469983269676,0.313186072948949,0.0728935508262623,1.19839447276551,1.52450455039196,1.89597154249123,2.25275494739298,1.46409978476514,0.646096407322993,0.712471828352774,2.25517726631506,1.85261035048849,1.39942125218967,1.09965690169613,1.6873187488528,1.60791005824799,1.87237608253532,2.48269112222823,1.6670518056159,-0.676751645728397,0.261843134340832,1.25690143402923,0.417041423056887,1.03137579062144,0.882265598170964,1.09893957124609,0.674691401262396,0.224535178871093,0.0714574770699591,1.37379540561035,-0.44247205488649,0.0987878534441744,-0.295923078412811,-0.0701074239605016,-0.397081033411025,0.827405540442219,-0.0651492532560656,0.204643137818908,1.00288804868877,-0.321299949159523,-1.35924954581678,-2.24570995096168,-1.8552994533836,-1.24883192602899,0.0278045670496715,-0.516675296035873,-0.223333499953014,0.8686689059647,0.132241600506959,0.0456429725151681,1.59831660345059,2.53337820714164,1.74458424009051,1.27108441734525,-0.474432551128915,1.4622580547813,0.328588792737801,0.354473164779153,0.367035605591772,1.73620625531251,-1.38329656842555,0.262154266647834,-0.0589284694147113,0.57724967039315,1.46415351921929,-0.549438143012671,0.86634450168719,-0.442351618757608,-0.217012056108552,0.578920267372081,0.41167185462641,0.85171708698882,-0.216536267587553,-0.0645459447172475,1.22930311112088,1.01703183541901,1.38645445427073,-0.569435147467893,-0.042715482042028,0.336817382205866,1.50823089230392,-0.00409587547022629,0.645824587714949,2.28269055318012,0.742292595319362,0.781217939970381,0.803068949037535,0.364312298818092,1.17019817148768,0.54760792330213,0.27040794948923,1.97100798057843,0.808308014117967,0.0745660196819466,1.58923845884863,1.7550520675997,1.74561216146063,-0.26028024259902,0.324139172047858,1.28451824673167,0.0970756248972148,-0.222518916955417,0.143026828967551,0.901481875159793,1.80801454963529,1.10353291806267,0.276079553017917,1.88082587238264,1.08459342156676,1.30713891488622,1.46689740500561,1.93138212971304,1.77286513501672,2.05703222996786,0.332354887424223,-0.122566586078962,1.81430333826162,0.0239636704936924,1.39750955227083,1.87429694610002,0.837122852633955,0.728474049351906,0.647618758156121,0.863499107443547,-0.912589306227573,-0.367561707019546,-0.0209528030357463,0.329432185548754,-0.460827268263497,-0.430558766645069,1.04183821713758,1.09435020127879,-0.367505666073472,1.24615190790391,-0.0597903582775227,-0.00252988801029081,0.976494178310179,0.521535618145982,1.37940245278969,-1.16153301685577,-0.135044823274298,0.210120662565567,-0.788915839279217,-1.47058163130137,-0.420456996954448,0.300555554211666,-1.10286645038898,-0.299636727801438,-1.90055053632618,-0.447960349282749,1.02909373394001,1.23887958467257,1.16827402325718,0.215798618769072,0.191190254128488,-0.649684259192929,-0.604698072079324,0.587302565014027,0.350792019947321,-0.732223012795272,-0.79038462643165,-0.993979676295843,-1.46843853647981,-0.429660394446237,0.14297606582718,-0.213593516720942,-0.412142604071755,0.75117795824491,-0.762691864563967,0.849490238893053,-1.12844451081082,-0.339282045393266,1.99889337253846,0.909387959530185,0.651993745878086,0.582101573051189,2.16561168469105,2.48712956231987,0.849347758462255,0.475853692254696,0.0587294628848137,0.0330724372748556
1.68270557518093,1.07994275693232,-1.44137875913473,0.836238843763317,0.417855493084537,0.390474978764428,0.798167259451095,0.976749547618592,0.103651685097079,-1.85914077953492,0.560419483117353,-0.396699569725963,0.112838535106749,-1.31552984978954,-1.57534074492082,-1.51869347131454,-1.89141524821694,-0.628214859237503,-1.03724498752991,-2.44426485612837,-1.62743939117495,-1.01745507405246,-1.23906557468888,-2.32286964642146,-1.80317436193132,-1.98079586469087,-1.33308933297673,-1.7433087415641,-1.9036255074534,-1.82402319695963,-1.15092235504708,-1.05594608242597,-1.59820513164084,-1.96516051389272,-1.50236415125845,-1.29087536816659,-1.83677294215474,-1.14971255162601,-2.04601834957031,-1.9801659054774,-1.17474280118639,-1.96762971207672,-0.902409130474071,-1.48365175913478,-1.67221392695651,-1.737349956817,-1.3605528279133,-1.09664614629925,-1.79506342873338,-1.78785584418362,-1.08996028610525,0.173548195711989,-1.62458855767616,-0.65722234943912,-0.175687446931088,0.732291234049524,-0.560460464482288,-0.549663215459946,-0.537912806059679,0.122362662008967,-0.829565964608655,-1.22013151147597,-0.903932646296075,-1.43485928862307,-1.398293956157,-1.02182599921224,-1.12561348563392,-1.61489161338511,-1.68730538914121,-1.59775274913005,-1.32501665117226,-1.69542666738393,-1.04716611464911,-0.558740087937363,-1.41967949600532,-0.390186562376369,-1.01841841137012,-0.163828871790764,-1.78426838993988,-0.220451007569675,-1.03747994947354,-1.0728147348222,0.035173514262201,0.430390278128562,-1.59474439847617,-1.09945216159706,0.15422543746255,0.598101370515337,1.63166048712527,-1.25309933667782,-0.197208909094145,0.705789116320764,-1.1312862687395,0.267370662981925,-1.05389368449327,-0.41326953079205,-0.328404619816105,-0.739176238963367,-1.07717813813492,0.44901541455853,1.2719065747544,1.17159003828282,-0.379641138332505,0.203775818085964,0.659652049836348,0.437307830002078,-0.593756159527902,0.0593246857864169,-1.15670892143825,-1.1737692803866,0.601309995679344,-1.28478981050613,0.584321377980694,1.33040511962031,-0.103847910151356,0.544856131371799,0.192892830317416,-1.20757602251266,-0.719362780358315,-0.692289552634275,0.0364452527017756,0.883193170319194,0.950333104471594,0.0384456900584186,-0.568672163176264,0.0778525371023028,1.13835880603398,-0.787042410884435,-0.205201238935183,-0.898971464428175,-0.482373910792661,-1.17246713018469,0.539779897434838,1.81850439035794,0.958910499369134,0.807086220326635,-0.821043573738082,-1.28700873517607,-0.921184038760865,2.33540469788616,1.98361579385476,1.66816456903568,-1.94806694380706,-0.183117398757826,-1.80251819814735,-0.68508266175173,-0.161564081167081,-1.60169934608034,0.0736176013405119,-0.541024784822495,-0.114570921130555,-1.61741477877884,1.63313058175065,0.808404425988578,-2.51456550746312,-1.90416718931002,-0.877794966591384,0.967276226526309,-1.90268166603244,-1.9672612570535,0.202901290116808,-1.16871301358405,-0.61280106548639,-0.0799611414483405,1.27885433354987,-1.12918714188296,-1.3695138602963,1.69667419970043,0.0745388355928619,-0.427396925917939,2.40017163190743,1.23007766655147,1.7400514615369,-0.842155873506701,-0.414983701571452,-0.891932424765048,-0.166243802734062,-1.92438397493115,0.116579512822293,0.216138877662022,-0.56426499967402,-1.25378772578872,1.17497623547564,1.12981998855251,0.995578480077339,-0.958817129055269,-0.956596714044389,0.753381006136638,1.36204611129188,-0.508620624175193,-0.352691739020554,-0.294989286945743,-1.74727993258232,0.554621141635295,0.135180079097073,-0.48492073957154,0.705215950695018,-0.397970424548826,-0.469059091094168,-0.327635315379768,0.325338949478889,-1.28048937532757,-1.19856241600606,-0.534102069143971,-1.16740683877168,0.643466933696486,0.280033675574391,0.439765034434764,0.564862585890322,0.59118118730873,-0.157500516659378,0.0604742815758021,-0.885633811562144,1.62088036272002,0.84512729394033,0.313856278650733,1.20823192020446,1.46579838489961,2.05849706512905,1.19887928328797,0.569512943071042,-0.885953015859774,1.29205157316425,0.42861626085298,0.708046628246351,-0.847265929921277,0.852442069123779,-0.244874828573944,-1.21066050457512,0.822713763166148,-0.69689291204418,-1.52728909807105,-0.013368701187878,0.649254312929992,-0.738036922537053,-1.79366820065679,-1.46736642714171,-0.162935327240267,-0.359648292228263,-1.01017081599605,0.0326684242782661,0.0361433323410833,0.0467669569063425,0.564088196000571,0.672314157308577,-0.375813246701404,-0.506706950940628,-0.698723889979118,-0.191169712956436,0.255670627745031,0.702471683911379,-0.849283695289949,0.530658493531325,-0.110243033910809,-1.18201301057761,0.191777450796862,-0.39723829545824,-0.375973926489983,-0.574657172291663,0.279032016717394,-1.45633474874428,-0.485640089678837,-0.282873408000379,-0.782771027830503
0.0134153808282889,0.641461604772334,-1.56287284631635,0.999377172402293,-1.23215761569933,1.55228840816003,1.10829362977755,1.01062628666736,1.28610334364999,-0.445616497320939,1.54551262760768,-0.932791422710827,-0.479548527694068,0.209774198421874,-1.28267536509512,-1.49561740444097,-1.22435111166456,-1.24738439018256,-0.612287624251879,-1.59308144698453,-0.47983776472798,-0.648924485848563,-0.825374128470183,-1.75742447438944,-1.86010904628148,-1.13382973856145,-1.40173350205076,-0.926585391261465,-1.76735446058598,-1.65838503836477,-0.839810561102045,-0.518593005862585,-1.12922020118924,-1.2310956425558,-0.918508067017042,-1.50457172499665,-1.89033055197994,-1.1042793524071,-1.33366250285179,-1.3434108375447,-1.02223896604301,-1.40904226817542,-2.09710773783917,-1.34358575149277,-1.41615935272694,-1.93302654935004,-0.685296947211668,-0.275388243365384,-0.0592978970244145,-0.32526728078777,-0.291640425195683,0.921524558281439,0.406178093037367,-0.319690039445552,-1.03774874219275,1.0465396993167,-1.35767992247769,-0.0586048489828049,-1.9684387719752,0.9969853012782,-2.30114870254536,-2.04275887532429,-1.28304950919287,-1.04235406963482,-1.32999180378149,-1.13651226378928,-1.8211523215899,-0.663233587187651,-1.15981963664669,-1.56100771177198,-1.42597858386025,-1.67095297137655,-1.08691145285589,-1.14043990349971,-1.04811323704584,-0.801296366953982,-2.56139277588937,-0.130083624977537,-1.66309452816566,-1.88927192096128,-1.3290315927413,-0.527618780417493,1.13265634241279,1.21199716045634,-0.933587312016596,-0.221335238960645,-0.483270244755755,-0.560240349910241,0.141561847960803,-2.56154200955747,-1.70815674941648,-0.215239063377746,-1.76809973213387,-0.272391688077411,-2.8333331756807,-0.650164245136241,-1.30414967519457,-0.464567379917017,-1.14668722621366,-1.04081357396256,-2.11930588759877,0.010685580340191,-0.368981256310512,-1.09396450586199,0.629579735657637,0.134505771805747,-0.945647468906225,0.0828988390227517,-1.21153027741763,-0.796797076050385,1.30940702694341,-1.3288614489851,-0.732486863820389,0.851648027052325,-0.995954422954247,-0.0781062861487961,0.98437416663307,-1.06800426561824,0.0640924230826503,-1.22357649187352,0.714428391943966,-1.53053621093147,0.0678890898624957,-0.876026608480884,-0.490448389916146,-0.269165292069288,1.68816341320484,-1.76757481682269,-1.39714489649837,-1.00545565218713,-0.586463962827632,-1.17869043299718,1.08539461704992,0.84372548640705,0.231945999602602,-0.272052428026537,-1.21802425370039,0.468949614320537,-1.81014800077871,1.42926493167982,1.67125886474362,-0.105822862178012,-2.70252120881638,-1.71728487524469,-2.32038092017837,-1.10348441535973,-2.24556933987546,-2.33978661333013,-0.608292337289992,-1.56233787037289,-0.574609360316547,-2.34903362576302,-0.734845011556967,-0.523303084405846,-1.44629590310779,-0.828811251839208,-2.21740645280729,-0.0279566585846771,-1.99983786975552,-2.75054447668552,-1.15192994051034,-0.603026235659567,-1.71568760260954,-1.16950579035083,0.291719298299442,-1.98306866485342,-1.14743055127197,-0.391150850996234,-0.930116531508111,-0.532231944145235,0.720795866432561,-0.100673486255545,0.457157221570554,-1.24161316617498,-1.16810691750686,-1.59742172459329,0.0491233598171263,-0.827405875229986,-1.74547937713346,-0.88420176593917,-0.737406683308878,-2.03092327697848,-0.0776573091930951,1.62283746724699,1.54940054676859,-1.35046768811413,-1.96672251422825,-0.659445160198869,1.57032247558673,-0.0343653536770417,-1.26825758741502,-0.480056060398587,-1.36478529539978,-1.29395907885218,-0.55646357329137,-1.15978648804304,1.38767906614223,0.847710487649481,-1.32971836824911,0.419352511222226,-1.52575309021522,-1.61311817534753,-1.4825468477457,-0.515507667139682,-0.672439973594319,-1.89695397063506,-0.0688786508104819,0.898611715855115,1.36090313779245,0.898750326366578,0.965959681616737,-1.64671723789326,-1.16113707800997,-0.510238729786999,-1.7325299746372,-1.74728866206783,-1.62366961619598,1.54626167079404,-1.64070958906613,0.521746689218896,2.13346437565522,-1.06323491789091,1.43447018683693,-0.333460344422004,0.0161721138894877,-1.06216017503118,1.46315084218357,0.388925757923237,-2.42487022446224,1.5269592057396,-1.10643893226163,-1.27865622415734,-0.229560074701568,0.539355704482705,-2.12581082086353,-1.38258207736189,-1.09199760360225,-1.7620144476827,-1.14205178444697,-2.09844748037022,1.22921271203989,1.23533669049978,-0.773343024108805,1.10515727898708,0.715163238470624,-1.44777224101758,-0.945539718147161,1.14939205963098,-2.02268908527137,-0.741367650978073,-0.423089171807669,-2.12750562418612,0.234113560514935,-0.245704808841168,-0.660420558854076,-1.88784181019525,-1.38697507075546,-1.66348073179842,-0.949675435015029,-1.44619050135514,-1.84857639550576,-1.56295063193636,-1.17200239774967,-0.962514958972506
-0.238234828741887,0.55701665216686,-0.761342274174644,0.938199087972118,-0.154097340771561,0.121071595944959,0.171333509485049,0.59620497964181,0.646480029908792,-1.09596580364247,1.04711479211888,-0.606569764330261,-1.27080490330776,-0.603282851177039,-1.0453573874539,0.286459170889915,-0.233251108472433,-1.00999055395002,-0.857430211550447,-2.35731606184786,-0.81819445934713,-0.756980428983239,-0.625577175890139,-0.894011168853233,-1.23669222386959,-1.99980458454392,-1.32693010532734,-0.112664259865242,-0.740067067868334,-1.72268897294696,-0.449764778868372,-0.504375305641913,-2.39117636453012,-0.43938012483117,-0.516377260463653,-0.903140293765941,-1.68650216833199,-1.34790548830272,-0.804463870830038,-0.341186382139632,-1.30642530489805,-1.08675465628702,0.281869842148333,-1.09407841385186,-0.615411475895617,-0.770137434629828,-0.379005674474054,-0.654205351568876,-0.38858729308685,-0.856395920154862,0.782433705997914,-0.135174080421648,-0.576103529983293,-0.0252384038416552,-0.0968013164548875,0.356975453685182,-0.201422970929678,-0.0990707340462472,-0.0149907846816353,0.0300334563041248,-0.6965967066335,-1.3365068546508,-0.846642336971368,-0.636108388412956,-0.698301437393932,-0.579817494381174,-0.272233853977539,-1.14832624079015,-1.52623342191762,-0.071143145640468,-0.375198724458442,-1.06992964458811,-0.396744568427751,-1.61544986384261,-1.41119764323639,-0.689099824436221,-0.696765844031354,-0.0949910063100756,-1.17774024585314,-2.72739415495593,-0.223415538210924,0.40685813356631,0.881061400749673,1.34055593715795,-0.417385634989376,-0.34105587174184,-1.3697773253272,-0.885718331920432,-1.16941320502344,-1.5888822123022,-2.22375302456983,-1.06692046386665,-2.14985920792276,-1.85730223656595,-1.29475217289906,-0.541067420429728,-0.328136662178988,0.174658391493207,-0.916874055594981,-1.02024546989874,-2.54863895411058,0.22258002030489,0.658696785446659,-1.51534576691233,1.06281457777978,0.430751845415266,-0.988452237222576,-0.781084533965093,-1.10435771295469,-0.920898702985676,0.925001566705694,-1.09195934803056,0.32084638251605,0.984112491330579,0.169885865870895,0.0244579530567629,0.870399375952181,-0.57519026224438,0.0537001633401287,-0.521998381562497,-0.257532998573877,0.611952667942589,-0.5191437904185,0.229191718699582,-0.448535589277017,0.335473257142021,1.40934721942391,0.160878407596333,0.525712470895087,0.333503174504974,-0.359696861077857,-1.18617407101126,-0.16965379141786,-0.226465730151553,-0.620325011557468,-1.60840528037393,-0.519215253943778,-0.42796261309235,-0.37900883976738,1.89180359447596,0.689274349215285,0.313717184108453,-1.36966635368617,-0.167785451722358,-1.15166142553602,-0.218152317553387,0.361122593290386,-1.00722231601344,0.177561954649958,0.0306849629720761,0.0158964569910728,-1.12486117675718,0.343804603135068,-0.786003613246534,-1.2273122837396,-0.485404220539719,-0.218432072296661,1.51660737223802,-1.39354170037853,-1.23154926800087,0.604159248166823,-0.146959420293316,-1.31805011384566,-0.167658348808337,1.27819980446337,-0.741909935565001,-0.364211348378053,0.684231796129568,0.542013724661953,0.074575581534805,1.65472856710591,0.475260249631979,1.12925545101406,-0.688089037639158,-1.13099969771114,-1.41519301296483,-0.744350947904737,-2.15177634776148,-0.584388663144323,-0.298115758422784,-0.131902592812433,-1.19127160530804,0.0121725325366845,1.44380971613033,1.01642371869862,-1.51586718161698,-2.12871675065032,-1.21111950788313,0.868192751562605,-0.307914052886667,-1.50955097654898,-0.271628880012737,-2.18102783877358,-1.43379990141941,-0.69814673614118,-0.675114558192897,0.335883547296868,-0.400845687216548,-1.31661739728044,-1.64399264828579,-0.89359987320261,-0.880466197379881,-1.16204612368508,-0.275592454996336,-1.31440724684414,-1.69531448922452,-1.46936231305015,0.078580017100467,0.15641127880583,-0.0214997322808521,-0.00425762652223877,1.21910162209796,-0.187552233889592,-0.177133039696865,1.56867089641567,0.241705227424014,1.22267672372517,1.19334448338731,0.00476294817124869,-0.152886755373292,0.361401139489056,-0.840852254519249,0.377879703086709,1.0456874197509,-0.224509107547811,-0.245701942642623,0.975963895250389,-0.20808993820495,-0.977048208321505,1.18793322134852,-1.08504035114082,-1.27067344010123,0.0938515229124442,0.499578893909283,-0.915790111121262,-1.52980105940549,-0.670326374750642,-0.787901203761547,-1.09912623947975,-1.38593208883186,0.349401702645086,0.611218651439277,-0.604564817597469,1.08687968599802,0.768089066676267,-0.783803281116421,1.08706094236347,-0.632060676578064,0.125856674492287,1.00345857314312,-0.605665728498053,-1.50449651702514,0.285252263045737,-0.310681507080754,-1.82330934747533,-0.946630520223945,0.0730056773960336,-1.21479870079312,-1.57159302659028,-0.649362808217799,-1.93875403071988,-1.38949160933174,-1.88664655916964,-0.71596317857551
-0.575505318919361,-0.4051255220122,-1.75106761182299,0.1187628930698,-1.39244796170302,0.911136791528867,0.700813719106072,-0.14174449151388,-0.538137480105089,-2.14741172364278,-0.643222103989837,-1.99266483689779,-1.41805989519855,-0.956675889770691,-1.38481977007929,-1.00926806279438,0.222708915558736,0.530818829230703,0.820247952169478,-1.44391171307209,1.23102073488247,0.466029420068093,0.369973669365831,-0.636642779707998,-0.464946907395325,-1.37433613952839,-0.0182778947434638,0.188014533542431,-0.627373815115656,-0.336912941981567,1.09370612717047,0.796204323215415,-1.37188884385786,0.0475857205104358,0.638775532721724,-0.764424766948593,-0.552758899990103,0.333036831505079,-0.0935762097134056,-0.0993909428947551,-0.945892719889748,-1.55657001768896,-0.765527383364657,-1.20561191871859,-1.51423523475898,-1.21474089116919,-0.8597267139829,-1.33196785142628,0.922410302443348,1.01437824848539,-1.27683049271988,0.932533615624094,1.33636911923689,-1.41083349187791,-0.550099741868844,0.133157041015138,-0.405977008090518,0.733694765632211,-0.714002187147397,0.0564326154027431,-1.08658795198607,-0.60107113066716,-1.10774686672749,-1.56099071063916,-1.64915970213573,-1.05747210314455,-1.39814341875341,-0.881307076278219,-1.76381891058295,-1.16042315751718,-0.860132854696895,-1.59574940608942,-1.29808633974942,-2.52755026887418,-1.03804741782241,-0.430880439842521,-0.470757437565301,-1.43754065772615,-0.929093348391289,-2.63705668367245,-0.655904017412181,-0.558100752690876,0.519934791811695,0.478462944231451,-0.62031797553043,-0.359290899719131,-0.379555179619511,-1.82088229451986,-2.29766071255812,-1.47418364920799,-1.23214667848095,-1.97797149435022,-1.93140415979447,-1.37694710632162,-1.7911736689537,-1.39423370783933,-0.460781431094071,1.28424437917248,0.0876355031268393,-0.951264915702987,-0.258775904987406,-0.288778132930896,0.696307159860538,-0.735778131059161,0.18437027414599,0.245166631707147,-0.666858553512826,-0.18666567693728,-0.936787972664844,-0.341361250999439,0.653381869931013,-0.785861176936051,0.513838068519507,0.175163238250604,-0.802338199238942,-0.622720149817031,0.0546247971923871,-1.06486135850134,-1.46652882054995,-1.15946209893391,0.684263885870317,0.484657453632468,0.114743483325713,-0.114547708519505,0.354997560680404,0.822891146763713,0.766098508843622,-1.42932325755961,-1.09665294617793,-0.977695250648616,-0.170153467894939,-1.32972231060044,-2.18907125658237,-2.21531602160875,-2.03881269597174,-1.27433022456159,0.28142800172521,1.05814678573359,-1.29192262498201,1.20301434073872,0.0907675837342312,-0.529238971340197,-0.510145979009533,-0.61430355927922,-0.124365048954561,0.0790522702671159,-0.588717048952216,-0.515634046434606,0.597666147678585,0.302373474480204,0.707177250212886,-1.31345361429477,-0.651366182165503,0.322691960824426,-0.537044188935538,-0.24552197883497,-0.730503730383179,0.789606027863453,-1.76973292777794,-0.79370697572131,0.716869053888567,-0.115552978491991,-1.27616200058618,0.453877023046193,1.05867571367958,-1.41254922672565,-0.646411586479061,0.0104843104291416,0.619059324573414,0.138992225861977,0.280481921858945,0.513405018758426,0.735498792669463,-0.940283053251686,-1.91250786253718,-1.13820850949049,-0.569251144111706,-0.584822941535104,-1.1009039899273,-2.00824218147845,-1.97799088876535,-2.03938813619003,0.029507732359262,0.442250517991176,0.31929855200015,-1.32935948179962,-1.54278772268094,-1.48896406878825,-0.190269439992903,-1.84196651584291,-0.591339021447312,-1.54158463761809,-1.07301093409378,-1.17488181719009,-0.777996439431132,-1.17503808467377,0.360912626044503,-0.489651423906277,-1.30184094985003,-1.39044303120957,-1.29491993951684,0.089745538070656,-0.649848785716388,-1.59458965193504,-0.810864861201401,-0.464573370581828,-1.17507400893076,-0.0441345659275356,-0.282864923742842,-0.517509731823973,-0.32872961877972,-0.409597006270902,-1.06257306596177,-0.046716253334065,-0.242808001292127,-0.511213952968736,-0.171302641610517,0.349808113632517,-0.275538017813518,-0.117813861359548,-1.8242762926369,0.291882341638374,0.612077165260771,0.0569954936444715,-0.523661847591153,0.578169407821441,1.01910322487344,0.460691494209313,-0.412788320936791,1.20044612651756,0.427092143277688,-0.14330094903081,0.491843764434069,0.896905669977455,-1.44840008746209,-0.927062948446441,-1.32389930348611,-1.57512510900691,-1.37332702119564,-1.58852545983295,-0.372280650681517,0.775631434102184,-0.360883050133255,0.328820555037058,0.122592816676703,-0.144286132660448,-0.34600814880223,1.89657847884539,-1.76773746934393,-0.763340101658411,-0.753895828436154,-0.424409104528162,0.582890623525472,-0.793764564547927,-1.38249564753887,-0.350964099348862,-0.415188511273371,-0.136091750457659,-0.458244454069244,-0.40524972561911,-0.527840856942865,-0.539125567602801,-0.841956501123471,-0.197844361261892
0.0508338742106138,-0.0280158141107046,0.285632382972898,-0.788225048290283,0.228920115255432,-0.701094200799307,-0.519160337768602,-0.175641700138471,-0.955272666618552,0.150174995661824,-1.15305958214178,-1.17960820772887,-0.566515345892562,-0.421618383725023,-0.143761721977825,0.125456684401402,0.815800551647552,-0.0395027347949872,0.340464755585434,-0.0497143728789795,0.283680806043624,0.450764684820369,-0.0894667960667233,0.443746460351698,0.355293781120267,-0.00175757574453066,-0.104753241183672,-0.118295831707176,0.422548373818233,0.578231295399248,0.0597828284940287,0.20063493777334,0.0777250707045862,-0.0569997954450836,-0.0427803800389902,0.450432221628363,0.082701034456628,0.140959888890692,0.615671132184431,0.707102666931098,0.027649584521018,0.306285357115563,-0.46778047844548,-0.147853473418046,-0.269764542816823,0.0772486049406914,0.41200733230653,-0.883932324173712,0.51892709101657,-0.0634775233079848,0.138294140974769,-0.907163910878371,0.0790412877577177,0.196218762744219,-1.4518120708255,-0.90250590741608,-0.660013508661472,-0.667424229358006,0.707072905371951,-0.475030065551436,0.263007245452473,0.236071502781142,-0.802526280290185,-0.0416710997489613,-0.673820728907965,-1.00343040847313,-0.0279627274089542,0.523364458641464,-0.815906295818771,-0.448803474617407,-0.841571616113054,-0.311791628711219,0.270412717226331,-0.856029687707666,-0.669454314719263,-0.154667870255507,0.444311017106017,0.28874949189972,0.559910817996928,-0.968924138448882,0.905816867213932,0.457793961619962,-1.25499912421277,-0.301450669123612,0.463128152034683,0.265493583721169,-0.569791708894901,-0.868362048498083,-1.36602614178013,0.183473461664809,-0.53577868850605,-1.53433132455313,-0.0660618638122635,-0.850231869925832,0.240693547035152,-1.32718951447216,-0.0115488625300233,0.939260256859579,0.0897921079065954,0.325884207035417,-0.743944838328228,-0.382944143410118,1.34207521064677,0.31901427777107,-0.394604097136712,0.0249599816970602,-0.229452841923038,-0.14325007008452,0.109751354896179,0.212088875234832,-0.14473064368226,0.320805903036501,-1.08015684332762,-0.0956603937650269,-0.450281305005109,-1.40729945419495,-0.661468747389902,-1.61676331811459,-1.8253468223123,-1.72699616870986,0.0326062776153186,-0.645609551609508,-1.21565731932757,-0.799947549517714,0.328292330625657,-0.162324211191869,-0.209887386985601,0.716544299704378,1.12058240054046,-0.506205240603172,-0.361047466675837,0.16105621512407,-1.29351802311817,-1.4844199236525,-0.736876906575145,-0.214384186514409,0.590917290686706,0.376333242203173,-0.411407264846622,0.666557130757828,-0.725336347456088,-0.0968530278293353,0.618622472975556,0.887129283535216,1.55984456620893,1.3213218608927,0.67811566272032,1.510606108567,1.89890793506255,0.954575627096311,1.68987794819151,0.598395775390884,-1.29077695418711,0.622022703828272,0.125616039589922,0.933786371394449,1.21979630232915,1.62799473979502,0.619682625679405,0.957827401983579,1.32368327744687,1.71139049339518,0.720237328269631,1.09794195976324,1.55751135275098,0.041253867370109,0.955816302133234,1.3186206450423,1.50041231901103,1.64397240401053,1.97482619516022,0.96686784890501,1.72329203685451,0.535746152149088,-0.970366025440852,0.263885792949744,-1.26731183858187,0.213369082056402,-0.688560407584248,-0.850044733052109,-0.119249585730261,0.0204298604059382,-1.13464438167514,-0.501290885024433,-0.443530986889391,0.377598891517717,0.0543916001400158,-1.24392795450524,-0.911210920936793,-1.40214670838068,0.452058859629516,-1.1624558623203,0.193875771181037,-0.331209264850751,-0.758405965139661,-0.889050723318848,-0.435070417803924,-0.698006148711233,-0.21903342536851,-1.56783044824818,-0.258694452506128,1.05917539631988,-0.0953049179304254,-1.37571983252291,-0.296810427966829,-0.168402368493093,-1.58844484048161,-0.329610074117938,-0.516786701137082,-0.790136151089604,0.0893770733617046,-0.396257439654416,0.916825722086189,0.0692923025623087,-0.960795750795887,0.382244493833668,-0.22553126380438,-0.558313364054929,-0.0416890765080168,-0.437383915241328,-0.896597161233602,-0.89099575535387,-0.803717670026168,0.342947474552436,-0.487644050188232,-0.920092298257066,0.348924217750743,-0.416367228068126,-0.25990789181195,0.339396131624542,-0.358038608378151,-0.229748518465323,-0.482454987317617,-0.0508156821651946,-0.436882949258459,-0.247816058315311,0.0745582972522688,-1.13184042265568,-1.89776288894041,-0.352332956133653,-0.402524910412472,0.191940565016705,-0.241212053886417,-0.739283406694126,-1.11980367082441,-0.813102256375923,2.06944950637753,0.510168567119619,1.34731696402464,0.76803793818402,-0.131128190827187,0.985300765275696,-1.14675199331226,-0.755469305246015,-0.176250723206536,1.05036161968067,1.23721267089567,0.952102218053068,0.287294536246712,0.440464201057605,0.658746617923897,-0.972064624098486,0.262142928183783,0.754470662355956
0.0439571870422885,0.675520124660626,0.114127160051709,-1.16304612344998,0.243165808578215,-0.316039347164355,-0.103293534216653,-1.07001028871826,-1.32309407472166,-1.68662748314806,-1.89183610644513,0.377854729929338,0.0123391128499535,0.643880518937467,0.589221570151458,1.05863527649593,1.52342036064075,1.62402335288216,1.57426760654236,0.249755408208438,1.47589819019264,1.14749309431064,0.90280264340204,0.458642544163119,1.01299404721962,-0.174788072970049,0.166041007073005,0.805010523868669,0.244794937908222,1.01291220336157,2.09537004994399,1.22209499698612,0.39643352186618,0.837324664290879,1.39232258710761,0.234922573576124,0.239717669194839,0.979342654491488,1.27911987710312,1.3738948002271,0.0162112138141085,0.521358211708655,0.950700303559087,0.450423526270348,0.253985201732126,0.0797491457823554,0.985403705670934,-0.390892237861615,0.690145440513855,0.79973820128101,0.773007417506682,0.0466849412465787,0.504298937739156,1.40762328339892,1.14246504547172,-0.36097146565302,1.1893029487958,0.274875817837933,0.392194885172272,-0.487058390435996,1.10504871054271,1.23112282846279,0.354464680285289,0.0895255961924444,-0.466661560146283,-0.311233682342689,0.292618709996159,0.222428335784013,-0.163827117929553,-0.384261535654051,-0.0743713290669844,-0.193363808896295,0.724919347917167,-0.709950361441174,-0.182294731122821,-0.85139992249495,0.904693948457864,2.27852392718542,0.642813591631671,0.0713804821341836,0.34940765110202,-0.719157441462489,-0.81800387805464,-0.709734207063143,0.131697785301333,0.2534504393875,-0.199656099569269,-0.178633435424974,-0.159604046377045,0.375373676494801,0.299220872931145,0.0861818350471453,0.303263428745382,-0.489292403409232,0.648662565701283,0.0015101137316561,0.559449197506165,1.14682878256478,1.09378785887192,0.161573970345842,0.113882044066794,-0.0677952804566731,0.833897323177283,0.654649163985795,-0.155200400755425,-0.171648325004908,0.0640350999939956,-0.72416500228486,0.0502428515758412,0.397132276614043,-0.545222423982521,0.799288348772289,1.13089845114988,-0.152089482953508,0.647082202860553,0.421056817210014,-0.401836730709582,-0.00825050051157572,-1.31494528777907,-0.70651996352725,0.822854028742398,0.955214514562537,-0.458129928892799,1.30212146794645,0.904901818752494,0.74076341498993,-1.08814391678877,-1.01699927063594,0.675191599469588,-0.0991823260613117,0.414930933653471,0.936492857013718,-0.848976357556739,-1.12975060339424,-0.139371797004803,-0.288330913934079,1.9863961116249,0.46772761751189,0.00577710081313625,0.389082158620224,-0.0643694887678148,-0.512105757930005,1.62646564376104,0.442327844739577,1.34256120483593,0.804881394302602,-0.106277128431699,1.55656747828727,1.07080555109968,1.96937118451982,1.75248162172574,0.587908953438935,0.107517599033022,0.449552068845479,-0.388991927013967,0.519679406626225,0.940765081696457,1.32907087701632,0.258093385854885,1.04147673350093,1.92968859594207,1.21098164673057,0.740000610129848,1.18634219440344,1.48694275403491,-0.742366436286905,0.613339421352045,0.828974217128994,1.21410202109456,1.48234078881658,0.994122951695007,1.19651375874067,1.10861529228784,0.520946066684461,0.355147340073065,1.13990099892101,-0.295592073659384,0.343794723304354,-0.324900508309964,-0.994543289980876,-0.0259281776220359,1.10048005505022,-0.97791404674277,-0.913772213723872,-1.38817337624675,1.12356721699307,0.441401122116766,0.0528502737992063,-1.02323940128468,-0.855002724564991,0.558298551410082,-0.705559796090402,0.910956111635559,-0.357675386891879,0.438901247645684,0.362503097027949,-0.363009142618578,-0.577009252686733,-0.0863415497952528,-0.0353650718536194,0.657059427085603,1.25689315988904,0.692177100799996,-0.214330658322025,0.145873611304323,0.792873240597307,0.228907690627702,-0.276569986532683,-0.618086041698906,-0.00597465617270968,-0.877611987854877,0.558531844741498,0.76960854629113,0.52150341318549,0.75301912133123,0.195716625487395,0.584640897731739,-1.03801858622151,-0.0233472712532146,-0.0855829568545945,-1.37105150183023,1.02571462655297,0.0129981846884029,0.0468869974175767,0.90905257542643,0.834427803363305,-0.429553922536161,-0.275536842374585,0.896690118515935,-1.14067568826771,0.61682091488757,0.345711404494334,-0.293922666875404,-0.340326015696742,0.326374007812641,-0.00730936323677433,-0.526945351920066,0.407564987305227,-0.288183517696209,0.275218038423309,-0.723072056835444,0.22856353458607,-0.436951783040529,-1.66136790537194,-1.08029826841572,-0.516668548236144,-1.0892227149823,-0.733028069772338,-0.482325170082788,1.75347175887345,0.956573637823892,0.434677939223169,-1.30146896915046,-0.725271147188924,-0.337311454526554,1.29954588364921,1.03196386797131,1.52115806806827,0.551211744234901,-0.197678403859858,1.19821172686409,0.704714194843909,0.454357147859093,1.78526294512506
0.697574391943868,1.54451568134538,0.516843677009562,-1.67118711439432,-0.0113199691228314,-0.744449954624789,-1.28280145139227,-0.958546304547631,-1.8679653004422,1.32422089269956,-1.96779302153005,0.87020867456628,0.781903613695882,0.552726904834516,1.21828765959614,1.4849720772112,1.6921843377716,0.974283569146627,1.94177363417736,1.44788202041105,1.65660755538668,1.09091916951458,1.44412848549954,1.58984530172663,2.31416024623824,1.85932746015146,0.744403368329059,1.77610404275788,1.53741554546802,1.57871938227146,1.43753966922942,1.89614963483003,1.69756333714937,1.69196620244806,1.71864265709911,1.55735778968587,0.522110856503019,1.5500268152366,1.768354447874,1.58194461658323,1.72219852757295,1.13667092843604,0.772832773866547,0.553731624738835,1.14897927529819,0.284413351590243,2.07566729154007,0.71855909296571,1.30013963864511,1.19199661222035,1.12608088210025,-1.06785937014685,1.30701046190208,1.69162924116466,0.493931283077605,-1.00009089540925,0.968568579415873,-0.626575253578056,0.100470249562057,-0.833794592492383,0.668343129885629,2.1505319819097,0.8208519174105,1.18069314450847,0.442612086361594,0.788746247038751,0.863905243252063,1.35000581673605,0.825359081901287,0.488186471796823,0.852445434568632,0.703841744797318,1.19020381808799,0.0188961836579748,0.401241660450438,-0.187201329687282,-0.366111594466235,0.265549110786221,1.10382095577943,-0.0157710474884743,1.52096507744579,1.30813205986279,-1.83024047887974,-1.96893829670902,1.60481126455118,1.09740172063573,0.43488127111468,-0.432958624003244,0.143405782175298,-0.311143406362636,-0.0863637243168748,-0.914970289029049,0.480768393634643,0.851612107092603,-0.476141018031916,0.467910739816821,0.212636061493636,0.448703649667728,0.536135582683371,-0.147087851360884,-1.05560538832894,-0.0270641969533686,0.0128046097607581,-0.675299942119861,-1.82208267721866,-0.813388014561239,-0.0965053735564621,-1.28758021852361,0.646788376533139,0.697102562121923,-1.80726175562368,0.848470041736705,-0.755154851123236,-1.21507811646543,0.117271194642785,-1.44125670681262,-1.37122245893027,0.303930753365344,-0.867600428543919,-0.56864282582189,0.820451719881326,0.352365668176712,-1.08504860912407,0.408137792827606,1.04321320864684,0.390492188232613,-1.89438387333374,1.0228398957702,1.59880029734032,0.455162863569544,0.172934833930721,1.70293794129572,-0.280138666404728,-0.203680518842575,0.222606051707287,0.389924666471295,1.0958183012441,1.47373537241185,0.701533721418798,0.0297537092024654,0.419719536506446,-0.00679364069858188,1.42775734832643,0.797856976722822,1.62612880546234,0.594831216101946,-0.0161443309560096,1.62730034867635,1.34448773031381,1.86222544743216,1.09956767595871,0.541685967089104,1.62899995153524,1.10782335018549,1.24121788921065,1.34204749302833,1.49775391932594,-0.073226806424658,1.40793680961613,0.13681797727914,2.37318591152499,1.58085180457607,1.0695268918544,0.855974285672979,1.02339971297155,1.14071083496248,1.4586344872885,1.66183546572615,0.925243970977883,1.19416774391131,0.593283378424326,0.518766069361381,0.504875180760219,1.05723388215499,-0.0590003941183838,0.314769052060266,0.993526773056192,1.24213415300544,0.222210412312007,-0.182896897739829,-0.54607227416403,0.83351798141,-1.25705352586813,-2.31009007394102,-1.81537686624439,1.30940281061346,0.726744156708075,-0.348543460049703,-1.8296762553114,0.96817706044824,1.00288943978355,1.27577802712883,1.07589064849834,0.903066367450379,1.0507444922362,0.269896249457158,-1.63652094766309,-0.890487803017165,1.27476918471429,0.183748029676517,-0.159829517531098,0.730867854282629,1.29282255056906,0.557399703698332,1.6688718376103,0.0866914559471441,-0.737194608079547,-1.14063796343115,-1.34381655103395,-1.06969809913504,-0.696600073136589,0.471967396624266,1.191179776773,-0.195063108256744,-0.308306672845488,-0.324524430323854,-0.182222134203434,-2.1013403014438,-0.265505014597935,-1.00974836240405,0.0306977127125515,-0.0579678658018341,0.443530863644743,-0.0645584100417699,0.884339413671436,0.126319480016599,-1.27639185827882,1.2913597421399,1.74354335772252,-1.36717547253435,1.37472796294902,1.16890861271277,0.397072920122966,-0.122824672069244,0.392761657826998,1.23188025699134,0.914666995568424,0.36746850786489,-0.109449631118368,1.07684620801876,-1.88518497466045,-1.12996173215244,-0.193789822356849,-1.41574262404775,-0.947123702782768,0.890700052269086,1.38931042516792,1.20492463893679,0.690726080296917,0.459220276967614,0.39992851464343,1.22559463428869,-1.52485594301302,-0.189636076333853,1.83673843698766,1.17029717198136,1.64809034577276,1.85337940740487,0.867390957722553,0.144491904628565,1.10406025640607,0.521361177557831,1.34048408568291,0.855361442037695
-0.348464959661894,0.691084727222513,0.487076650120649,-0.946598203631537,-0.475803953989129,-1.79406403131684,-1.89574195431072,-1.962889697618,-2.10818043626601,-0.452367318415218,-2.28120413870362,0.449270273532151,-0.121559300351747,0.66547638443229,0.771481986336012,1.5660171662981,1.54502688512023,-0.373108844303992,-0.437949167723717,1.5115073586694,0.463726254008227,-0.875540410499965,0.147647333191821,0.620296048014434,0.793101715807268,1.72525429749771,0.259755220283182,-0.0124885708699854,1.00447982276541,0.240258731679657,0.68704176738105,-0.682501861739692,0.976373010701175,0.597574268942874,0.727989280636249,1.19898390828879,0.0442614991453698,-0.59221710693566,1.21081800012842,1.51158600260204,1.25945160365339,1.18349938335388,3.02865161874817,1.02759501388752,1.64991438554349,0.728268024336849,1.3799105731069,1.24962330814811,0.689870934521289,0.701077806630036,1.13131730164876,-0.400016921494385,0.63145477869855,1.51370327961618,2.858412700013,-0.0340608415913993,1.92638736693119,0.283148783888019,1.79741331523783,0.0880932480928282,2.04712234138383,1.86889366097378,1.79583058487051,2.58105011821079,1.85495060439909,2.04463077164892,2.37499820961636,2.53762513837187,2.30742316552107,2.28043146316506,1.85146504928377,1.3626011838311,2.79704580857407,-1.43772882773905,0.14088418334553,-0.56813057038047,1.52047812794255,0.211097517934974,0.607072027807673,-1.06736270254988,1.04086218001876,0.356161472942846,-1.41474181585743,-1.07221233508861,0.234545833608945,-0.542006504773255,-1.30947430503857,-0.257749195170257,-0.807371109052292,1.45092032283154,0.382854316976075,-1.10462335475129,0.526539660790015,-1.06671691355624,1.12755803281461,-0.645629056500008,0.832551358059346,0.322525373809168,-0.25146977345947,-0.935892484689805,-0.521162306593206,0.433644025891101,-0.391515922311484,-0.611113650876992,-0.657986277628926,-0.449973629398034,0.0241828127783825,-0.98450247538573,0.329503724656358,0.250603398162036,-0.683616002550801,0.697205823906457,0.00424145637098397,-0.74647127819844,0.886122179874405,-1.13219174634554,-0.600928497355639,0.637344012133938,-1.55306819900711,-1.61338074831196,1.01092918607237,0.972503769775159,-0.436279843096174,2.82149778712503,0.54897686153465,1.22757746145413,-1.57736963774788,0.693973988993318,0.47891778207599,0.115240534314359,0.276100021109356,1.0782417463476,-1.59373639479397,-0.859188689236612,-0.999636355485966,-1.02505196633738,0.429985724581809,0.428735041985729,0.720562693222288,-1.34492803134077,-1.4049469918828,-0.325269595022383,2.48684316198195,1.31746862402793,2.60582364361577,2.06952767837076,0.661665487641995,2.58572819067563,1.03937545073367,2.18548691432116,2.31641849966775,2.42744779693286,1.44189070511487,1.20198905694663,1.0263578161913,1.47518111143248,0.893864289650715,0.384488949459284,1.40395162939169,2.41054573574454,1.94496813800593,1.25477671146966,1.20997709179277,2.09016791694476,0.52514954986115,0.168854084285496,1.88971948245153,1.1722923164134,0.725813985868636,1.92914299935252,0.240457644098731,0.0216608426974697,0.597706855271335,1.16618052249121,0.436727729135964,1.28956137203022,-1.00972545415318,1.06844399263078,-0.117867525194964,0.176140202768789,-1.00927295432393,0.60593902715189,-1.57362720107546,-1.53472411766557,-1.16652461685645,0.905832946071308,1.1901160932916,0.8427188263729,-1.04907512997894,-0.539005831355667,-0.102701762542438,-0.0874629006684996,0.371646057645939,-0.727369636195129,-0.81169339563025,-0.41175871930975,-1.05921584790513,-0.481062385315641,-0.410003610975051,0.33136261997549,-0.0757156076580528,0.847291927643446,-0.308128426536091,-1.01761987276849,1.47895245414984,-0.647322053564617,0.695595908003155,-0.0046979673575672,-0.135146740985629,0.217719639257499,0.425478844328137,1.46005222176538,1.6936274056134,0.156612038270654,1.64172747500515,1.76847004876086,1.43297025172183,-1.30357985997982,-0.566603979268079,-0.169591014020936,-1.11714189468405,0.925526294325844,-1.20630202772679,0.827789283340389,1.28073551272072,0.902432014613002,-0.519565908106851,-0.26234573728631,2.54573770019985,-0.914599228119543,1.16522780503603,1.4939120555319,-0.191763102556736,-0.362433280155369,1.2887082326612,1.28408548135288,2.57900033242427,2.13467532884554,0.738555666411046,1.82764027466844,-0.684430431021638,-0.591175205241323,-0.463660884877792,-0.834658227806155,-1.33655725254615,-0.867353785320483,0.938951728968096,-0.385272548228182,1.08276954287049,0.0955073937572429,-0.83550283551208,2.25437406517471,-1.09666461431588,-0.724279115075182,1.00098913223235,-0.359017689908697,1.54971925485277,-0.300542309334048,-0.289541579771097,-0.701247246320661,0.820595461464203,1.42369716309822,0.134303824303034,0.896903508930091
-0.486463054625008,-1.01790997615753,-0.482753582742093,0.000899442062929257,-0.683216756555382,0.247593977860334,0.315693890704915,-0.204683698567429,-0.616414978099967,-0.855691994348112,-0.927252990846605,-0.693387381699876,0.803318821615246,0.0258670924828568,0.388979920148041,1.28154479158276,1.75801105750222,1.21045235944003,0.209280980444615,0.562127175289191,0.315794017870042,-0.221662339707476,-0.159050370406141,0.469068232757627,0.464260069141307,0.170482235299783,0.0781096548141701,0.237721617998071,0.547698063483039,0.0843570965311565,1.16589714764628,-0.376651760757503,-0.185128300718877,0.453599012489439,0.488551020595394,0.514271036268329,0.654325172122244,0.0576332216327421,1.65672993898017,1.46899197366403,0.317492470626805,-0.0779393340016099,1.15452965561192,0.289539287898668,0.012240984774185,0.0953796920613127,0.323799084582729,1.04545628047442,0.395963636412325,0.553187423724269,-0.125783079264896,0.858622548677968,0.66757072586144,0.335549690676156,1.18348089093945,0.84118804975506,0.689953266519803,0.583960428433469,0.790706820000526,0.580465167528719,1.16766878460806,1.57893066728878,1.84901754888098,1.10087655652825,2.08514775562659,1.29269047521329,1.48767222896728,0.504230521934211,0.839200835043809,1.12083798495184,1.79858621286402,0.822766160600545,0.780425194446294,-1.80536159618369,0.0857788181059198,-0.0586028250944389,1.26621110651451,1.44467901639908,-0.917258042752883,-0.859141807602487,-1.17889345547169,-0.882309098522337,-0.503787121437931,-0.858987248506988,0.365054128172521,-2.5155691036775,-1.21809982150715,-0.730614154728458,-0.207154804957166,0.316523858275632,0.865780338992677,-0.875534184013475,1.35350193670597,-1.35293556968296,1.2312924977232,-1.87279602945536,-0.959982013182764,-1.34498174813272,-1.48657612417725,-1.35681584623475,-1.24808442909595,-0.850167165959264,-1.77669498860441,-1.59698516151,-0.556971735058013,-1.3012277984263,-0.164169969757964,-0.886185318617736,0.395759806746428,0.553624840293619,-0.480782995340821,0.069202837534212,0.00535845192337977,-1.18127218273498,-0.363730599409558,0.484509798012099,-1.00168163868365,-0.18691554766932,-0.536538189610866,-0.605475828779118,-0.398666051805472,0.884906431975282,-0.0673925031955568,0.743224632333064,0.528067674770572,0.340333610336716,-1.25892906531011,-1.04134388741091,-0.890402735088068,-1.49645025202166,-1.1266504833973,0.303927141765705,-1.58673739033304,0.188775738773832,0.372742092675811,0.174067502696506,-0.336171649324974,-0.505632371711866,-0.2523178709958,-0.616390106240712,-1.06693257230488,-0.521960145780524,1.25264428871507,1.12608144094437,2.3184854892987,2.31445393041682,0.0337821764462893,1.92908256083275,0.620735675135035,1.24095622720808,1.68352669345921,1.34258078926924,-0.32541978340629,0.512292296530836,1.03594199975937,1.2411993722328,0.355574977129961,0.713861243718998,1.188162247926,1.26556066129025,1.15770823933803,0.896113583818324,1.76811990758186,1.22690024592046,0.0168713790407212,1.44800062087357,1.84323805056327,-0.53646552373553,0.481107672358444,2.18995507045095,-0.14633314815433,-0.29414478580338,0.579582562214501,0.432232685622047,0.204196490454418,-0.310810021244766,-2.2442271953426,0.781124475757652,-0.00877661710801649,-0.0744453221085998,-0.527468908846832,0.144917044999918,-0.454505601939438,-0.726687303968569,-0.337015660925213,-1.14862800390923,0.121232888786642,0.731120269441288,-0.0956891228280781,-1.3581821789774,-0.255554430001368,-1.00116785146398,-0.264508417739974,-1.11882430702825,-1.55164799370441,-1.01563724772042,-0.000507964088567641,0.0476636778218795,-0.596662537215866,0.695979854687876,-0.787183903259656,-0.210087828911453,0.571188101447544,-1.9167077795037,1.01789877570475,-0.046572957720013,1.35124179930816,-0.089816634102409,0.118257564330444,0.126018633696921,0.113447311847835,0.828444753845832,0.655793192834097,-0.437178709650512,0.478589622863686,0.640644178693925,0.304347999871096,-0.426922450156824,-0.640297804897842,-0.47502610333986,-0.545585075250119,1.68557493189584,0.08920773689686,1.94492451005044,1.88862412634321,1.69768947043672,-1.34985808416035,0.232515254977322,1.70246674512037,-0.949018644012586,0.856073096429352,1.29605873608413,0.444777019167794,0.732619832099019,0.368458794682561,1.00152438618443,1.53116437734347,1.3051015589299,0.80817095125301,0.970553337322121,-0.181874166857984,-0.705762095334424,-0.272144376241118,-0.282623892577368,-0.325634540802106,-0.774259707641807,-1.02222643416069,-0.610245797977851,-1.02034908174558,-0.439340567976242,-0.631858714874425,1.2314115263974,-0.307007467256041,0.21615185982288,0.047265759784364,0.215065186765909,1.20143715765725,-0.151448810349763,-0.344176871076857,-0.321180925231044,-0.0763182989371289,0.714571979636573,0.0056012272385208,-0.163490972681811
-0.27091086246538,0.311764928086152,0.288994289819875,0.31345118755452,0.431968442027026,-0.199542844352124,-0.803122044267603,-0.173761866662085,-0.115920095404873,0.608003397309285,0.347888436493527,0.0763291921956764,1.57041910339928,1.31769677674692,1.04304179492016,0.986308392581092,1.05338630660851,0.972140207602944,0.884893614814234,-0.439834314989258,-0.00674646339402814,1.16392082588743,0.383537832259948,0.518130717964484,-0.440675965976926,-0.507128245989556,0.908229415271841,0.499759894398995,0.758987659999831,-0.0653485409101294,0.643657192622248,0.682947470896428,-0.556036576018784,0.885826086824724,0.131888714764342,0.180371661878585,0.822367189672635,0.840352643789938,1.20328137249705,0.984073541178923,0.0180731170506419,-0.313477246294871,-1.50666106387974,-0.564160800577059,-1.33644453848331,-0.923108509016671,0.179566968885414,1.66767547500044,-0.422335903493792,0.114041749387759,1.3518923782721,-0.831718542883522,0.0594133432087833,0.409080847385503,-1.79153455294666,-0.761489101782206,-1.10461768729297,-2.02188303128069,0.999085342724554,-0.58533548901971,-0.134012910021665,-0.0641195033312167,0.481882997162273,0.112341480977285,0.666134105393305,0.406711605092714,0.245082947230536,-0.651133968335272,-0.61639256038207,-0.766380883753686,0.105200297575544,0.0803605809232857,-0.273998925047461,0.681376282236058,-0.192410285471915,0.497227809500734,-0.745991670496799,1.65032743070679,-0.1382473947557,0.953382167266001,-0.15256848254919,-0.0971314810398745,-1.25172919193339,-0.736123098852636,-0.162291544397422,-0.969105729355748,-0.313434104009222,1.17294911927845,1.86337631754663,-0.734045089182001,-0.16625998374864,0.349651989722683,1.55278085663496,0.578252513914519,1.01429227511246,0.469901842797038,-0.456014957807378,-1.1831494868731,-1.71716991465803,-0.924887017738103,-0.699734259088207,-1.08266903867293,-2.39323408201964,-1.5753523943841,-0.61547413924511,-0.466864021199356,-0.996502258038906,-1.1134760106943,-0.191804391751867,0.120910077573622,-0.359822756735413,0.155853988439699,-0.45261087998631,-1.00901260999306,-0.212650742325964,-0.237024779072658,-1.42707526446025,-1.15697554354118,0.635166628340427,0.408264484352526,-0.229088475601118,0.561654339918731,-0.792045389642372,-1.50451470556406,-1.47908398745993,-1.30182988297739,-0.196909925693161,-0.786955796941041,0.234265137836329,-0.212608654757748,-1.75685856993166,-1.05171877529912,0.726907806537351,1.63913598024779,1.32361654779033,0.940938149998778,-1.85706319986018,-0.957929148301268,-0.297055861609287,1.11503381574392,0.216373395843578,0.252238420234659,-1.16146178652197,1.1831384348542,0.945681989223771,1.53647236844494,-0.20768531103418,-0.0625980413482373,0.545123258906927,-0.493882852662031,0.262403174592017,0.431925154340306,0.56476306578537,-1.61697228943675,-0.0970933408936439,0.771203654914323,0.364094587347666,0.11420136177111,0.660578010951634,-0.581027847043362,-1.123094335783,0.871753669402844,2.1436138654812,-1.18048174947271,0.569662764184229,1.79633554767595,1.50012411329967,-0.996302936574899,0.6397318967559,1.68774231661204,-0.877533455513842,-1.63599483606248,0.126637765328842,0.29597636144798,-0.438611402961001,-2.14187062926103,-0.185243816834497,0.25981120082643,0.84888319725825,1.51304261476958,0.812113605996917,0.448024997501451,-0.690997744700877,0.119482483103874,0.754733120259834,-1.7526121085484,0.0458099827290037,-0.0632645150216208,0.184035352699972,0.880498403494786,-0.474389273499538,0.28805422306506,-0.623558787145764,0.370171711341215,-0.266828984906631,-0.449015382208032,-0.374164489796117,-0.477070196238562,0.256342264300832,-0.399224278088791,-1.14339198358797,0.0570347758506023,1.12616152810434,0.462379261154318,1.52031095762496,-0.405059336730231,-0.989931161577196,-0.886876699202613,-0.460820969251934,-0.580396848186617,-0.581803700216512,0.189699651270308,1.36795677186961,-1.2075437809248,-0.649087186508348,0.900890762038739,-0.122630182995807,0.0708429341658148,0.134755514320298,-0.972911846020368,1.4278226309933,-0.77065212265962,0.901340363834117,0.852985766389487,0.340979312230603,-1.83207048218142,-0.884973565931922,1.03542892573233,-0.466085372742378,0.253953980336641,0.076643959048345,-1.41058283154574,0.899674150796852,2.03694972793276,0.387417644393463,-0.514165698466486,0.120667634067172,-0.821109490084179,-0.245575986374136,0.154657348871249,-0.790174391279269,-1.57111960107773,-0.53289531671396,0.479813929456132,0.474052275282772,0.2895148946486,0.272430288670758,1.00581688795679,0.325827949374363,1.21917253837837,0.197265820963024,-0.552478896013109,0.176643344852701,-0.509613710797692,0.0674120456397036,-0.259141843368511,-0.321510173656983,0.0574150482843896,-0.567554168351641,0.573507898032883,-0.701622406348346,-0.798452650456784,0.171741673708878,-0.600648809663714
-1.87165069484851,-0.372502021818151,-1.01702035866657,2.00643153041731,-1.72561251474098,-0.628414700352906,0.56500365940671,-0.158566995061014,-0.0704063021769954,-1.81817685961511,1.003855219667,-1.69121955076524,0.41294028469028,0.12377643361444,-0.922832823056594,-1.81616162576409,-0.97627859697703,0.739207272161009,0.930134678763574,-1.72773812463807,-1.15408293618954,1.53650985694193,-0.399312389420688,-1.16425558430634,-1.99294983208291,-1.25237717260931,-0.412080566046609,-0.609212273275561,-0.701985916258073,-1.69573511043341,0.344745121517322,-0.265930392998604,-1.35059758896752,-0.363301769321155,-0.374489113839295,-1.59964782712664,-0.689626564460772,0.782513720407683,-0.8683917563425,-1.38273068412979,-1.23028495575275,-1.02312573379095,-0.325883249237769,-0.811440731236816,-0.753809686186539,-1.02208275445202,-1.46646266895903,0.296499394413213,-1.229316509342,-0.0472763496743147,-0.361419625707734,0.878090938601329,-0.453333388455807,-0.979776276008195,-0.0613067481497984,0.653144396109837,-0.139447740706523,0.279072383295923,-0.0132498031998451,0.982165761766238,-0.169777550094296,-2.13462774680978,-1.18436128017556,-0.897597105744183,-0.848005833026718,-1.09657081137451,-0.776229052616942,-1.11870590978576,-0.817510162826175,-0.647782959036191,-1.15938427352364,-0.698593029807011,-0.571212388636567,0.448723158506586,-1.52352001220404,-1.4188651527613,-1.78016594382133,0.380561662944272,-1.07234558874266,1.10464197087639,-1.91274156971969,-2.4781641350809,0.793327055981925,0.359503164455401,-2.33795206976834,-0.192635172012228,0.433027996823729,1.23338369025428,1.44665578271141,-0.636883298285416,0.284207540995952,0.662518523920085,-0.540136771354658,0.144117027848132,-1.27446899242617,1.17108601373479,-0.446743389635679,-0.953003138330545,-0.53190330360793,-1.51997081176929,-0.254684631259786,-0.313867986510901,-1.05680486534282,-0.492779409590789,-0.307461412238584,-1.61227459966859,-1.72918783514582,-1.08168779083803,-1.76982131803917,-1.65064174802692,0.735711340340375,-0.481735361158056,0.610503908641478,-0.576244886537338,-1.36125898198491,-1.27246992967574,0.0475779004677918,-0.76085237180996,1.15197193712685,0.380783053529865,-0.313784624398271,-0.446284731622834,-1.1708706220468,-0.0639298841889942,-1.66264379806644,-0.725663385560116,1.28796205537519,-2.25156967734006,-1.5417497379166,-0.193457181311113,-0.793211787509644,-2.28505231163039,1.73487544187003,1.80951561670883,1.27490579348638,1.14658912681183,-2.33195302723896,-0.606103467528224,-1.72340089011252,-0.160469517101989,-1.02443162619239,-1.18676421782933,-2.0496016761213,-0.446921468136763,-1.31540077680138,-1.01965264735802,-1.90120479894539,-2.24726471113904,-2.24736319427519,-1.98452629960377,-1.80918639435295,-1.8652815792465,-0.0079779296224166,-2.66093926799328,-2.4841158183829,-1.38453169740398,-2.09910998187355,-1.04582117436377,-2.13116574925721,-1.83055634516716,-3.69160461319612,-2.23118852745218,-0.124772340142194,-3.34917233075525,-0.205308567032453,-2.36682198333738,-1.2347254755212,-3.35291668665532,-0.864280116379626,-0.658764640196851,-2.102562412952,-2.35299522822641,-1.18276207958211,-1.46029066028449,0.321632905629003,-0.465473743636723,0.733578826671032,-1.01453305852348,-0.668016444220075,-0.32775775875806,-0.661642029645547,-1.23658018101956,-0.478872260738104,1.34393710326102,1.36689672262935,-0.873367024816058,-0.578664610909387,0.620804325593519,1.54766229785412,1.55009295738512,-1.44033047665551,1.04411187512319,-0.411644480720914,0.69313528839656,0.541707337155777,-0.436254698523403,0.599944696625698,0.749695779142008,0.245078769278226,0.101252104162893,-0.881286969727434,-1.39121244301811,0.22613476951425,1.37271002337316,0.0513018975663878,-0.930397287212246,1.3645412977147,0.841834978080272,0.549622148804057,0.279056821286721,0.104435119011705,-0.519703638342895,-0.736720961066921,-2.04980107655961,0.765980072253309,0.219497245475221,0.186505871021706,0.95081293725209,-0.497565693370813,-0.220817040592221,1.78389915062328,-0.509010608848093,0.629701476372419,0.75212081076218,-0.000310339723145191,-0.48075190929096,0.795498286096746,-0.7086468357679,-0.274192718935146,0.701976399851394,-0.355719650160656,-1.17578320697247,-0.868584252724893,0.768194491324429,-0.941081580272704,-1.41978333081113,-0.75516595938009,-0.572327785670609,-0.239827519717404,-1.70315613463384,0.518911381391443,-0.0558761708022213,-0.784708045778208,1.21796161528633,0.693544010212663,-1.86342129030904,-0.781152137233643,-0.738928934403269,-1.10507176934322,-0.42387249857148,0.273006394410115,-2.52917842109981,1.02207050895907,-1.24077926123977,-0.747070601242822,-2.16335877876906,-2.76973579010923,-1.95220358535067,-0.92352684144687,-0.829042188088022,-1.70907602320327,-2.35393274782959,-0.52726030880101,-1.63965258301097
-2.20309571425696,-0.413553448668709,-0.234776905587095,0.657987578952521,-0.662885576719172,0.570129089661035,1.07877136433783,0.151252999631884,-0.0223093161741204,-0.699584675015222,0.209627819232851,-0.407591995916909,0.334761824221642,0.753451498761919,-0.148398087677626,-0.632905714538893,-0.35565758928231,-0.00843065154404999,-0.0836411556677949,-1.57983719650673,-0.802869362116276,1.37701284261655,-0.66720703822122,-0.949725650890868,-1.94245037829801,-1.22707594244932,-1.03425880770432,-0.254305960986108,-0.771969250323189,-2.11051500951933,-0.446927457518493,-0.644593093402469,-1.41366884903862,-0.445806596450196,-0.76565259168092,-1.42013528521596,-0.82391974770996,-0.873926486525051,-0.530885241412606,-0.676653283249733,-1.06296847777832,-1.55233950878112,-1.84490876952382,-1.15825409606871,-1.61744840369783,-1.06857612416899,-1.05511509151696,-0.824518270680698,-0.305920010943052,-0.588989560027815,-0.283689596028643,1.2401813498334,-0.422689767505626,-0.707711546291899,-0.950454024124378,1.00159230250988,-0.639239862405737,-0.225911505050734,-0.30785416218524,0.581706078718682,-1.14878528869979,-2.4529677634365,-0.885598886666231,-1.47746055027327,-0.760618976329047,-0.728114037297811,-1.58406701929664,-1.58505186143062,-1.93278654441593,-1.39528545911696,-1.06162468175001,-1.65771124156645,-1.9390972552794,-0.699695833470795,-0.666915786840095,-0.2157663194423,-2.55767684383481,0.0706733841592642,-2.3597647930742,0.0216023955841688,-0.379655813078158,-0.797053683991357,0.292062662988559,-0.413115583465565,-1.06180880466435,-0.658964318990129,0.139299220698231,-0.892671583848257,0.819739866076354,-1.70396904177739,-0.822810313309743,0.321053554783069,-0.904080546985296,2.01160092727371,-1.7242955442129,0.0575921557287538,-1.3431418061699,-1.5196566852803,-0.71894623871746,-0.849945738127529,-0.89350223446111,-0.384669376414422,-1.53672511974307,-1.40570073383444,-0.727346456631254,-0.776213757267444,-1.3191429479912,-0.77269705360403,-1.23951394700362,-0.549882943631882,0.433144766233793,-1.27846286978205,-0.717811672521499,-0.492839376623005,-2.22312465278929,-0.701042754032715,-0.466537304660086,-1.72689791627497,-0.117262557060643,-0.223714832426956,-0.529214857332497,-0.0192837304015121,0.847154725110161,-1.09931931871035,0.0886646447797879,-0.734834484398941,1.26024295123613,-1.24746146792223,-1.02968034541587,-1.09437758084549,-1.48226914993873,-1.88079991641428,1.47182697713242,1.64514780424474,1.56151681769343,2.32288742259802,-1.65361767277212,0.0986981413985937,-0.450455653587749,0.328065047501477,1.00762196530034,-1.79790022113419,-2.14607732402084,-2.56375643665244,-1.81858472193142,-1.7718826907135,-1.57115601412664,-2.26599476202536,-3.23755630134862,-3.00288141494277,-3.02585450665976,-1.71385214253379,-2.24642366777944,-3.28559580366865,-2.11379605518773,-1.89810844997713,-2.09832489884379,-2.05097936847061,-1.83779156607028,-2.16602383282591,-3.37693277875444,-2.57950248812905,-1.10327623000581,-3.22368850972106,-0.938513909245491,-2.45976951949469,-2.00875487731968,-2.94141987540925,-2.62938177480775,-1.88388179278099,-2.54466002461992,-2.22848190818871,-2.11886344069082,-1.29513183298071,-0.0576076226160202,-1.84746308374417,0.669404088738897,-0.911430493775016,-1.10506886951308,0.682276579271033,0.192383581887151,-0.632793536224749,0.416865570194194,0.772708344288378,1.42678450186275,-1.37438635842475,-1.50038141311357,0.769160328243294,1.18313534807454,1.58401779913132,-1.41832425122638,0.575127012780258,-0.51957326423527,0.617080534769062,-0.197665574112395,-0.664570951281533,0.47031398572403,-0.163143099438518,0.102408323880432,0.372804748367961,-1.29597084000479,-0.975411006581425,0.366814874755381,1.07120589585507,-0.850687582669266,-0.180895101364408,0.961481710659119,0.222702290370827,0.136855247275877,-0.263153824787138,-0.207901314223396,-0.110144719711564,-1.09286806753556,-0.737241611926421,-0.492916767754063,-0.394726451036411,0.250852871338868,1.04852942506214,0.329997279543603,0.547678315268634,1.6846587889468,-0.784386743007503,2.17087904403888,0.927967401018274,0.663227839932814,-0.532917653032854,0.824363247368705,0.770169839968365,-0.521894451586943,1.30595353034083,0.233442889539942,-1.843569565131,0.227941241998976,1.16041304574379,-1.83031385340323,-2.07566537588008,-1.15336075619941,-1.87953349172409,-0.971256714059182,-2.53507110697072,0.712625682520066,-0.412718418715189,0.251195239941702,1.08696204530083,1.12905232181426,0.132821237684819,-0.0430119919444604,1.887726448091,-0.522106791170573,-0.568718661605628,0.943842267031651,-3.11522729194377,0.999180326585493,-0.0728910540498398,-0.718445349770091,-1.6434941750521,-3.27888273563215,-2.27833062661125,-0.820334439601511,-1.04306511716843,-1.1646675699597,-2.10289606636291,-1.86460916465529,-0.608962757494029
-2.01520576520744,0.643630098619151,-0.466262471712111,0.427772817678503,-1.29018909875874,-1.108452428659,-0.736536417460107,-1.55842973767558,-1.13389979148732,-0.597656555651702,-1.04382729448859,-0.984758787019215,0.145885708639708,-0.0605620977403406,-0.681155929979312,-0.0477729526300199,-0.0811212420428999,0.577397709600392,0.915232960090781,-1.3236020154646,0.0967840202062766,1.12463311499935,0.805105282044406,-0.915741097814453,-1.23564489973168,-1.11231220693851,-0.615932072173087,-0.000846068027290534,-0.526765889281861,-1.21101600986096,0.709739252053025,0.758208365114666,-1.10031177559223,-0.00343926635544377,0.479329113208006,-1.02305365251118,-1.38607119195933,0.904086001277032,-0.469411023291665,-0.615492199539534,-1.09743731885646,-0.743677360151987,0.872556710072542,-0.461620396774373,-0.264281009253995,-0.235436252834067,-0.376826542976301,0.604928361657829,-0.054597455858209,0.0611442130259873,0.385965686064232,-0.412796449858579,0.38910333820044,0.0264359705782901,0.27460634994612,-0.0460043409501593,-0.200752469242688,-0.900889046271825,1.01593552796546,-0.272211809334071,0.397861772123621,-1.01835088113198,-0.38874252062235,0.286360233965798,0.288182715860953,-0.0482929831929586,0.250884425033688,0.198316929247588,-0.165613516683963,0.367389924167267,0.206500366852964,0.0167808701420057,0.171626767275861,-0.996734328728777,-0.772485899733878,-1.01687047851417,-0.328581233379281,-0.821019186391381,-1.25856342318576,0.128706875954196,-0.602412863528086,-0.876800622804672,-0.891805681964957,-0.478553174532313,-0.560619194762377,-1.76639689729791,-1.03038226248751,-1.77316160221061,-1.5309211649989,-0.369304023215964,-0.187278534976717,-0.929761045633563,-1.1117107723115,-0.0851540661054435,0.0285264277144297,-1.07854281288462,0.789901793576966,0.73797794477734,-0.173778942346478,-0.614793910854209,0.472926900366607,0.739290163063329,0.122156791913198,-0.547396877628595,-0.940138892706355,-1.13718153576014,-1.42254191242757,-1.09195656247384,-1.02963549998961,-0.70748856814147,-0.291365326538032,-0.708487516733621,-1.25355161649826,-0.934467535540581,-0.453226788123481,-1.32155321418038,-0.468367292387389,-1.29924617064785,-1.11885940337466,-1.0984972029269,1.42190350961303,-0.0889194919197159,-0.664861280972992,-0.451916881942177,-1.1654089576668,-1.38833417100818,0.136712534715913,-0.793877233758848,-0.0882354245541792,-0.259543277931889,-0.79870868550149,-0.964800955663607,-0.301988612237899,-0.583552465995025,-0.67528996347934,0.679078244395244,-1.85780357103649,-0.0732344652900536,-0.126761655202864,-0.612590704369997,-0.75714890462991,-1.05307422408035,-0.309223655799501,-1.52025537051061,-0.562970639159429,-1.0682171331807,-0.996442618220986,-0.790355626808487,-2.37895977704937,-2.28400442572717,-1.66433199275768,-0.839660098800575,-0.738962817022316,-1.65586396818065,-2.67218812111606,-2.23125133900757,-1.81754323492367,-1.27383594564236,-2.1009916958766,-0.602746890148717,-2.86523972682376,-2.54383012017707,-1.29845443460052,-2.24136079013284,-0.645997752773446,-2.24649764744814,-1.60916537930948,-2.60071058937026,-1.16407161608555,-0.847043693057396,-1.46069187177677,-2.04902135614585,-1.49044102523908,0.166937095010323,0.194698908101552,-0.394645523046705,-0.162809633712763,-0.457065787013903,-0.560301327980481,0.0321165349714011,-0.593789377047131,-0.570653437513414,-0.143980836423387,0.0102463036062263,0.102656594678182,-0.596015011089829,-0.45074231844385,0.779423269173572,0.766442773705254,0.523221672894817,-0.827363794540048,-0.0450343660564373,0.58218191440459,0.0773745550104811,-1.18618773499802,-0.198102506430498,-0.423081279188814,-1.59573190243993,0.306006604388138,0.221191493196085,-1.34410483763632,-0.218716870968984,0.604826793730013,0.470494459464122,0.674297948116223,1.24688348410045,0.542387024844496,-0.734715443130419,-0.205386106527558,-0.277813332920474,-0.196091975918967,0.831968241120113,0.261237236529253,0.102918051957034,1.41090624232482,1.0837417459243,1.22329503148782,0.672491030454838,0.859999103267149,0.620566634736945,1.20297421402267,-0.908704526095637,0.646613391779481,1.05063619057271,0.0687600279459725,-0.681042061735735,0.500087809530918,-0.718418755984533,0.123731298006202,0.305763212720215,-0.33150331980436,-0.0691779121913406,-0.245350674662964,0.75513345080069,-0.408379549521045,-0.623638760546471,1.17039309219371,-0.540995652953038,-0.755038649422645,-1.28747769933456,-0.242170121126114,-0.92389595105095,-0.111430191691891,0.521361103756032,-0.144530205476116,-0.894541651789801,-0.0723425943938999,-0.320685555154401,0.320667008808932,0.336491507989197,0.422773811521455,-1.68639510044748,0.522468073308777,-0.888132899734854,-0.686078665994516,-1.66946578050097,-2.77657501849739,-0.750711524344488,-0.955650440891152,-1.26363563543778,-0.623090558278597,-0.609362393668027,-0.647492163062303,-0.282233336560191
-0.953507166557602,-0.0706743324181607,-0.404791770294889,-0.114970289384868,-0.485517138810362,0.969331729124505,1.19485315289632,-0.150038061266726,0.0878393032237398,-0.825202160585703,0.230224349187078,-0.564124629652924,1.00188720162801,-0.0455896201894407,-1.08734608906153,-0.54997479519045,0.220337127177155,0.723740722867873,0.126389771784337,-1.76611541863161,-0.66594670123101,1.43631149074474,-0.438774581784909,-1.37936522178579,-1.4953943538043,-1.48924908372363,-0.381941777630123,-0.000570546638472556,-0.782124436102189,-1.2658532600006,0.153455997265736,0.144169492201053,-1.78633087022802,-0.330350117888054,-0.514117960272065,-1.22375121372421,-0.647035623352329,0.918431747623671,0.079116054604411,-0.363127847278944,-1.28354483519256,-1.38656044394725,-0.668623333573284,-0.787833027812949,-1.25374197742655,-0.51120414015394,-0.97142531165094,-0.019780702024839,-0.360262932515392,-0.0350933986729321,-0.270798187296179,0.726842825744862,0.0571532396016899,-0.948193580645723,-0.740481530293175,0.164123709461949,-0.432127212521078,-0.319015636687662,-0.799139820323267,0.243126143246411,-0.625753527679935,-1.91276295073726,-0.643574838066903,-1.04813920232162,-0.509930000207561,-0.431350121394467,-1.39909397094075,-1.60685618442671,-1.19299894091569,-0.828919374799311,-0.711024276329255,-0.961687930372814,-0.847591847697338,-0.659398159285588,0.0510553734901218,-0.207991363916158,-0.906049569066978,-0.0601629720054635,-0.601243310398961,0.420531055443018,0.443329199098969,-0.092150784065493,0.355887463724116,0.622793039181634,-0.313722886378754,-0.693556563928366,0.281870168250079,-0.664362365696888,-0.327537265124933,-0.435084193386198,-0.486611564088162,-0.202892014592917,-1.06204567798955,-0.136530545012304,-0.845801845632946,-0.625804049454068,0.423203247546621,-0.0527213368319036,-0.220440142008258,0.526542307610521,0.561443789442886,0.40596157723747,-0.0728893761584365,-0.241490397916441,0.421575404925383,0.422673088923017,-0.56962471176903,0.0802896042232278,-0.802612077655648,-0.229926378001476,0.354529025652785,-0.306778635517892,0.65167092051588,0.157423024243037,-0.0758814431021124,0.0696632116724343,0.434180392521752,-0.529926270623007,0.656730515995132,0.233190943655633,0.358102602904894,0.552938387040798,0.48078968346989,-0.17437232200063,-0.00574253843244545,0.120327336009781,0.430781156388014,-0.905624483235456,0.384988189313557,-0.811781641815413,0.00292067507650349,-0.746510026794851,-0.653243793999757,-0.0689344846750568,1.33198363779545,1.75072278978661,-0.910982393417409,-0.420650293338805,-0.32052886955751,0.160761393222811,0.221455146538812,-0.340953083555459,-1.29601673760632,-1.36142922010147,-0.730318958168764,-0.807196029697141,-1.07645478551574,-1.10932956791657,-2.4556484451573,-1.3846920970427,-1.81746790902652,-0.940135524958,-1.05507882789458,-1.22598148724918,-2.12302552810036,-2.36510755370704,-1.43740235762431,-0.573797791235305,-2.10924118260888,-1.3040193874984,-1.92546752045818,-2.51214333615185,-0.944224180408078,-1.6924324368046,-0.485241959086369,-1.18345507897107,-1.46760014490588,-2.04461761091498,-0.967885894374794,-0.770949271034223,-1.42351709905659,-1.32253738520075,-1.56014512907728,-0.86760425400476,0.367375048544824,-0.730784083117805,-0.713190461732993,-0.582492594419727,-0.612112899554445,-0.0445795308448111,-0.0453464991928148,-1.24931219285311,0.322361311051394,0.565987627818567,0.819668772093489,-0.845423089727595,-0.638316492079752,1.2440615384696,0.707579127079336,-0.0715376766694938,-0.180105439423086,0.425182713662886,0.0880387359074641,0.395096865199675,-0.694579027347231,0.342736040899831,0.234693196218912,-0.331946032259664,0.389395539779284,0.120309348570799,-0.165258306910315,-1.12392073094929,1.05084423617269,-0.318036362395129,-0.440780878009623,0.443668419303288,0.26448208953624,-0.108393198753506,-0.0617001252584662,-0.0247025725035945,-0.353763536457541,0.352393219913309,-1.28972307677473,-0.0755614919536273,0.0607303527703623,-1.02221267015447,-0.323007234770162,0.738491654001239,0.509448060832198,0.116949190159637,0.000992708790534052,0.65603792634164,1.15576174746323,0.610133939788006,0.939739910355749,0.564048255425978,0.892914392144362,0.562791059110138,-0.0377287833063599,1.04514880741332,0.834622938519739,-0.161336260862094,0.643008537282845,1.05790412365437,-1.61171140920052,-1.02643848134269,-1.07228329858912,-1.57331749656685,-0.350411774648254,-2.62835252118316,0.204332276010346,-0.0433340619013186,0.367031706453952,0.945170014272428,0.561595014130679,0.888812309566991,0.172743952580936,2.06990803570856,0.103350723498386,0.431736950484855,0.51831724467233,-2.43535572810221,1.43299118646589,-0.130793319068507,-0.767468463658344,-0.774997657700996,-2.44298263852813,-0.984503279539285,-0.280675412288034,0.20933538025525,-1.1247293688763,0.269080054707688,-0.824254237856931,-1.14740789770212
0.441915193110415,0.637026901098174,0.537955555989546,-0.990730891103039,-0.201113519198832,-1.4241012375201,-1.55122739781874,-1.20038325400846,-0.45427715412173,1.29024597868182,-0.703089094233213,0.198542165864898,0.391962583324789,0.839490634803182,1.29532885962559,1.02400503630835,1.16750977701402,0.655311375628432,1.16102155106744,-0.175323289694279,1.93397467112402,1.48347647004681,0.932920824228817,0.75193617289041,0.720662640396305,0.160819667513273,0.442820007676517,2.24022887413128,1.3626398630513,0.295236325821164,0.780413787573983,1.45495472359067,0.17189932413431,1.30640202744969,0.987001178030527,0.809820310875451,-0.108451864330339,1.40747800622591,0.822791748363917,0.717544516906931,0.993289424405966,0.579007728124564,-0.421286011191369,0.396580123742621,0.522218400858808,0.431209056133129,1.02769210639932,0.678841387154146,1.8010790136644,1.0917694945709,1.79740728233432,-1.54967074051818,1.25353475255013,1.18236356692459,-1.38812285735025,-1.07698309640798,-1.15338631285238,-1.63784760946812,1.20246284976157,-1.28569013985584,0.264304009765246,-0.191844430155791,-0.184910420206237,0.432407827383327,0.0496067991377204,0.29095793685726,0.466938461410028,-0.0915528044900895,-0.185368636910044,0.237559316071887,-0.141917210909413,0.279387330414708,0.120990037116902,0.935638258495141,0.818420912782723,0.160623002668204,-0.769937727937159,0.982928875066112,0.432174616867478,1.83826470192221,0.824844055579474,0.601246876713985,-0.802435946604093,-0.61566325101869,0.326849584797306,0.974046806779558,1.16044891572188,1.37973531084144,1.20029655774486,0.795046000305524,0.418028350576781,0.812236683712633,0.337762693548624,1.0714681087084,0.854109543945665,1.6675793263933,2.19354010613349,1.54203498285825,1.05533773963458,1.23978546918183,1.62001991122812,0.284423560614469,0.849278093697932,1.13813221345076,-0.645725682291097,0.0390003494041727,0.257836924971588,-0.211397960351667,0.503597627476128,0.786336487994837,-0.895167725553942,0.715242361794407,-0.645605411756566,-0.861646978093384,0.618614453403851,-0.703018779204615,-0.778951998343114,0.358946452763807,-0.218118837367194,0.886557188579568,1.83203393850372,0.133155249824927,-1.03332478738932,-1.0956805109934,-1.24820406249142,-0.734739147943598,-1.03884371520907,1.31749914079755,0.838900779722413,1.38733849032624,0.57011213039016,0.430337707659594,1.37826831849088,0.499404665539366,1.41584694534229,1.28815005997196,-0.202715904624683,1.35462962967622,0.464809842340336,0.288411841310399,-0.919470392777977,0.559640873404958,-0.729979030304299,-0.648582742939102,0.370111136027344,0.876785748941784,0.851477165778626,0.226363169520721,-0.554650413142965,-1.38796477763636,-1.41721800088916,1.30488228858668,-1.36973334760591,-0.266049025771584,-0.757728464603562,-1.37767975276548,0.25590670860823,0.189452742104741,-0.395406693579735,0.362664893490887,-0.344212884138411,-0.993680343092501,0.316512780155372,0.299027764975748,-0.10860941943959,-0.513279119770595,0.113624720677465,0.104717609571116,-0.128253495053363,0.220576363988604,-0.624597620980197,-0.316046972051366,-0.694392762165298,1.39285856214163,1.41562255618114,0.381167191073674,0.966196845474444,0.950102156952423,-0.203095917346931,0.162140121789794,0.447136528866009,0.275375110805308,-0.10798623794648,-1.18357046269857,-0.987990296247956,0.837708554142256,0.67701132236369,0.272543099998304,-0.755319233998804,1.4422110396188,0.802644487812312,1.60033791466292,2.07251133020624,1.40120690259671,0.477458450928297,1.60126133423775,-1.13062343976861,-1.05188923367507,1.53291916732688,0.124678307470161,0.50001660454167,0.942437810509844,1.29996278599,1.62901958304084,1.51861172145468,1.12349221979778,-0.556138613657539,-1.21955978800586,-1.0683588223274,-1.11939583368445,-0.969024119493047,-0.389158287612052,1.21966204967215,-0.48986668861869,-1.10687136831514,1.66757713729436,0.0596884246496066,-0.618666432168777,0.347560199791709,-0.989746882350628,1.51778358433461,-0.723571747779281,-0.540359409895175,-0.114224792370257,-0.312499263188513,-1.12996709779956,-0.916663267901743,-0.667589715447498,-0.169964663991962,-0.484806067264496,0.399622656899309,-0.0536050495326267,-0.77131794872901,0.960486640651942,0.640704616947962,0.771794240824886,0.940531477748106,0.0991472629048205,-0.0849842724463862,0.185850640720522,-1.2387428671318,-1.05725106444726,-0.220724954140489,-1.20005037901545,-1.60962145653132,-0.401414136617062,1.09102756625578,-0.0534207673412889,0.792557986870544,0.596822535296892,0.468325156334749,-0.303234317907435,-1.11134917826251,-1.11001725325517,0.258889305917891,0.175874781324455,-0.477735064378506,-0.25593462159225,0.728800878522723,0.436622414720622,1.24650106231686,0.164436948285682,-0.132229212451984,1.81079582044579
0.324613785760521,0.508168348714647,-0.568104686623573,-0.832648346577943,-0.618064395398258,-0.209258382663918,0.176954734291007,-0.939939003122278,-0.0330887626224395,-0.837470949428114,-0.12173174754052,0.197061073326211,0.0531173641529493,0.516661368870733,0.661757875138643,1.13769185849271,0.319463698518462,-0.037439121673143,-0.165689231762742,-0.352805875367262,-0.430210295082629,-0.327632394109606,-0.00138506896686211,-0.130666389067671,-0.509530675144645,-0.743203371600374,-0.205191728481992,0.0633620752323414,0.158280651861301,-0.276406922078581,0.209645320585179,-0.530897329927348,-0.186420120964421,0.198500362977921,0.0854840371949409,0.0506692714383062,0.141873641182098,-0.288474149942364,0.0784322803132359,0.563683759570699,0.0819935838911107,0.0943643704786811,0.0937416316757212,0.184834706817753,0.0941444899056448,0.0672398368408528,0.121507125527716,-0.20912075635282,-0.500651655659843,-0.174715648505754,0.922114102127737,0.027663892711042,-0.613150384239906,0.199590846318026,0.604084624958353,-0.138713920769383,0.904452154959682,0.409545067708085,0.672556082095954,-0.698013770188966,0.20186347338976,-0.806750140823054,0.114129995947631,-0.344845546602944,-0.0950017545411771,0.674300334159871,-0.41159493942866,-0.853516323812281,0.075841086489601,0.0161822209931889,-0.0835690594148339,-0.469806778091021,-0.418396676868086,0.401984939876534,-0.15785801748294,-0.392660114420275,0.454971587327222,1.43069053719039,0.502393683301501,1.76012766711233,0.092698235926951,0.221452457585161,-0.180446909105583,-0.0525816048256328,0.0421676652456507,-0.173629053722631,0.690228493891188,0.961332937119679,0.80641235572402,1.26325273161003,1.1590004097877,1.06413391314611,0.376451196781129,0.345910728014981,0.847821794403668,0.0439480207367805,-0.3136235268225,-0.177429850002568,0.337503991186666,0.502394990219698,1.13766724339222,1.01038139296788,0.179500063130033,0.698876132294303,-0.180581915903475,0.372201717924615,-0.114149692514049,-0.681427891548845,-0.11433047610683,0.110416067053133,-0.439135332256916,0.816087001671584,1.2505926853076,-0.10688052619636,1.09000424883217,0.876255343545135,-0.274573310214143,0.5337372717032,0.78510683928717,0.797274556178635,0.0350704031449835,1.14286484977566,0.707339226731755,1.0342867784806,-0.0919042549017199,0.607177667244351,-0.619907431499177,0.182417314034411,0.697172930138173,-0.371522075550637,0.892933438660633,-0.136158145575357,1.07142403046499,0.921679727473271,1.59999924575568,0.799060448513895,0.567471234898362,-0.775494924268812,-0.246067566295623,0.256438022102322,0.177340219739251,0.593891060456195,-0.30215562690032,-0.269760528939039,0.678586929467715,0.804199416952245,0.383205696959983,0.609625820007543,-0.367349174387454,-0.0908885892161538,0.217731592413896,0.930101720274093,0.165031709432126,0.394183639146065,-0.789414723879852,-1.28233777268069,0.401584605857376,0.51391792525949,-0.262066798065256,0.915269464984309,0.389799406459412,-0.920942093087103,0.615770502027229,0.484146183958496,0.102547921475841,-0.533781857069181,0.245510241496536,0.285100397485915,0.339563711349837,0.428053956015594,-0.410417803021192,0.626164301903574,-0.581286978006619,0.570711929332381,1.85501306988232,1.12123321102626,-0.00103780702942324,-0.126613336521101,0.529981888141032,-0.441260214735422,-0.162501941520319,-0.117226191670961,0.749623135344954,-0.39399264007414,-0.789020695856644,0.883514966638868,0.424548551696549,0.508361220351138,0.0264832730552977,0.0750419470698369,0.285836779036017,0.29718654914231,0.900840763203102,0.706488584609527,0.4733908386473,0.706503121331014,-0.295794787666684,-0.342950397571964,0.569313941035043,-0.0164062033749216,1.22405258275886,0.491445729356169,0.193811806169679,-0.27001637729966,0.303224039462941,1.60591734461974,-0.12192566137025,-0.492863250451365,-0.611055059855622,-0.481174468406602,-0.714298052699881,1.20716677358956,0.392512860696907,0.141486789018729,1.03355836611571,0.66591103463806,0.924660988415906,-0.439242595945453,1.56070947921746,-0.499177349727719,0.971547428843777,0.727488887303135,0.0844205340833024,0.0224477658883442,0.72048473440047,0.454224565125161,-0.997517599391212,0.788913913701316,0.851163410347707,-0.604709641073999,0.498929181755529,0.879654458575822,0.759253642578101,0.371314545089658,-0.386108514139513,0.284901370169185,-0.482853753955827,0.262475958936498,0.827869941235994,-0.325292972271357,-0.663992487669213,-0.331165778441878,-0.314529120581023,-0.678384183458682,-0.241886203674486,0.11107890716327,-0.687801300708238,-0.789943957325273,-0.49255827401604,0.705819575142562,0.347574092738219,-0.0707114168240774,-0.373456664428733,-0.0257136105625014,-0.183527903605418,0.263861026016698,0.207880557921793,-0.862623747610495,0.0766334256668341,-0.158403698419124,0.708679642710145,1.51337948724943,-0.195499729674347,0.501942631721549
0.0972642073540618,0.170538692958066,0.903318852111738,-1.20085774472356,0.710385076218801,-0.145709236793376,-0.654512866993088,-0.468250606093713,-0.0629316701337529,2.06878089420047,-0.258436190836712,1.41285397177727,-0.130747715738876,0.331443088001449,0.599324017588349,0.716313673323205,0.358471056050457,-0.655969551725203,0.0694751587839487,1.48407134162294,0.0161775234475545,-0.453015359260651,0.471642688536595,1.2300286801876,0.463916979532982,1.61531921354103,0.515023534017407,0.554167847031361,1.44092203230849,0.555065478320437,-0.138842461102927,-0.157359232561422,1.60650819500279,0.993160307113734,0.389126918647432,1.34039564484061,0.797715250816057,0.0166395022700727,0.26356435754952,0.865468629811839,1.24712147043875,1.31818958036172,-0.598215956305312,0.771945423724452,0.781865311423687,0.385921736664299,0.419689112282041,0.584215292895374,0.313617549918173,0.111100868901857,0.504330900305761,-1.21372820339718,-0.00418705968051115,-0.0118625361127691,-0.795993521501782,-1.17355497714444,-0.253384696267028,-1.13007709537241,-0.782299676932206,-0.753224261701201,-0.468420231955212,-0.934558232227349,0.371772910960114,0.216842182605573,0.19958662330767,0.619008457276827,-0.169441440214411,0.706323036970651,0.807850076616595,0.0107649816562375,0.161566855109742,0.508931417913692,0.340923931087426,1.13740227822538,0.378399276635156,0.996492726130028,-1.0561561684352,1.27913788032849,0.60402403875531,1.68047252348885,1.21754470617945,1.29002701278048,-1.14466201419573,-0.113825091493412,0.950236534736269,0.771384745279493,1.26612510281128,1.0972171275844,0.770507330679266,1.30873608962313,0.593878659375307,0.343793668222955,1.36176490872747,0.839466415877038,0.453952804941335,0.790811417043786,-0.521597580347487,-0.538574532692819,0.886354146659117,1.52971929563729,0.044427237528659,-0.565247672310558,-0.45898421138745,0.65550950622646,-1.30067638168208,-0.655278722044079,-0.212339659923287,-0.07795937626756,0.727766020907443,0.769592498248953,-0.917589575513138,0.77933983131259,-0.636044405691543,-0.784264218220254,0.202026071270094,-0.389583401325571,-0.646085698653572,0.999016121982741,0.325991816541666,0.432374934822326,-0.628342141682808,0.308189484636139,-0.133466137993341,-0.234638986068039,-0.48048860442048,-0.17423018566092,-1.11018438232461,1.7369594720286,2.05040299177336,0.243260006438738,1.4441095953581,1.46451933621861,1.44394588634943,1.47706450229634,1.26447722687581,0.647234561505866,0.681808506501924,-0.248800154615189,0.361516869100672,-0.626828232973937,-0.00389997543835667,0.509569416741241,-0.431035916784198,-0.218419931741194,0.162325075159741,0.0254387889623729,1.42984749829729,-0.0852068274785978,0.391182670930693,-0.462289030341463,-0.125856714744455,0.44753389098111,0.304360469154694,-0.506486942411766,0.514067141958517,-0.00585295554374211,1.36584785109764,-0.0858192557590171,1.16317085685991,0.225300905079453,0.0746621878802878,0.258085974284557,0.815502422183404,-0.645979141542721,-0.594613256241822,1.18022593958804,0.54114444934003,-0.547697454447725,0.649480163226379,-0.141606137835669,-1.34442119415464,0.335924755290402,-0.81615219726979,0.21567816911787,1.34353132738263,0.746137456730573,0.761025671400226,0.860438347795457,0.917996862153279,0.941517268877645,2.05537539503704,1.75347476526295,-0.379088640214005,-0.953294243269948,-0.643993901117412,1.24621741060821,0.936323287825069,-0.381502820408731,-0.293818552632574,1.44492223269031,1.17854796353356,1.18389065092663,1.28148881219699,1.23863812902492,1.28624319080531,0.727325988353346,-0.707677989665314,-0.163536213965715,1.29438631779375,0.315579864954054,0.404176422956761,0.61069407048667,0.499542980545065,0.58685343855543,0.468337463091087,1.32627684555406,-0.686866686965967,-0.812030064045606,-0.671502743664446,-0.563313159002955,-0.329817779590729,-0.473788539312215,0.0808675425336958,-0.828487367650752,-0.78030916747236,-1.25510433158,-1.21496968350474,-1.08064859556007,0.0583760456931479,-0.99490739661059,1.28693663635835,-0.672169261892466,-0.580851141517743,-0.759975994199802,-0.457715906024175,-1.01500831837391,-0.616085414224411,1.15272469272672,-0.739171112829421,-0.529269425540647,0.326543839675884,0.224216199368019,1.56803820165949,0.67191975035303,-0.341817893767489,0.257956403813847,0.428799789130771,0.358732275882701,0.387640237167089,0.304905603627681,-0.447666175600065,-0.702655051849871,-1.1205783002393,-1.45112376591396,-1.06992863074611,0.360344736047951,0.619313280483655,0.51773113072075,1.01641174952032,1.31017800870185,-0.0876799353667327,0.592112208741309,-1.30229865383793,-0.0248790549239691,1.4830216063476,0.300728425635269,-0.699777591645794,-0.0993267615657203,1.03378113973712,0.710163635214163,1.04143078427122,0.867113561963508,0.173864789608051,0.264944174677892
0.696939080930887,-0.210529278802573,0.149875191544605,-0.256555019950866,-0.201919147807814,-1.0206462643985,-0.952772249778555,-0.346732788918694,-0.217269074512248,0.0933488625303464,0.250639287840272,-0.270103821442997,-0.447011016922391,0.609715575826693,-0.434531414198006,-0.0799550764397923,-0.116239840159951,-0.996651806247586,-0.449701806476182,1.13238464101001,0.273034842280861,-1.35297320606915,-0.101592939769756,-0.0191244731014606,0.0839006219766206,1.06973087472604,0.239339140652077,0.328800402814785,0.528472132836499,0.134249998568877,-0.390993917107457,-0.134451850223305,1.03057440037579,0.257572164035181,-0.26173625814976,0.378480054824169,-0.230684228507803,-0.280081732811073,-0.221064993057143,0.140491882328703,1.012554123999,1.09609358504497,0.726971281480563,0.769678125752634,0.763118606129964,0.423196754156214,-0.841779185396614,1.18244756979934,0.361050894049784,0.158658035614722,0.173809753152738,-0.544939397410553,0.431782560834909,-0.7785471196438,1.0215122630901,-0.640106041164509,0.285763618696796,0.00334556059991589,0.0882383847234729,-1.03565257789314,0.619307810234424,-0.0623951226970042,0.00404299546093401,0.177362214799182,0.317562347623911,0.487440770424971,0.473874892225539,0.412421570058888,1.17799134396057,0.620884106045254,0.136435962622939,0.874931975948594,0.358111956203801,1.18021305629496,-0.474230370007743,-0.19173443636733,0.401579596386,0.527297618240043,0.936656382396498,1.60073796718761,0.243202279878103,-0.647917541624598,0.20876860996534,0.146354582762007,-1.30525158653043,0.467117235786222,1.56489633400164,1.40274305890006,0.27758464318515,1.52357370218745,0.385433108493937,0.32284019061101,1.08703138934875,-0.0254606599493252,1.24416547455514,0.443022533798682,-0.0909568710200683,-0.400685877044852,0.903861274552412,1.64254709887055,-0.186331603620165,0.318334878580236,-0.722130130480783,0.627951989375426,-0.935236801819858,-1.06207034652984,-1.20247373754141,-1.25621499718616,-1.056947788383,-1.23875005466946,-0.928489071845487,0.392444821972999,0.437774681150388,-0.514409579149091,0.102047936647398,0.362595203695795,-0.0342806819373337,1.33195471730953,0.278199431620959,1.59840422685148,0.225582748334328,0.899358072633152,-0.956554318742894,0.645575816561781,-0.842687379198281,-0.380787370308872,-0.88902902950218,0.269465591113652,1.12447343691978,0.110997732064924,1.70799960240687,-0.860037601833965,-0.291779588119767,1.5234538036282,0.854791080971919,0.381977809077891,0.0904173188154744,-0.658810756065992,-0.175418203156631,-1.51262175702647,-0.742669291472176,0.50322266485181,-0.357901798587698,0.38010464853451,-0.139434962799399,0.0546219174389648,1.03853785931992,0.390669967352354,-0.206049145885303,0.110533571300225,-0.176324548722005,0.861657959820757,1.21393405116866,0.566403726650246,-0.254029459704861,-0.799786042163006,0.660438851864527,0.14523945336323,-0.143812763858424,0.821241196315308,0.192658292530151,-1.07295766397181,-0.430650686861987,0.0293733204438445,-0.949158380637118,0.101140369071005,-0.785227274348733,-0.308513104926276,0.444810578824212,-0.783375480921733,-0.200381805020763,0.346123528376632,-0.949398457413502,1.10827780701647,2.19048975586932,1.59270086366114,0.779275944849605,0.130519459614783,1.51934382418644,0.838387301772049,0.737023923767658,0.283052633540076,0.553973622678128,-0.506823637623625,-0.279109858801917,1.27717681662477,1.17316036043816,1.60914914627127,-0.0441336517372594,1.47134017361048,0.610853797268313,1.25364543382833,0.78258881285989,1.32314399603173,1.22913546456612,1.32551218594139,-0.344581073544655,0.489532409815459,1.44153662597841,0.0830609790745048,2.01065506747322,0.655143086393135,-0.211983248238433,0.488990089331172,0.921658833755911,1.23979496860563,0.35361375939383,-0.571600570489273,-0.66978641013394,-0.827038162667918,-1.49837716629784,0.216767171308129,-0.166793740421133,-0.744489843766562,0.873315644406377,0.184640002368041,0.887437039953509,-0.744493134901163,0.251308112209255,-0.361750468131974,-0.0574793967270261,0.117023475088242,-0.609865144927825,0.0927095843489726,0.214183034805603,0.198877218476262,-0.98304552522817,0.344156881318182,-0.84603450261606,-1.84418294039654,-0.631620987849152,-0.0470194952317545,-0.0637418104638418,-0.302313865647935,0.418638256138636,0.821185038024359,-0.22072251337486,0.782655257119981,0.70935690139521,0.79164394156608,-0.408143776921366,-0.872358891970888,-0.095694315934248,-0.890550432618232,-0.569377391826583,-0.402678513166832,0.342307124328514,0.023550536883178,0.481132504287888,2.29042920492104,-0.512919384286453,0.479441079771073,-0.554912596318365,0.460966855297632,1.29901860585884,0.293926102527173,0.139580366535611,-0.00982032042182853,1.12466984377926,0.925819093255552,0.841308294710033,1.38887792661247,-0.550825536586328,0.26965278175225
0.693394523706288,0.542214584205156,1.06483135853247,-0.656592882852746,0.555075585169924,0.401258122918666,-0.22940049917289,-0.204761559926868,-0.314902124257606,-0.0359704928426149,-0.338473554243676,1.79062476419015,-0.0746733206712021,-0.585016962807675,-1.16568380162265,-0.418905609607393,-0.575974090565482,-0.905756934449538,-0.345091497293017,0.309167359238616,-0.822369999499406,-0.836653568018988,-0.319222980142228,0.425856228512025,-0.197683408143337,-0.0575419346848573,-0.225430430828553,-0.295072738448084,-0.28577497248726,-0.194461963914781,-0.71815641637839,-0.22458403007819,1.08687924489644,-0.60597180349888,-0.677863881970018,-0.0428443505272381,-0.394601573912939,-0.783890881210521,-0.302715500845779,-0.359592924200672,-0.552361726418054,-0.112360747547706,-0.950769276795886,-0.00154619752537414,-0.0984347750984731,0.302287577669962,-1.07690113174345,-1.1810255882881,-0.683932150347942,-0.962856353641161,-0.819818494356728,-1.10287675820806,-0.690471437126893,-1.29128833500568,-0.708263358003629,-1.7499019280733,-0.515261461538116,-1.35123357787161,-0.828555461429553,-1.67195123136414,-0.992900097915472,-0.284224838729615,-0.278893610378335,-0.765673307719872,-0.07359585713152,-0.448544198560438,-0.977782761950489,-0.952674718347466,0.0405386623040324,-0.703810606803977,-0.0544332842445854,-0.229464077974603,-0.203478650371324,2.26254659046702,-0.0463618444404304,0.973885549817099,-0.277346381676011,0.770324162377037,0.164029540781962,1.565117184614,-0.303387009872662,0.0331634663774551,-1.13812251749654,-0.777644823320726,0.376736976463293,1.30599659523706,2.03415051602206,0.698278941122076,0.93374428339899,0.562415551265075,0.236609883866568,0.905830157500202,0.694794780957116,1.63685713659691,-0.479908701126886,0.540157628517899,-0.532962039849422,-1.62199762101627,-0.171249730120248,1.42232143931262,-0.262070238777551,0.405278135805538,-0.87144188443408,0.273733398231436,-1.05591857104955,-0.416666919546515,-0.659760833199791,-0.162434128236562,-0.0403953799119636,0.182618645694099,-1.28118108431624,-0.116404141719023,0.0393212233468131,-0.848011754501754,0.583448385341993,0.308611998876247,-1.02945841859339,0.209225781633654,0.897916883362362,0.66744737655624,-0.734446911081353,0.420022065396875,-0.38226861251577,0.526872270970631,0.204969797536943,-0.0804286089102539,-0.728489441715087,0.244936971058018,0.783249354991397,-0.339563795725746,0.305104176724344,0.236206175827379,0.351382366720876,1.56332779091705,1.11804937342944,0.861926519780221,0.177116445369722,-0.677919525879333,0.152064844346427,-0.0574076720577974,0.581641586986417,0.693860938015502,-0.0955923580955944,-0.280334716843713,-0.525846915821975,-0.297694741563853,1.32962145849703,-0.492251339181248,0.156698340089434,-0.341356107113163,-0.219162164583913,-0.747818756994127,0.495843027668152,-0.241017057572806,-0.0277693148257021,-0.793194403257685,0.644248866365361,-0.0446357191792263,0.634335907228985,-0.292796152345974,-0.52359611944575,-0.35728733270101,-0.68610625926383,-0.319012604107155,-0.275759365399581,0.791574623240937,-1.16542628711517,-0.0610213599291412,-0.949706946843498,-0.753675532714497,-0.483588886309767,0.505635236650026,-0.793411950945287,-0.867518489817655,0.467501515556499,0.574447191512939,1.65657760314777,-0.591879580404011,1.11158971162812,2.08465553702114,1.43490765812295,0.959430857165204,1.44127897486432,-0.690738761372409,-0.79166612543812,-0.148285260087372,0.240631272025035,-0.0382546740667975,-1.06004520036371,0.931375367276445,1.59897278446386,1.65819579666608,-0.6567779514098,1.86302502714249,1.62802779486496,0.610819195034634,-0.79698395868421,-0.410327698644774,1.66782750787752,-0.787397259335665,1.82594337244383,-0.234488372976694,0.768980327906544,0.825061513158127,-1.53750578730718,0.688698201169927,-1.66387447603487,-1.24815332928519,-1.31487454581075,-1.31246408214366,-1.19852910798258,-0.259258718961098,-1.22122649004641,-0.711003108499037,-0.500664606798624,-1.12696553788546,-0.299517341347708,-1.05179690111472,0.374636131169056,-1.35544388408016,-0.968304115607629,1.29617372819431,1.07418061681875,0.539712123591143,0.276779761691605,1.25894768036129,-1.41520020411173,1.27259601188081,-0.369419248381274,-1.47941966513862,-0.518078534988318,-0.970657988293582,1.18405268855042,0.770836687093633,-0.339648944827617,-0.285808050829158,-1.03127272070977,-0.366222032000088,-0.093830181144186,-0.0668992969026582,-0.640297992005313,-1.52482450552876,1.52718160452758,-0.343649497450818,-0.180324189130679,1.2994556123038,0.120277078710114,1.63226033097866,0.230848309082216,0.973243697925131,-0.837887790442095,0.238247203206353,0.457251577983744,-0.0961704901381473,-0.0771532737113446,0.302655517633118,-0.722412418570934,-0.207331001163748,1.15602547759878,1.46352472151069,0.550000058280125,0.89324265856359,-0.155642211386132,-0.871920201234888
0.690470375609308,-0.288912828141341,1.04310820638666,0.147552867784492,0.163415065257817,0.0515324314523442,-0.0603829598722845,0.613481686479102,0.641420676313801,1.36648445227638,0.660829232394019,1.38841908790225,-0.176020223513705,0.425873254959472,0.295489257428439,0.227133088004433,-0.772075061971793,-0.897809329509223,-0.536134331719583,0.48858443914477,-0.529175259642023,-0.167196254513139,-0.0907870939040253,-0.0813563392910198,-0.257479917588986,0.0895200023178076,-0.226879130780338,-0.570396839842683,-0.16625206824072,-0.267356012417101,-0.870352862936936,-0.374808458631689,0.944288336481368,-0.116173741300982,-0.874828738265733,-0.455963729586732,-0.0989674419753728,-0.647270604667968,-0.571290088737897,-0.371486218332934,0.198395446058407,0.643835609186989,-0.558037173862799,0.578646378815663,0.790411292562517,0.783477656690605,-0.326327348705585,-0.550400536867779,-0.594068997337942,-1.11341407787407,0.733007503753922,-0.776648106176619,-0.654707378341721,-0.100766851966044,-0.786221006611953,-0.612416552044582,-1.22619932460409,-0.920329605909508,0.521925911439403,-0.294002984504306,-0.410666637494389,-0.0580389363232082,-0.54858741273287,0.267059241259481,0.115728677491344,-0.299958880224807,0.319870214475289,-0.0940550147392449,1.14194675076203,0.802569599444027,0.300478628243281,0.386476745055834,-0.609503417316712,1.20789354902305,0.284066270064448,0.860312547044844,-0.695333786205616,-0.0921885951034715,-0.289801301508656,0.616601956483157,-0.0774785878307709,0.0539483932717849,0.0538617723225876,0.732295467048851,0.296207150639982,0.833156713572598,1.46057393604242,0.230817201761408,-0.147873669500994,0.175312352218099,-0.190432948385379,0.503335378691225,0.109196569879778,0.853049222405413,1.029877591123,0.604847737746807,0.39325544526272,0.103601173099346,1.03198727493725,1.34537522898513,-0.506401350305616,0.135447711380716,-0.0771995253938103,0.655373795572136,0.21064022555844,0.605979931565633,0.28346114226825,1.2649262015653,0.137124780895574,-0.0465975567839576,0.211689426140923,-0.276218304305604,-0.336984016825913,0.0845619853119347,-0.486375451675146,-0.43888708776617,0.0463732623027545,0.0938982711840963,0.144185734544204,1.03432038956346,0.730100317153005,-0.0446808782302544,-0.241233058980319,-1.59721447584351,-0.778731155807847,-0.543375266809893,0.484994994391501,0.353719691635453,-0.0500472155058363,0.428475824621219,-0.13140672477484,0.0702989867109796,0.100542219319068,0.417430385829577,-0.262262369184185,-0.0242595145397883,-0.0693202772754995,-0.0490708709730825,0.388044408459424,-0.342350916148022,-0.515372963614116,1.12173522355072,-0.182757507907663,-0.167679020789792,-1.18777383239346,-1.5677649250925,1.05677621823769,-0.603455238332684,0.0928699852580088,-1.46901738605602,-1.19327987982662,-0.888279953218292,-0.543044968159309,-0.271981961266342,-0.550823116832538,-0.865469894552552,0.14746554095629,-0.115574471650716,-0.511065094996255,0.00133517746870456,-0.726117630830135,-0.612084509295515,-1.28474893852291,-0.323998168813042,-0.0937819452798079,0.242616409897619,-1.24065710637652,0.103491480259371,-1.09884805093399,-1.24376039738733,-0.0046140550742858,-0.0367459187671955,-0.584759268485567,0.398338584006204,-0.800475131289186,0.20702800101301,0.881737337968901,-0.300337686676037,0.0859341471020106,1.2247100238931,-0.380267657999638,0.587724662670448,0.0465447977633591,0.234255319343333,0.493348353621549,-0.454990623104665,0.0305134205247116,-0.438756141972156,-0.552710194584142,-0.500137654487539,0.976329591278083,0.664185669062414,0.053390102059311,0.597760506495908,0.787683661451656,-0.209151036222821,-0.246864752961135,-0.639053508380134,0.543627170281268,-1.29676348338588,0.92180199909416,0.48642449209882,-0.0458736658121913,0.00544700534059499,-0.728941337739518,-0.296073981849807,-1.56364883464645,0.080132915343027,0.0267647108193728,0.060608936745948,0.142183807708992,-0.546918172920591,0.219029806098863,-0.809334619171551,-0.824019233748914,0.649358494163435,0.609831339211294,0.130079117991819,-0.721422346724758,-0.305864167867741,-0.457278928749671,-1.6543936953739,-1.13987786259429,-1.05378526598833,-0.871674502487966,-1.47959146499452,-0.0542370172654363,-0.968497049670989,-0.859514287605593,0.0228117408514597,-0.790781671194525,-0.805260609682418,-0.182680811211797,0.326813396341323,0.0907211990946482,-0.116728909179145,-0.193145720788273,-0.821606326756561,-0.874202941694675,-0.266234493667219,0.568611227829368,-0.258325515506033,0.506547200551078,0.328581785303881,0.511545711856762,0.0163615110528723,-0.189621952078086,-0.0936427448475584,0.0399269160358715,-0.127373888935909,-0.878885557055747,0.281314284859865,0.315056236080806,-0.16766541375928,-0.81371538115367,0.114624985419196,-0.605385312208244,-0.261122795385234,0.515816147231695,0.795963187988423,0.855433237369266,-0.648652661490537,-0.19322344552262,0.0490593150134148
-0.122146205601076,-0.507417918746641,1.45235824763699,-0.728213203020976,0.757432581542089,-0.416913490073609,-0.491969332786239,-1.05064537245252,-0.950458684109208,-0.421779171150436,-1.31529021182677,0.601182992316064,-0.228978582613295,-0.768548755102894,-0.188780924605193,0.0699606129517406,-0.665933380073963,0.247877333127139,0.172134562553995,0.345623376799119,-1.04612599558101,-0.231756419971734,0.207706892955516,0.137511066826748,-0.298267004852993,0.759543076475665,-0.218696432555174,-0.846687701479713,-0.0566461873163315,-0.109522394999609,-0.0305006306304062,-0.131117660308974,-0.0125657519469739,-0.486586521004213,0.0114195468753522,-0.0417133070438832,-0.0638094138618827,-0.52074373859382,-0.602608902319537,-0.19738026256765,0.41806167982947,1.0932092897302,2.27538081892073,1.58894939268143,2.19690058474232,1.47271297121163,0.00682033433470566,0.0723499733078951,-0.851603735832018,-0.755554589480558,-1.05392676877934,0.525046522284545,-0.822402276735967,0.303228202651241,2.38948905472163,0.124251232790009,2.00418396908667,1.65270100082774,0.444631408853352,-0.318426112493973,1.66762411907492,0.982511227870396,1.15859963601071,1.72192506746349,1.09471250164997,1.11267531051669,1.33163246305694,1.61214768290261,1.8159227665924,1.91999590094122,1.69521257696228,1.59483449020245,1.61500992524459,-0.136133992309415,0.48246620305564,1.00479756186481,1.58535024111316,0.214287505938415,-0.386832531283751,-0.353372105863241,1.22417541263228,0.64878724488947,-0.66208808642035,-0.482650718584815,0.340162232525234,-0.315172195716172,-0.367913877239868,-0.0920365653794598,-0.392412666571034,2.02603929709723,1.51923165665276,0.246454068620305,-0.21541400734564,-0.683860699983325,1.64405138919359,-0.53347383633715,0.217453852816359,0.0269046690778805,0.355853899352829,0.0668454841999317,0.237921043876133,0.276249699987969,-0.0734765009018872,0.283819019788728,0.163206013597296,-0.00666593166531325,0.567115416628428,0.441772301207519,0.396164004000113,-0.129246967506744,-0.80390554334187,0.251498105663138,0.988519732800725,-0.658685790449164,0.781835457575131,0.193170280799338,-0.0734435073894085,1.05631793244681,-0.142011399196184,0.853025758546553,0.183645966169488,1.24305031176038,-0.105796559284876,1.97869124571483,0.341429040552164,0.243907216286315,-0.717372710470208,1.78185560892684,1.96300482692331,0.209967936480983,1.32200543396256,0.752016033845166,0.174105059221794,-0.456280649151482,-1.3500960146578,-0.80028869656069,1.14666617870159,0.569721100796495,0.827263775143921,-0.374354374811607,-0.0716028809786836,-0.0106856863850825,1.44384150124167,0.185823476801793,-0.335486059743352,-0.729725413086081,0.704149793565478,0.740381416098557,-0.644158305814014,-0.0336077197678734,-0.0316134208668296,0.166020280266732,0.755103546555967,-0.0729517672278639,-0.81134951831479,-1.32368026357777,-0.472074753734088,-0.107914332350913,-0.75536242682208,1.17729482444428,-0.159236533533106,-1.16663998988453,-1.34242649938405,0.925049771347772,-0.207234637342311,0.00576890333786098,-0.943785126061337,-0.159725490284343,-1.25299763493837,-0.779968118828334,-0.129178229072362,0.613784317174701,-0.5016115089607,0.809145523488138,-0.153275951800846,0.939447850120095,-0.628162255179809,0.258386455821266,-0.712326386914645,0.769854777803132,-0.275344473142739,1.32800649206559,0.184185575839001,-0.83632364234469,-0.950331026925914,0.591362367775741,0.218769619176245,0.3025591046075,-1.42458539459038,-1.15056261719466,0.36738116218136,-0.478916487821603,-0.0644057694292698,-0.705294749394794,-0.361339351074541,-0.343192613290222,-1.55387497920282,-1.27372002960627,-0.281759198291775,-0.0538909801427825,0.102200182979165,0.737789888911898,-1.10367410234067,-0.799565109225815,0.143950273478845,1.19783419126154,-0.0408755665180882,-0.520895663647411,-0.560688066545656,-0.807915373684731,-0.304862568812739,0.788752642654065,0.350471088716983,0.437544525755432,1.00386716238002,0.864012352157535,1.05524529799964,-1.06320532320397,0.494283410033071,-0.323742735051054,-0.624732798103587,1.42681546917277,0.237724541605547,1.89179124131512,1.34422114554487,1.147521339369,-0.854139852162666,-0.345339399525826,1.55647222868884,-1.07416875295467,0.966801383407898,1.57813841202129,-0.684492680410584,-0.777866325026636,0.465978732968474,1.33365148256176,1.4329835789754,0.766064762981262,1.10003912564015,0.148772082987119,-0.573862854591617,-0.330039918066178,0.24412429048445,-1.12278337513669,-0.98409551180683,0.317029119800942,1.99082173560667,0.0867253873718851,2.27002654196831,1.59213998987955,-0.655642168975923,0.417057021120357,-0.317944487371592,-0.664978491474282,-0.217562425243918,-0.664141786687902,-0.179883207641854,-0.258189557277213,-0.0345813900497387,-0.0824488227206422,0.923492880959762,1.38634650233235,-0.0458750366787425,-0.564252126302505
-0.42911673851656,-0.993281400146877,0.708379095665498,-1.02116276573442,0.158904818538072,0.718196284637351,0.429149608180061,-1.21079332017112,-0.79238860059122,-0.738909923985151,-1.65933628661168,0.787092583721668,1.55105355175629,-0.792990277393469,0.830911565788514,0.694139064976053,1.07393513754727,0.486180225180545,0.0479523724365902,0.569687021022069,0.242124986264836,-0.273994845603089,0.365713433298952,1.25338657080888,0.798545180017732,0.0704393104616393,0.908659672284381,0.593958553765912,0.976808454357417,0.683746351218081,0.0745642619664866,-0.225294090485042,0.16855722007071,0.396920793457908,0.196456060083656,0.732415315061545,1.29918123569434,-0.279928982125672,1.48884459164449,1.18443957277769,-0.26489222030972,0.852639316267719,0.998524854211822,1.1763390168723,1.15961233857464,1.8176800021588,1.28617699233643,-0.761965739500148,0.389780247337999,-0.098773459211303,0.12354476974525,0.105755916036242,0.0112276288325128,1.10367446811927,1.17406553709239,-0.191648174980997,1.0245034782868,1.42332068001792,0.388624988172382,-0.329797948687603,1.85986174392399,1.3018994178938,1.69501527857875,1.02307447102886,1.13151793947775,1.00055048233162,1.00542198663348,1.71651047866336,0.210382868409005,1.42158552865403,1.82214022529784,1.25757364340259,1.27025429211407,-0.33537377797837,1.41030235158819,0.944277990312576,0.560568264662269,1.15267781938209,-1.06560648175466,0.253627787389764,1.30633997075053,1.64212482685082,-0.557278746015506,-1.13162572107696,2.29864846121383,-1.46041177290075,-0.927147646145702,-0.703135669254735,0.00242817328862043,1.28965256234031,0.673554924209308,0.126532269518743,0.669708572528814,0.750356274673476,1.17011418791923,-1.05221719234716,-0.268707086785017,-1.00991817974977,-0.773880259647666,-0.523284108804715,0.809500527407842,-0.612670563845166,-0.344924410588904,-1.53657556915767,0.129578205470698,0.0696055053812247,1.55590757129802,0.993924493501799,1.82361580243393,1.75749969362864,-0.506820198269877,1.26154072181181,0.722103669474235,-0.654420886589165,0.826243429639144,0.522373264169888,-0.0473963573648184,0.894093264057745,-1.14942138295685,-0.0848516956676393,-0.730412487914355,0.958388923341339,1.85532681420408,1.36512269169885,1.6198032389365,-0.209110549301823,-1.42874556118637,0.954777831152917,0.798187481667996,-0.315632700930951,0.318448379157437,2.21561788960074,-0.742269549652036,0.447695182925832,0.117095294137569,1.52559378577504,0.818084941003238,1.03248972101544,0.111881564312423,-0.692173140012996,-0.682501613900101,-0.530539540447295,1.22701327976431,-0.264429076714203,0.479318671330032,-0.620973360009896,0.708641641206208,0.508839814602093,-0.303415610987009,0.193344779311771,-0.199901812766809,0.0884582166450273,-1.33574906168681,-0.96938063757005,0.310148791309509,-0.423684183111935,0.50253407536197,-0.23922995226806,0.11398538890081,0.439259834338636,0.184038775501918,0.0249121303311467,-0.718363640820979,0.274557425986596,-0.95268076907736,1.92554925796651,-0.285978031111556,0.0816329353434149,-1.10924301023734,-0.114482259094503,-0.215878482832679,0.646738594507545,-0.85031713340197,1.16484066987414,-0.402744535407463,-0.0903060250165151,-1.26462867670294,0.752421923376793,-1.09070777666521,0.380361883406123,-0.282861245225904,0.667894513401375,-0.0464695424334936,-1.31481550645268,-1.18287597026851,0.103892497597675,-1.13215343003832,-0.00127923330197462,-1.6805334257138,-1.34236111101132,0.921076552773099,-1.19958661001966,0.786054702114366,-0.660566149024949,-1.26038644431446,-0.475171434107716,-1.31321138354798,-1.90033980286348,-0.390034396166554,-0.882541139661635,-1.5548965473258,1.27252332255652,1.38120669843332,-0.902151389050518,-0.0197875031432122,1.14590597308593,-0.0707695531921377,-0.274775839792483,-0.249947983352685,0.353483549249409,0.292728736554665,0.543929541688279,0.843997838376718,0.741286455633165,0.126732359148648,0.239743582919062,-0.453372737250921,-0.717709345407076,0.358959631336378,0.344091166917034,-0.845596684250317,1.58713894789212,0.0736415152626614,1.24505398938195,0.592336662251392,1.74902416827291,-1.08224402364484,0.437505592791354,2.07891295179225,-1.32316536297544,0.731574041813208,2.65214559571494,0.252559438960827,-0.335185850768419,0.780163724733227,1.0830780947357,1.18745357064157,1.06167903042678,1.13862185617235,0.560635431026666,-0.456641455619564,-0.580260562915579,-0.108570633437524,-1.19052431004411,-1.0518978413404,0.0562185440294558,0.0436491114189002,1.73895087160547,-0.295730795295368,0.639176418203189,-0.391896422119009,-0.273238579846194,-0.76936424183574,-0.0435280787500312,-0.357147405813189,0.476255055686383,0.397950876306514,0.120957902573422,0.0146112019717892,0.690806463666462,1.51939606015769,0.626533631121167,0.0617857251446681,0.314832417616599
0.600902523225786,0.252911604983836,0.160552766405348,-0.403220058118014,0.0244164366484112,-0.837281773749945,-0.550159479883179,-0.832444336694923,-0.852089148402429,0.103796335482715,-1.28243071655454,0.454032305059807,1.48459315436444,0.590572096087888,1.63393199204702,0.895351068962364,0.496967539263606,0.685879987444533,0.481806778755555,-1.43621880618841,0.758136666903566,0.737259452268722,0.638039843437916,0.961301320491842,0.260093180720751,-1.1517812853517,1.32590391762498,0.953883885573015,0.394011356379484,0.0425175696724417,0.262411595456609,0.480822248541571,-1.33999060499818,0.878745905129932,-0.12300718718613,0.202256744800673,1.51852002338526,0.165138146718378,0.999360393463384,0.440361543778862,-0.199673467011861,-0.409915576387791,-0.316561664197047,-0.181222800185691,-0.116889551644089,0.461655465987715,1.08699049582367,-0.98163197711066,0.454527363268459,0.403707499414393,1.31099109327428,-1.18917247881487,0.527324322386095,0.703482999826155,-1.24944481090749,-1.22865065537357,-0.669140925850003,-1.28714473815993,1.70226669118199,-1.23849319999491,1.14012495431394,1.57693212182708,0.205148875618099,0.943740074954937,0.177935152575301,0.427046593841693,0.652537500864603,0.390359863342082,-1.38839733412295,0.360330608874355,0.065243528870215,-0.276180930276769,0.842826345571424,0.0710995765153415,-0.265683158988576,0.547648520793616,0.927843134108623,0.0206059454678487,-0.487137064589791,1.27634688389862,0.115301312266568,0.381063484109316,-1.20173045084958,-1.1124378084362,0.852913860842231,-0.781595246268972,-1.38651282456868,-0.802302590468574,-0.131544170335047,-0.371212471076472,0.495142664498672,0.74848549244246,0.381951432092996,1.36053964800088,1.80109608549712,-0.786807511887841,0.486122339739915,-0.0074403424900819,-0.134925522749575,-0.922775126413173,1.1416254191673,-0.716552092933263,-0.3642282648838,-0.694062551115095,0.074627327841503,0.406635350233458,0.343818705942132,0.518145040296086,0.72334013993383,0.73304167699985,-0.541605141518004,0.47252770271865,-0.428332145898044,-0.30709919465517,-0.340648000445638,-0.420887246934496,-1.04674794377446,-0.509596972858007,-0.77754419087066,-0.739229472948304,0.184426101667779,0.241728742116272,-0.0391952405138686,-0.228138958006473,-0.0428726197855555,-1.13988173130707,-0.629809462323749,0.92168732325542,0.00697518291653526,0.531154323047942,-1.52915793207675,0.450491483883035,-0.231884641552781,-0.0664340288795305,-0.943030441775318,1.73521384612047,-1.54228823978387,0.937722433098273,-0.0107222651273488,0.482558283412497,-0.0350744693635344,-0.0848794186271528,0.935022097514125,1.18431033197044,0.40464152334214,0.0659358253301931,0.918393632211671,0.281865947472663,0.35712345011188,-0.39709716169307,-0.560708093813998,0.254490902494204,0.0194035144389888,-1.1954452789311,0.393331458229147,0.0547578276606495,1.07248743545841,-0.491375883966911,-0.320554834146123,0.49115948727428,0.6191275039253,0.353311067453536,0.0694196408000642,0.694214445523325,0.458664748808341,1.51072969105616,0.599393836654321,1.04194769513246,-0.221088705340949,0.667519715096091,0.485139325645924,-0.498246719530336,0.348043515501868,1.18906549432766,-1.65141939874824,-1.82744613218341,-0.802629902043561,0.606400227053571,-1.00531672460604,1.00280063094344,-0.357419348639741,-0.212333947296251,0.656226670952841,-0.579565938213318,-0.556670598103447,-1.39166330465177,-1.12397908994564,-1.20942806764179,-1.93632531519386,-1.20143673622986,-0.165675955858405,-0.895369796319512,-0.319257576991459,-0.503942000869881,-1.1254037449984,-0.645059635313862,-1.2543702571064,-2.45244588011551,0.142880881612744,-2.10553984844407,-1.62211657265188,0.255387160477841,1.86107415213041,0.135113476771227,0.652021771916435,-0.0832770529402913,-1.91507173607521,-1.28438976928304,-1.05095001012415,-0.488229334948325,-0.456652870024337,0.268196685071828,1.40289922446187,0.637861569784005,-0.311209928785874,1.70598889788913,0.436186291233086,-0.245737646289661,0.780442038935153,-0.419903581560622,0.910401692237314,0.327162572670507,-0.115571172965772,1.17631580405471,-0.151377904921243,0.0439264053773087,-0.544103698330909,-0.269324767204693,0.243412871477716,-0.480315716170889,-1.1534387803822,0.386415804798089,0.597689206434962,1.72144327658765,2.05954979718186,0.565965781881712,1.4151883216546,-0.128180811853897,-0.233187915550034,1.10036348161236,-0.807000421051118,-1.87010267314458,0.919383973898764,-0.35860550080783,-0.455033777986533,0.197398624165555,0.928569860682094,0.301012012365423,0.921496375879784,0.591649040745524,-0.0269385838222495,-0.915146142324615,-0.346090346109245,-0.434750788097031,-1.4606544198387,0.299134192484801,0.794347145553545,-0.0668718980667239,-0.788319676762725,-0.793024438554479,0.64776171836852,-0.522398495551355,0.15048363867255,0.0907281203359612
-0.647152940226398,-0.721571229872437,-1.6640983599593,0.809625865464259,-0.624694469255776,1.04301224203381,1.48600956561935,0.3930003736517,-0.571059255416002,-2.12105583587406,-0.606235263886835,-0.854941240776981,1.45756813673034,-0.58239408359092,-0.186611596447635,-0.843479045245054,-0.915329973065689,1.4019786337177,0.445728212841263,-3.21899279992964,-1.05160100324382,1.46432776920579,0.134895505681891,-1.6171719624214,-1.54260136134681,-2.63874071841505,0.542237200965631,-1.25228706134254,-1.88906944241999,-1.80573271496084,-0.25936233161193,-0.707265868064972,-3.17292832343184,-0.431939802313819,-0.228850740375844,-2.08249077987973,0.661209031982582,0.148936614531032,-0.311674653965598,-1.30715658342113,-2.49950032538766,-2.38248794186116,-0.00672593666323038,-2.07586610620722,-1.88719122165924,-1.85301688609659,-1.01070564434622,-2.14309292221156,-1.34401683066096,-0.114074890434344,-0.540496219070232,1.0911632341447,-1.04076973677646,-1.22081437142926,-0.192473665488273,0.177557466971545,0.411170584797665,-0.185051356671968,-0.35986821089853,0.510946508056266,0.486864214352668,0.313897949353992,-0.836080118583418,-0.816301843318007,-1.29841265388049,-0.742714401422654,-1.05276519697331,-1.79447331633284,-2.55105383541168,-1.20094385376395,-1.12313159916392,-2.52168083495274,-0.628766515217462,0.0307425842772483,-1.00963743785334,-1.13807562822308,0.689771187920422,-0.788684837875961,-1.20408142690708,0.552371137466394,-0.260159263815352,-0.539729861975483,0.491744663695038,0.611628513182353,-1.31654988185644,-0.285186392163891,-1.33208727613934,-1.04312868124794,-0.834103354005487,-1.23443505717537,-1.10449223145556,-0.26075423013059,-1.85972958089058,0.188223704758183,-0.593681414825192,-1.21710099933557,-0.556599441607388,-0.398045569291258,-0.18900769431276,-1.26221258058128,0.0949216453878337,-0.725817141568134,0.0176840621591303,-0.0325862236585949,0.812249560764924,-0.5283777909168,-0.118005967104655,0.548036810029807,-1.10717428561731,-0.609047886344486,0.710712438167512,-1.16349372442999,0.957426307357838,0.945126114886729,-0.295642464880128,0.648157952171802,0.552434164623326,-1.0601230750337,-0.357413374190497,-0.413784962911519,-0.838379698697569,-0.376357379063644,1.16190451716066,1.07715797255989,0.969611195001141,0.471955438047241,1.03367803184218,-0.541005756281586,-1.18187162681256,-0.140359579772655,-1.21687271846546,-0.617391496555399,-1.12505245760293,-1.23568168458228,-1.50564110633145,2.13364869650458,-1.55742166995173,-0.800590320926094,-1.35234761597036,0.295731807131279,0.644666856257831,-1.30291089260544,0.496639389160375,1.25932360520414,-0.351018560015908,-0.161026858903083,-0.436716279901964,-0.690462104330473,-0.287006954016864,-0.155268894553754,-0.323814832196081,-1.22740151564023,0.046951174011151,-0.190099301445901,-0.0901818799274205,0.0397191337022507,-0.131336688483611,-1.13054619157942,-1.20354018047045,-0.359059350885777,0.336556421579707,0.127617223517218,-0.571959726528995,1.18694108570466,0.326073554696476,-0.301494395413455,-0.00762207303473871,0.697194266556235,-0.570270069517738,0.318546751402158,0.677628772658137,-0.496539434830859,1.34116200131784,-2.06466176025899,-1.77215850511514,-1.35749712254719,-1.13807008624355,-1.17246690380358,-1.73967065857595,-0.23912960931874,-0.911236780252554,-1.7813779305333,1.16656646270037,1.10536500576209,0.971845205594589,-1.70954741858355,-2.10714043941753,-1.52522386032248,-0.28700022686863,-2.32273003144657,-1.68609252839693,-2.15474612023599,-1.84865046813023,-1.62950331107216,-1.21946237566806,-1.45010172827966,0.18331748183167,-0.656007679347145,-1.34646492603195,-1.36741699611557,-1.0481442218935,-1.72915972641821,1.57180463338869,-0.727306272986532,-0.932590143003728,-0.388544844451844,-0.0394074534127715,0.428109224797855,0.356025798113314,0.234069721853249,0.220448600599414,-0.395265861847398,-1.11122238067403,0.481516142703607,0.281811010578589,-0.553284033683611,-0.685467713200765,1.12583052138296,0.797931150231751,-0.194957942934242,-0.426275435480331,0.422916845093562,1.48480625463385,1.41585613792133,1.09529691791276,0.435446097046303,1.09528544743797,-0.781406999653309,0.944688531903711,0.976204624642512,0.15212421035654,1.21077847337097,0.190741824130496,0.687555691863601,0.492352949646153,-1.04708587375576,-0.789774628668236,-0.564101232896637,-0.325364958170836,-0.787022871731172,0.120813449462621,0.0484312006989667,0.649617636516426,1.26186821713426,1.07141354507843,0.0452030047928985,-1.0721009701875,-0.650773976913817,-0.422913297810389,-1.01925461349206,1.28092235471816,-1.48795274649183,0.838722704582663,0.508925526106865,-2.83650902279035,-0.553407963264654,0.760774352816252,-0.956016818385069,-2.55697274020103,-1.98530617724682,-1.47318770112873,-1.05391995174058,-0.393706711647076,-1.29733643193944
-0.657438277815946,-0.380945570043626,0.6964772542997,-0.953597087030837,-0.0162284003769513,0.567663156929021,0.132702278930467,-0.314407648526738,-0.629832733737601,-0.313337199668726,-1.22254902447189,1.20833926195714,0.27908789513254,1.10050170827081,0.880105090859686,0.413451411098265,-0.629050610444338,0.520140174165343,0.279510065789208,-1.4399561023853,0.261147171339977,1.7718158926057,0.0141140826166938,-0.546463915887746,-0.391190451399058,-1.08981037310336,-0.185300118453849,-0.787259134478152,-0.742029634151763,-0.224225741318838,0.121114632019793,0.318966379848482,-0.992491782140455,-0.659595022433703,-0.0205344735858705,-1.24922743005583,-0.598127156617145,0.29270486540875,-0.257202483135693,-0.556773721607744,-1.54179291652296,-1.25738071739467,-1.16763781038757,-1.86549835195435,-1.7987969993226,-2.43710477454763,0.873795155537432,-1.09067683757335,0.0925197339131602,0.48270165046105,0.859316584478866,-0.113235609324426,0.387291336083922,0.738119779014321,-0.683649034505944,-0.439676790822607,0.295906653095146,-0.762375524378422,-0.886149017800344,-0.440146477586204,-1.31995301398861,-0.85149014268236,-0.733696958679611,-0.738784232231452,-1.35553920365801,-0.848290621130009,-1.52564506279899,-0.848211437161493,-1.49724210814718,-1.59085841956341,-1.43180242040631,-2.22973188602847,-0.389884435382558,-0.518932173706046,0.367067089785212,0.674672242217544,-0.601860630145578,0.324498375840706,0.204311688499969,-0.998124844431397,0.948823015182825,0.629755856515646,0.0405430193558445,-0.346008549310535,0.451322798777452,0.822903619702098,-0.309300779655358,-0.442693382403766,-0.333963512748646,-1.36865941733472,-0.66923057080054,-0.0410114456856899,-1.36426373140756,0.110565483886659,-2.14271531067894,0.0375456982085047,0.335487455767634,0.921042127852638,-0.128305051713894,-1.30648047388463,-0.241187042439381,1.66098669026649,1.67268840732097,0.0786692264897369,0.565123833654635,1.03051584861342,0.866261284519269,0.637713713373627,0.814355357416287,1.03382409081494,-0.255308312625059,0.275023039977322,0.519187254177712,0.209081248936282,1.22673811828725,-0.928242531609007,0.00648518102432803,-0.538657323671339,-0.0334099805541952,-0.106768529750277,1.26490174049325,0.728464740408769,0.0525765259515335,0.00857084833622458,-0.0331654017150998,0.0579927549015177,0.296040456416314,0.394307851329821,0.666433906248272,0.601157199877223,-0.594339126585287,0.168712399986774,-0.0453702199446505,-1.27755463797158,-0.681504670362507,0.47105264502144,-0.18293950506266,-0.0495322277342386,0.363490313452999,0.815271077161656,0.77676869477934,-0.815644670662594,-0.182652743255192,0.240581251662472,-0.832969732312053,-0.541234915005436,-1.89654144830887,-1.31031031187235,-0.0557877622413979,0.244607447611558,0.189343820934932,-1.60374814459863,-0.715150896254194,-0.720018853310362,0.0307860867122819,0.859552252648088,-1.81299384247953,-0.464729421589353,-0.45623930817904,-1.26021450253623,-0.69774988786161,0.500886952267468,-0.575448463017909,-0.537305217565888,0.0416674188100374,-0.883102318887977,-0.0926687872645629,-0.369683107019186,-0.0988904558504281,-0.0961730997531502,0.177213295882319,-0.524684807033334,0.872142385679147,-1.1955877719313,-0.913966950618494,-1.01307553053958,0.211222918907285,-0.285871749041874,-1.60222761608211,0.24032149186019,-0.103103660166472,-0.547337850341822,1.00314969355071,0.158899604558872,-0.509086555867208,-0.309576160359679,-1.20309658741622,-1.08446300265456,-0.641506161790858,-0.759256880073173,-1.31352814302073,-1.06122068817898,-0.747733242627379,-1.68388924021046,-0.263495193710753,0.027005298118755,-0.971975062335557,-0.66338479240284,-1.43414644169261,-0.191081435503665,-1.05303471544841,-0.801710464163869,-0.0806146553566073,0.278016920568453,-0.826018552820712,-0.274079946476023,-0.621005561956699,-0.653638567314403,-0.45360846350572,-0.491967566571421,-0.0567976338038453,0.376414964338458,-0.0634979818303173,0.193646387626748,-0.0103612780079195,-0.741186489151061,0.457420223871409,-0.166395027887007,1.2950431034417,-1.62173705487588,1.12757597677249,0.157968436581546,1.9211951653105,-0.161195742179511,0.073043106280873,0.383623834403234,0.823310600650028,1.15955610169574,0.121712139679179,0.989731319985489,0.872864219617449,0.829803928790849,1.84796346441289,1.52146708792997,-0.658300754975188,-0.807781777583338,-0.902786011993556,-1.20324637151508,-0.420190190849326,-1.20469684685954,-0.373250488284513,-0.567549766007795,1.25785866462665,0.114065877377044,0.08467625034449,1.45941893701809,0.84506907518569,0.792307458133871,0.361189387617865,0.205008802489441,1.51856303235828,-0.92031562173384,0.125773758398436,-0.752693817211014,-0.607159801592522,-0.450839945889048,-0.578952816182316,-0.123102241520383,-0.784553108604183,-1.24940987491804,-0.475044962461697,-0.969921821501515,-0.075518099868692,-0.844158065266517
-0.839264386262127,-1.80717928619961,-0.599906869747284,0.0279112891388101,-0.00410766217877208,-0.147372507007673,-0.552164661568775,-0.410788562022673,-1.04229008449315,-1.24968043373144,-0.338092800192023,0.442091212548881,-1.14395835455484,-0.458364834818723,-0.445573845682027,-0.462398955198845,-0.943731437420078,-0.972686313944354,-1.23107444919227,-1.19775204306665,-0.974457447032219,-0.112460745427785,-1.05578806060301,-0.677696622247884,-1.13503039248089,-0.809880734945585,-0.984759675609961,-1.44715503782502,-0.742436127137674,-0.82141575555225,-0.830600111428136,-0.775851002593766,-0.884383688527073,-1.0440544310085,-1.04060265317114,-1.34431919188833,-0.392094259951015,-0.917830409314228,-1.23467889301384,-1.08276449187586,-1.37804685245146,-1.29458501357517,-0.279920831462175,-1.20117551088964,-1.16598126033247,-1.14130922674555,0.466291270294544,-0.213625723523435,-1.0691214086059,-0.864654774447122,-0.393043949556783,-0.345881798956309,-0.805903295304058,0.743269084145736,0.642353607961059,-0.0652095054766212,0.990837939150091,-0.416955641507851,0.373006286542217,0.118045494259942,-0.0681597094336033,-1.04156019409182,-0.958267500093318,-0.409029713832095,-0.51621649326106,-0.12516863150711,-0.531328841126009,-0.498679949283481,-0.621255775741595,-0.546305230585873,-0.991469208344309,-0.858584361366864,-0.555043485997975,0.40388569101985,-0.0701145756514838,-0.0429090595306925,1.00615552244319,-0.398874748186567,0.803772917565431,-0.593080596140103,0.149067716231295,-0.0974704119158647,0.137177812031123,0.756606987728565,-0.592670045179435,0.836610806581192,0.392471131048376,0.294893182050537,-0.687846597340937,0.252060191459768,-0.457291797126983,-0.0251610347526348,-1.04551780059264,-1.13512387845391,-0.329160335454221,0.579679272743582,0.666265131007311,0.618537710513824,0.0678616503492016,-0.187512705902953,0.920829310590391,1.05631893526682,1.43913428334366,0.951292740435478,0.606490578449688,0.168795809575446,0.344416783238005,-0.246242325666885,0.0682656372291805,-0.317808907805077,0.0541447921023736,0.0257210383233373,0.243308203264223,0.936021024162074,1.00076238029895,-0.271978996334349,0.708692658053109,0.661738958762827,0.546479213934425,0.0531549965774019,0.142996736084973,1.16979702822657,0.322585228805103,0.929586887516998,0.639187324604913,0.765726050864045,0.768043149885403,-0.225248321586758,0.0337458983554618,1.50377703541132,0.496772113759916,-0.103855646242189,-0.151442054092611,-1.06033845931772,-1.07277111244949,-1.80586595368112,-0.347659466808596,-0.92473162404986,0.429386438990635,-0.805136398166471,-0.917520609759483,-0.962038532178151,1.38313604071765,0.452051308219936,-0.319931772462236,0.349787034029575,-0.504611254245748,-0.796289885698396,0.34868540506261,0.786597278393146,0.746280678170015,-0.102032035834769,-0.236095302757925,-0.135169992200932,-0.206499171321319,0.324625977531477,-1.18426672811379,-0.0101534729670297,-0.38414765755952,0.129367450882705,-0.732968637051057,0.188966191382131,-0.366239339706034,-0.205135584690375,0.326134211233541,-0.917632295139201,0.140233296598977,-0.698088665319235,0.0600872266970411,0.427210791270566,0.395337701579159,0.353257432513322,0.925542818565623,-0.309988618358238,-0.00504288046945669,-0.0353465819023886,0.463423248976258,-0.510371803122047,-0.362554875762153,0.770108634316553,-0.0407605101760709,-0.0357518953745519,1.56325229830935,0.799190458691567,0.461553832315001,-0.0379756811535296,-0.231209340534399,0.0476780205102659,0.342348241429198,-0.315537802207035,-0.419133654419592,-0.0189389433939035,-0.472982504449024,-0.437371534353533,0.196885894797724,0.927719432020905,0.51299938805747,0.356334401019338,-0.363893941368592,0.430775856473838,0.0847551062543081,-0.180246774727006,-1.74956257488205,0.666126200921965,0.197771065051463,-0.0732518552273976,1.00209490797985,0.16239091903562,0.290535565067514,0.485053664461508,0.472547811970549,0.566325806535143,0.604191418641525,0.767758292400444,1.11430982482482,0.69935417804876,0.93418906762262,0.753390835502237,1.37955286876328,-0.419938724670055,-0.332576212340621,-0.226580950282966,-0.250000422000438,0.219803113771726,-0.749096614740734,0.870761225562149,0.935870008965373,-0.490348548169889,0.36358920984631,0.365948312250042,-0.161602298881259,0.804893317337432,0.170252467412177,0.0692455431558398,0.289637482473091,0.235653547929759,-0.331334710879535,0.0307493462814826,0.245612756484027,-0.278498936558552,0.403794346114097,-0.187590892836565,1.54334746500051,1.03680243431846,1.00589175256733,1.24042452788715,0.512211861349577,-0.314299637267882,0.311440969679128,0.397412618359923,0.0755287551111345,0.195390929529104,0.780823997608573,0.696659991107982,-0.643502388521479,-0.580008725118644,-0.315720302614256,-0.683286385269977,-0.333610608928081,-0.450750154210403,-0.252805617233434,0.128234149747895,-0.78096416976784,-1.13138773041672
-0.898038488005364,-1.07030639610884,0.814100798479916,-0.211762845460927,-0.0759586566765367,0.450133886891362,0.475374722171544,-0.0107019473967759,-0.618006930444701,-0.993099214183744,-0.786400722349929,1.37155462252473,-0.569620571068043,-0.69919142894846,-0.41755517875819,-0.564592032759177,-0.0459207909795274,0.113144169247709,-0.0438917026809719,-0.236532994018353,0.221926559276383,0.185243807786402,-0.117186454876901,0.154907592822993,0.231450185867843,-0.438778598278044,-0.368698099199294,-0.236905332672315,-0.63486778174148,-0.15325676900408,0.36011902402255,0.303092663123611,0.31008139643066,-0.616826490590654,0.211796938611648,-0.726064617181825,-0.1627385283279,0.152708533282576,-0.130634684322607,-0.0709306907331736,-1.39394512895532,-1.20520409469788,-0.275295813154059,-0.910406554682809,-1.10426315397755,-0.808077322408697,0.212439499555668,0.01124393801689,0.907983864727227,0.667138386206106,-0.741838067315959,0.319287248471687,0.908529320321717,-0.22507653055389,0.447231200089179,0.428975878611879,1.11154938629342,0.24985564122624,0.0169506724437181,0.135672213373472,-0.370962168365411,-0.812995511771396,0.256076617887741,-0.426254924669645,-0.244806894271996,0.15608877740007,-0.78414212649363,-0.61698732556795,-0.0863827162676528,-0.34836680793512,-0.407214014417031,-0.491925538571605,-0.00536371049426241,-1.00386491197636,1.62701750482197,0.445074058985119,0.648437951608965,0.141435860745124,0.452054108898441,-1.11836898853128,0.909017284708283,1.21467261299437,0.482949508523725,0.11789409583473,0.578179874214507,0.310680131566781,0.103165789487902,-0.570690575898371,-0.807037868161962,-0.617128771605273,-0.0952590139791619,-0.446820274434337,-1.48501953173168,-0.719189473888842,-0.81308824281879,0.627202050477081,1.14479196447277,1.04924371624639,-0.223656281639539,-0.868970376010973,0.6951990992569,2.23554904559598,2.31178988651976,0.346422380677647,0.900081243661328,1.80970594819983,1.10345388606294,0.872602495331538,1.09841772573692,0.795177570685601,-0.135996054032401,0.140883302757883,1.01682764470067,0.417342644256257,2.26151713655939,0.707793843404225,0.290805828973148,0.530708117559484,0.953407449235369,0.0222427080088443,0.420920992862334,0.99120258509272,1.34612342850222,1.51474016854975,1.51501518212811,1.06504339009884,-0.102400787866844,0.37724885440714,0.569814960769414,1.00618001223487,0.270748395830514,0.653885843771198,-1.82334162025284,-1.63239916845739,-0.917397289556677,-1.33101067187898,1.29721645700643,-0.0357135261079666,1.05566113769849,-0.221560711308889,-0.477378554663439,-0.861174627918318,1.07571716823113,-0.777518720343509,-0.558504996815595,-0.260322866925071,-0.857924807145714,-0.327859619349575,0.107455116459612,0.993594447770574,0.789394982096602,-0.404895748719891,-1.19280104660444,-0.143428037095695,0.127513000034182,0.536191706674512,-1.62744217225769,-0.644223821576333,-0.102855373373842,0.0983330192128762,-0.350367423329945,-0.0627433434973141,-0.725744487979255,-0.789339638972964,-0.379816940973794,-1.05642539934527,-0.607935866587578,-0.373053100668646,-0.348806598501603,-0.01827878493851,-0.322704306819463,0.578962675370517,-0.138187273181305,-1.47379778015912,0.053960103264702,0.553945704206616,0.777701362833252,0.223667893130111,-0.504987237531047,0.143974348289022,-0.157528788646679,-0.521816834490142,1.13172317410261,-0.166130707822907,-0.457589742645688,-0.130110977348865,0.0751979055225505,-0.481483171117269,0.00476978113282522,-1.01810341639387,-0.450997974070761,0.0424201019026759,-0.511005200818327,-0.524128276926881,0.208368283268809,-0.0369435189263264,-0.318973904224121,1.11753168308713,-0.375810777319717,1.78864862723618,-0.148931320336483,-0.255980251838073,-0.645234008709952,-0.230479450964049,-0.509709358782987,0.201652096011579,0.830714928447909,0.0384971685290673,0.042703201822352,0.218858759566123,0.124066355762439,0.648232283495308,-0.183716129373645,-0.00583166979355818,0.32833426761723,-0.417236061285754,0.720448953150099,-0.428896898593235,0.645693167789282,-1.15591695675928,-1.6757741028308,0.784924669609876,0.110977300174348,-1.1937981899272,-0.412611469538665,1.77217862351127,0.0325749763906849,1.75995466846737,0.700420846316901,0.0788380762800867,0.864390264829037,0.431505360048008,1.09366301950607,-0.296748754030572,-0.207991928578435,0.124174813304585,-0.974804850207664,0.396252019950093,1.02817980439686,0.228030538013211,0.371043148131308,0.639010286422921,1.18650967296515,0.29631022539834,0.528730628091666,2.08525779742573,-0.957241716657509,0.686201226002951,-0.590110516705615,-0.614268725699181,0.79153617177724,-0.15490689051048,0.760128710502107,-0.18998538145334,0.0930714829932809,-0.271128019615827,-0.346815875790661,0.0748162311936027,-0.112611548168919,-0.59351888851062,0.0143197374916832,0.413564922189863,0.112327880387546,0.00459284168002019
-0.875919163047023,-0.803294746421133,1.6143252238638,-1.37570211777754,1.25518616746637,-0.770459060473003,-0.873475012049837,-0.853381080657744,-1.39122412343459,0.774246548288066,-1.89270416357355,1.41763428516454,-0.0239484402096714,0.815722413055137,1.22032909537676,0.591173351082422,0.187165361683525,-0.100090349241124,-0.142417447486747,1.38032320907327,0.145103984150385,0.279293115055703,-0.143907812685921,1.26750775883623,0.747158174216439,1.55606408339926,0.0731223187651786,0.0208218659022186,0.296930854716254,0.740055433090253,0.311098430299746,-0.132422925543089,1.18254277354321,0.377903228622307,0.295048959739201,0.158566247921346,0.862824574371898,-0.159524507810776,0.37009245557335,0.616022317704772,0.187083472847647,1.04979732946173,0.562675224591086,0.807039630305263,0.815474740629108,0.107291179888997,1.9316664328566,1.54012877995168,0.317129617947666,0.240005528416039,0.576169795962232,-0.633037309017019,-0.0256976712660887,1.67287015272823,0.376694230493951,-0.281189951183362,0.832466156871564,-0.0485614618325322,0.523061318973425,-0.337043047941129,0.476074247828038,-0.0625305461004685,0.761430031385759,1.58597930042369,0.407326427688291,0.632373141814503,0.959430913056203,1.58803217097752,1.3971550695764,0.353072319694399,0.835662553921827,1.28903266373287,1.55049648379375,-0.375688436942231,1.96765374255635,0.674836773803725,0.763640673935926,1.43268600975119,1.90177665988846,0.00282561886333811,2.35702542289786,2.02023796173809,-0.895191490018278,-1.07663517867447,1.96949495752483,1.10320791802908,-0.514257937954061,0.437112117112701,0.202502309751874,0.79249274612434,0.617601784650943,0.705936792343212,0.633677803983751,-0.548556294359657,0.765663805745648,1.06567903386392,0.295336538682787,0.904892527222589,-0.0823320381570858,0.0665203938635285,0.777046154389778,0.344681895383945,2.20369679902719,0.179221084776205,-0.485847638269728,0.808747092924546,1.2937720929819,0.265891667708605,1.56655596714319,0.38628676713468,-0.806957880720123,0.901400480140178,-1.25886596825946,-0.141668179346356,0.617347176606065,-1.10773081426233,0.162020525991927,0.961307155029063,-0.152107827424949,-0.237617176341928,-0.585301172130585,-1.9643227121726,-0.470761318601873,0.541023282577035,0.608878421945486,0.00726902665747433,-1.16630391519816,1.77606868520987,1.39030250450797,2.28000424414135,0.759478231687776,2.21406218825306,0.0501998601298013,-1.63174777211953,-0.645729679874833,-1.38973330745877,2.10202872693279,-0.0620229590229273,1.89211343454815,-0.427760506064215,-0.992068533240988,-0.817563224655807,2.15561924104283,0.431736014750984,0.213741274500614,0.292331768894605,-0.444351073424597,1.02789767810852,1.09021287929653,1.80589832418795,1.50601411173391,1.02227181505032,-1.72825603383086,-0.929106656708299,0.928189013849272,1.52331965732209,-0.149285947417112,0.06320466045948,0.912698265182706,1.09739085122081,0.0098415337709712,1.35741829357165,0.520400186518926,0.016413895820754,0.0805672721763554,0.220868196076041,0.686698371086516,-0.653937408948171,0.96323664939739,0.578466458567883,0.60681093461578,0.826920653228066,0.534910035646811,-0.0702129946876932,0.225265474626488,0.90537451967302,0.0696655826378991,0.874982011661008,-0.420918258543158,0.119014028433986,1.04989700020261,1.75451172750848,-0.00686634035307505,-1.36994536948058,-1.38501711431872,1.10749648168289,1.28472992831632,-0.112903685309587,-0.840778769165944,0.374590837255813,-0.326792939537404,-0.0234209575351675,0.656113559697455,-0.104130758940566,-0.083829224944598,0.225548251130642,-1.18685962118879,0.108138056389685,-0.190653723079911,1.18566366475018,0.0289271644571347,0.687684467922768,-0.216931225384375,0.745505827552416,0.376442915417592,-0.597548838659641,0.135580452692673,-0.287585857693601,-0.279784558491777,-0.0216107554436804,-0.345917570890636,-0.30088273267752,1.54298024010951,-1.06018932935012,-1.06267772054259,0.224609647137616,-1.34846733570434,-1.30666664148133,-1.17625043522641,-0.741058497630488,-0.516195773007497,-1.14663764995718,-0.866509384369569,0.267431404305078,-0.174607304388685,-1.26388390388216,-0.928780952686497,-0.63547810945373,1.22230983531369,-1.28422746211945,0.763969493355372,1.73825464418754,-0.377407529549241,0.229394973139333,1.39879526032196,0.952545006727046,0.631311186828178,1.34993940459591,1.26539849823543,1.18966650100802,-0.205491388974951,0.423853357916227,0.241423015288678,-0.971878045387999,-0.232609110668603,0.99653820668968,0.941747920840862,-0.123408315983722,1.35966397999751,0.639158016449589,0.702316004715878,1.08195943021461,-1.00361248011874,-0.745586495097912,1.59981361338854,0.72831810417943,0.559644899921922,0.592244994071145,0.014904636836401,-0.193795351261175,0.433181769731,0.740550926286807,0.170829652423509,0.0554260832160531
0.122783655878826,-1.16732622469357,0.859405616313568,-0.956323739205152,-0.0223188690576722,-1.53255197514539,-1.67390387187309,-1.13087112424758,-1.37458367991856,0.307641834363054,-0.742757997952834,0.593412521034917,-0.497263566856042,0.249896354884865,0.327309090878349,0.593498334419305,-0.639844815029463,-0.377026421426224,0.118909120635921,1.04962864186148,0.0381726127025331,-0.290144654496206,-0.347259605412449,0.0662831240443934,0.604357969539281,1.03534794627369,-0.257246743021522,0.0420174866874531,-0.465491419470037,0.418035105116691,0.300217358355196,-0.102358464145361,0.615488447038731,-0.277708670174037,-0.123128435121516,-0.392940608201784,0.420006697513493,0.563016861390734,-0.735603236829455,-0.109483305649983,0.132469074220996,0.310375689750097,1.46785479436992,-0.0816341310609606,0.7829206806589,0.0967425861693079,1.55779578842724,1.57716862232152,1.08052827663528,0.639604247180532,0.802064770266522,-0.721202679453168,0.845760738967868,1.5231631210297,2.13230738740719,-0.770864266664246,1.9117224319323,0.638988779149438,0.573971365165688,-1.12109916386122,1.77458912821223,0.269329681816649,0.88677254351214,0.990008501371185,1.06274508062164,0.866066788288041,1.0857245027327,1.37827576465795,1.8779483257652,1.15810005711148,0.493667080660631,1.68208753712724,1.24027436909267,0.000622717045073904,1.19766362320857,-0.442705286055214,2.14459409071034,0.815239890291733,2.54621880020861,0.258551977387854,0.73154700480237,0.654247814503715,0.228759543759266,-0.463537840098669,-0.292466128987289,0.915071215748589,-0.418459142027786,0.849382712947086,0.0325413217320126,0.873183404461638,1.22536803413814,0.65877046361458,0.170874533023881,-1.14477090339637,0.59209440256223,0.569816506316222,1.3783535416779,2.05395814051982,0.520869682932733,0.315866475648743,1.62312198651389,1.944947021042,2.5928310807212,1.04018979016902,-1.06450045664157,0.187502252857125,-0.29400436616361,-1.35141296739766,-0.155382616016567,-1.18339690854773,-1.88161100036984,-0.0235124399881235,-0.85946604694229,-0.55960397067991,0.573817765166251,0.0236683588717639,0.651900118634323,1.58544422542063,0.227896257192283,1.21231600997703,0.948173584025041,-0.190897121635852,-0.00530371257708846,2.13565705551125,0.52455644291144,1.07327680400192,-0.608186984575617,0.842011027176671,0.00154276249345434,1.84340923515479,1.95125669505793,-0.26075724752982,-0.0680064977985851,-1.7793659963189,-1.15283191162842,-1.84099929617989,1.76803886471297,0.812377833147784,1.64078710000872,0.0464211444369782,-0.552263537470675,0.195057884712219,2.19919159447561,0.793947953666768,0.276513080934049,-0.269777885943182,-0.157226394866433,0.764911413403977,0.828543525109499,2.44361298462309,1.86937304476041,0.865227427536779,0.0823449529973862,2.03203476806309,0.756286567925056,0.835604505997154,-0.0439229749106878,0.180966918738189,0.138358818677066,2.14205987625974,1.13076139945304,0.590994345881354,0.0916612943880506,1.22559149267899,0.632144286025293,-0.477811491616631,0.325746804582408,0.848117456820029,1.13925442008014,0.0813550752444584,0.800590491909514,1.82433911416684,0.828227888129395,1.31957179444338,1.07158804684362,2.39870423459361,-0.353074982446466,1.33278024113888,1.31785730470086,-0.530912065159965,-0.318702584302247,-0.0344241885544445,1.60390689283934,-0.409186886315871,-1.4573648844866,1.05569961918641,1.93105878018792,1.68017553626815,-0.159324438599639,-0.106209381993499,-0.620775317791174,-0.523100018210432,1.45556781444412,-0.162211754625693,-0.37580432658173,-0.0361791673249256,-1.25770463899146,0.288599479858287,-0.0328921494591032,1.9845231260681,0.908122894520783,0.798548855426173,-0.958212632165306,0.0815568907063795,0.5508599205727,1.21514712541474,0.825302066278692,-1.23323737767704,-1.1431770529866,-1.11663354583364,-1.42180954360282,0.0592743019279859,1.13312707056784,0.0888079252796007,0.455766759954377,0.595985864744158,0.858903018467535,-1.55270780615762,-0.654898779943058,-0.319593086725754,-1.37317266051071,0.577874378850904,-0.32225322855289,0.950053799635621,0.932028693574318,0.235011062520605,-1.38830928998947,-0.0315947995744316,0.992757717613528,-1.45588503617632,0.655836640854591,2.22617636557294,0.058383453608177,-0.812710167146321,1.36560408575778,1.98354159913861,0.712496715645925,1.81695871013786,2.13028406392812,1.84157598842299,-0.529531760692269,-0.250119954808367,1.72250901531799,-0.368198050886901,-0.00917146554474246,0.65112661182187,0.204107568698436,-0.464580469790811,0.22871236206173,-0.272796797933728,0.325755958789974,2.15498704653281,0.409501741659605,0.894632563844329,1.16553541688692,0.122019648518417,1.21522555547452,0.325019772062442,0.199236031619017,-0.167050465610649,1.06346591085067,2.03840367558524,0.455698086076012,1.00570244566773
0.426167399505906,-0.191008721343233,1.59869156192289,-0.266103197269212,1.19067436720842,0.130286488357971,-0.0419910504724707,-0.175579882500616,-0.961510424060365,-0.0711929177331262,-1.21505598049772,0.984302354884046,-0.645830067327287,-0.906737675128419,-1.30480046146681,-1.02885465109167,-0.9380466090408,-0.750506331610606,-1.22526331458282,1.15624402142387,-0.833027027438453,-1.21099802555183,-0.73434215614637,0.388543364164002,-0.123358422432113,0.521601194422264,-0.257903456452487,-1.19448920854355,-0.785770596789459,0.275144336310737,-0.79751416638768,-0.783447945608446,1.22278547745882,-1.25261201186863,-0.716146207742339,-0.433060510184481,0.152886031939111,-0.355122656593274,-0.81458826503375,-0.768145071499378,-0.225991225379848,-0.123460635633556,-0.320164271436149,-0.746047198594493,-0.30580496573508,-0.63126642658641,0.459652415338311,0.743910423061322,-0.824206981189289,-0.759542493212797,-0.639381474092,-0.718753333336588,-0.666120805579087,0.108242482091098,0.210501666826875,-0.661121242933662,0.462810710183092,-0.0589233604934443,-0.758269665992834,-0.944554316459815,-0.674166763306858,-0.243163210512779,0.441528551808043,-0.468275372667089,0.865156493836045,0.291971266194496,-0.21055091799627,0.753523221873363,0.939351980050297,0.0272057266949697,-0.052462434469045,0.592995287542039,-0.0451439036104449,0.81610131611147,1.70083773625028,1.25885275526329,0.610684188269953,0.252942888399712,1.97486019791328,-0.115180703885651,1.03114895167509,1.43501469590143,0.256086163910767,-0.527348773054848,1.14712663168701,0.689177288261444,0.26443285661741,-0.177152781236515,0.146285162762481,-0.451136490404846,0.601992653872805,0.433425037780512,0.435637928817683,-1.19422565808767,-0.476649815928492,0.0194337563050825,-0.702259692595365,-0.525740778810169,-0.326272146483378,0.428953389862456,-0.00617826247158597,0.5560410034673,1.0145416071601,-0.105485603697303,-0.562673732734998,0.652274650105477,0.535071010868487,0.601361202112687,0.989443603663481,0.564744109174577,-1.34245352801809,-0.0877278495929797,-0.30909374794537,-0.4736391941344,0.851760709307225,1.02427207114724,1.03163193691554,1.20034653044691,0.370771745394971,1.04122022519746,-1.07424973877944,0.631199037911465,1.47476071760804,0.614825705724651,0.727288011342986,1.42468235397523,0.115384754113301,1.29487103479194,1.39435486753217,0.394454476981929,1.88770552235825,0.626140781601505,0.188565825899693,-0.572713470291129,0.220771025468758,-1.73289778454639,2.28769115755072,-0.864227132539644,1.39031215869956,-0.320090783130651,0.260349378559461,0.303958693122586,1.094818595444,-0.116278628495944,-0.346154179455476,-1.03877579630228,-0.237524759280355,0.175095182346277,0.484081321451263,1.7578978405129,0.834352881701882,-0.429005333785674,-1.47359470656272,2.00670182610582,1.1172191113073,0.781847703243807,-0.149380708524093,0.090601571205085,0.484453456366318,0.284867842445115,0.889488944794981,0.309163172723744,-0.0958289935877685,0.508545516552681,0.665355653126424,0.331103759676766,-0.0189908558282851,1.03474681318901,0.415408126357444,-0.92360112767097,0.286280304030223,1.86679910100988,-0.0177760607634819,0.115356788140689,0.199829032729457,1.10549159456331,-0.298136943572233,0.0629063748728998,1.44456571597092,1.07501007480643,1.61091041639775,1.69758717358809,2.11335682810448,-0.0554933661639228,-0.567975797229681,0.443842892139962,1.28474507973276,1.00426306830551,-0.207229084341933,-0.321421657554729,-0.00364951800103429,0.082138879995133,0.412683807748989,0.299570489936864,0.288112106134935,-0.302518515308854,-0.716535003729149,0.57489364680373,0.0952476260901732,2.10917666840522,0.81927693684238,0.183391364921874,-0.937291981093217,-1.0728417903992,-0.0150874243980696,-0.0903222104784876,0.10705232157705,-0.872742874697899,-0.825413048181757,-0.699787633421246,-0.618964514101655,-0.550874007565436,-0.128185340634955,-1.03916162507684,-0.372176369874538,-0.853933529856624,-0.408459726611524,-1.48283545740932,-0.533518234237974,-1.03308114489083,-0.706133636789598,1.2833699555547,0.558244135728728,-0.266737152533555,0.0437809714842668,1.53948417317314,-0.702625169653898,0.802281292737569,0.333450629704117,-0.838974524306414,0.399406539580354,0.577931050249603,0.763284711426342,0.385841685772694,-0.210457450085388,1.79390737543937,0.734243556913368,1.10038416709406,1.17442403806417,0.87147513829537,-0.499129096255525,-0.141569938818123,1.63614790944839,0.0541899574852923,0.197729022562707,2.0054451678944,0.524518078355884,1.05417695652988,0.672451531921977,0.685506215213327,0.522174952345776,2.02948408203594,1.04096842699447,1.0619713168356,1.37630432186245,0.633262244503557,0.381252094226804,0.542275553048626,0.387777873055966,0.3574625710428,-0.336637519906176,2.1004403769722,0.223623209137142,-0.919732196365177
0.538570691876133,0.725794121766457,0.467663385010836,-0.633799100562038,-0.0510646864827125,-0.746514885712826,-0.527969681773514,-0.799240183167535,-0.722485772093024,0.494014261232035,-1.39799493701106,1.06386107873775,-0.00241073589947648,0.705719478458701,0.549938760766138,0.21754394784406,-0.554692305433666,-0.773590635353394,-0.105653552389149,1.15529921365733,0.920623986923715,-0.330897251339705,0.453178886561169,0.760886792963233,1.02078961223033,1.44014796119439,0.509563556745332,-0.0772001915361599,-0.0596133548230938,1.15354360818109,0.0835657646475065,0.767010269621993,1.41940630740244,-0.152656569479187,0.258451446322063,0.16761899950852,0.568908794413968,0.458543106114293,-0.685920805634455,-0.469274718978562,0.328657078204986,0.493974711015403,-0.878093989764927,0.0132693329402419,-0.492142537900199,-0.113676475769763,0.591679981768505,1.56707797839017,0.943754598946073,0.689315429128008,0.392926073485472,-0.971624008601936,0.665530184803629,0.286050821469663,-1.21798800476381,-0.945578318422139,-0.791378900765099,-0.897086651684505,-0.202097296337482,-0.579982000478888,-0.439033046040139,-0.0903820909159015,0.361997699653557,0.22578417399247,0.0212694931075243,0.267742506460017,0.0611973723045165,1.03537665293403,0.523899642647302,-0.210938873250742,-0.302346338569193,0.547802405583431,0.104684467184906,1.17821412798387,1.59679051833502,0.60865586748674,0.145048176894664,0.39347381645786,2.71318736894662,0.243252488760814,0.485717387716743,0.523904661970336,0.371210570462547,-0.16335998768955,0.52176691945517,0.727828659574656,-0.0110657018309509,1.03620624148269,0.421534950927774,0.797644474011274,1.00071694083732,0.814082247094839,0.893659937008215,-0.107802060697118,0.5931071010672,0.283721881864206,0.252837273177881,0.651309915740117,-0.379918711056067,0.843700035016415,0.17926317089577,0.437207853795892,0.920941775481018,0.0502752880536738,-0.300255773752865,1.28048736306279,0.77035919277111,0.938542990696716,0.639804397956887,0.358682494397346,-0.768286620505138,-0.368439712053575,-0.72902752405849,0.0607510110340482,0.142210892362069,0.0742857598337576,0.739612657620468,0.564653889462926,-0.502659401703848,0.588580173936107,0.150184209271223,-0.261887101044308,0.935133107952936,-0.193151270720257,0.0642394417926788,0.0848834091374719,0.248870173621008,0.503410831781792,0.547785032265811,0.624158374995654,0.845963715101748,0.332292328004601,0.974217153464178,-0.124244769984611,-0.258089029511319,-1.38675706474693,0.661933451953891,0.119555704271568,0.872924091134258,-0.112628994476142,0.400289445374857,0.299037803242726,0.306852674562636,0.346749758235058,-0.307435118847913,-0.723227317937316,0.188920070960701,-0.224738608500515,0.80785421254462,1.36658572167036,1.00678055202633,0.42139965979203,-0.632582865184277,1.34508158893372,1.12447618829647,1.0018916544123,0.108214974863472,-0.791363492347809,0.657065530496942,0.173700188332186,0.872190754335625,1.01993156090595,0.49633997282638,0.406557741924258,0.742535487919955,0.569713919055617,0.708239277964821,0.870548794044272,0.935833053743282,-1.09176590621042,0.797638949338779,1.33393348543798,0.203086285728955,0.859180316727192,-0.0616934767423315,0.7036294901902,-0.334882678749569,1.05290526217646,1.1020651026698,-0.0805867005268679,0.162761855049413,0.305722055987071,-0.068848396691647,0.0661321692235628,-0.306346508813358,0.389155235756354,1.37121855971445,-0.0181886026957336,0.216132426218921,0.0531380198403881,-0.09170511367194,-0.413437013142215,1.40530211596336,0.165515492242633,0.0981833403473964,-0.349733060705144,-0.307018049733479,0.470135989393507,0.184571363437128,2.14494409389247,0.310375997686548,0.598752497484088,-0.921585556444013,-0.664023030931811,0.685374486144801,0.0889597164327246,-0.490597580086801,-0.471940316443562,-0.357177557162733,-0.194035938012834,-0.177357745020362,-1.02316663923165,0.273132503023709,-0.764195619524249,-1.05396031810149,-0.13889833092321,-0.832672487379907,-0.923371535521839,-0.28627200550096,-0.752380904153676,0.267025870990079,-1.51247396693647,-0.732395247039705,-1.59892582821527,-1.37816995271964,-1.64900299504164,-0.334524017418566,0.0724539791341772,-0.251128219976667,-0.260593864311703,-0.667123794058258,-0.526403213250592,0.42442301446164,0.200660500648202,0.601358559619656,1.67797484260087,0.847915155245364,0.955952292713075,0.824400408293475,1.14037420846678,-0.367353728147134,-0.443294788026371,0.211294403262595,-0.643164933219731,0.174786092973624,0.334899603878203,-0.331949892472509,0.0146347203307176,-0.374972214001928,-0.633046035908414,0.634233493808105,1.4919826756961,0.662495268784389,0.579536816243979,1.52767490771629,0.510690766486028,0.670179442503989,0.994361624131026,0.454743669729554,-0.187809663800347,0.0654824851136816,1.45769305498934,0.922102999030127,0.527447912441237
0.210389446799574,-0.821718312570845,-0.185653379309784,0.305717123969828,0.0664641790842966,-0.621333019588731,-0.250606007193986,-0.206462026039213,-1.15937131401229,-0.499208619443609,-1.24150197527539,-0.306345957854495,0.00811359012692809,0.0768184544369313,0.289134871985266,0.0732370698830632,-0.706648730662112,-1.63247899942018,-1.38154956243996,0.173065496183346,-0.640380962339161,-1.87546326299827,-0.830999988525376,-0.288748353683017,0.200713915252193,0.0630312876090894,0.162453470033808,-0.501248945500003,-0.44831303211203,0.121329508697499,-0.838787601659368,-1.1435901751364,-0.357394049635945,-0.916655190344919,-0.334115936114166,-0.21394653583448,0.58057284222841,-0.624821313086237,-0.793085561597849,-0.178875159598216,-0.0786133146874484,0.396191375380123,1.28410909112748,0.304764454146715,0.967574615910684,0.398537945809311,0.0497472311100561,0.889126769756411,-0.012544273707177,-0.113259290894434,0.490695743634081,0.498205118751399,-0.323121403633552,-0.605972887101221,1.57734592986271,0.279059336053429,1.51657218326847,1.00539974329837,-0.289113453320514,0.428190139603157,0.889909251415545,0.176417346382994,1.00552504523729,0.953171471944558,0.622902160149885,1.10581451948906,0.747620843238519,0.792566289267482,0.708053042407063,0.795237901709572,0.792448478029303,0.0655289197962244,0.917885430938544,1.28882222367537,0.254766737322246,-0.38277041175519,1.79301829789193,-1.00467330513653,1.6734413213854,0.477824938591634,-0.14308094143362,-0.2799875613065,0.253423284861693,-0.165434203407203,-0.587146234183824,-0.108298192037278,-0.232935104132773,0.897257564585289,0.320935809181477,1.5920040028696,1.79867238976388,0.884613946328011,0.45270816425849,-0.297138827995763,0.683621445093421,-0.303515806923671,-0.194774464195454,-0.185000997611036,-0.140336673644888,0.974993571885504,0.447252762429226,-0.344438504936678,0.610291638913224,0.669527330969951,0.112078372063799,-0.458875555088434,-0.599641204505688,0.0158787612379958,-0.480364433471036,-0.525897743448041,-0.165892437843995,-0.0609525517422438,0.212894252780391,0.34395992119507,-0.190205635097044,0.234453971395529,0.886450050556206,-0.0798159837945556,-0.591014476008145,-0.208214499345853,-0.423632215968985,0.200280005040742,0.377092311095478,1.33531400900694,1.211107388542,1.42417540702569,0.899960769241814,-0.0856567906711836,-0.232984303294051,-0.54856287727556,0.858756853811487,-0.264493441281369,0.733243204410923,0.233862161944852,-0.0921214969354839,-1.11148242880129,-0.761084977990961,-0.455494878569319,-0.145852269047294,-0.56695172772202,0.0275716220303467,-0.432558829041997,2.04274902563577,1.85420448056723,-0.0275467326378747,0.337772776328743,0.467671839313883,0.921872602166633,0.876150629603842,1.63964526911817,1.53891230290282,0.814565895544143,0.0603834363466384,1.44463870305309,1.15730671224602,0.866147304102557,0.593504086163311,0.331906469449094,0.485432103587312,1.531361222059,1.3225764703424,0.875197386200446,0.646976644661293,2.25651098589687,0.847790902780992,0.574833996609225,0.57682491068499,1.43956478143124,1.39809992668157,-0.763329236536193,1.30961928026526,1.53998534348127,1.03088742073445,0.750789678387287,0.406201538422796,0.611270568820886,-1.51182672150574,0.302556259808207,-0.291662049787749,-0.111286880729129,0.365174186472468,0.276559239536504,0.0726979757391687,0.560799604717834,0.195450729165483,0.478108156116834,0.749819190522358,0.760206894392625,0.810455986643428,-0.578413996707815,-0.39249529688265,-1.28349355074089,0.520984275240409,-0.159748371152829,-0.663898299735419,0.455782744249179,0.185180166757855,0.677996230963232,-0.339768649022389,1.3938550819009,0.658059452982361,-0.119637290479884,-0.738247649657051,-1.1900129941196,0.591698771411371,0.407070757926979,0.802369297884235,0.311119362710009,0.717126349816875,0.538164713903189,0.164748502862864,-0.853187976309225,-0.41906606685929,-0.714414352152249,0.176902064041386,-0.0243769972633622,-0.261682461938055,-0.250217315294279,-0.77252277092272,-0.124960067510381,-0.0915140110396777,0.0290035334527749,-0.287922187887368,0.374779818844172,0.365881359458731,0.18256076663606,0.0429805393168003,-1.77382737868422,1.30173709917861,-0.896599549600762,-0.723274439519204,1.30231902767862,-1.14488323874439,-0.738353498980259,0.364640494452322,1.6815845403468,1.02236819264826,2.0580014085392,1.18911655362453,1.44264226321777,-0.735581758533186,0.0333173921143411,-0.18381084860862,-0.0171740485905697,0.149066558623051,-0.157969160953736,-0.372640827215976,-0.73294719056435,0.118487064116407,-0.488209144708981,0.0937979714869753,1.83593380167962,0.711638398047809,1.27777278148975,0.623739022882236,0.133351705418907,2.08354103249014,-0.192709038419961,-0.244824692358776,0.00396569997818225,-0.0281446317663225,2.00943879906449,-0.320576901792158,0.421036219325023
0.111622787275358,0.223510621612174,0.113200139506091,-0.54236904700186,0.359855166798396,0.73914287462105,0.445951304043645,-0.524758734257214,-0.679089641830205,-0.576490614369771,-1.22661199961863,1.15571788900674,1.20945134714854,-0.464416273599055,0.379029665351802,0.280788619790816,0.423919549503454,0.876607297696629,0.540513726078026,-0.115171833655507,1.06371856527511,0.219534454571167,0.288675035064872,0.355691888237167,0.847921241510059,-0.505818239966639,0.300318844388316,0.429282238659927,-0.12362988425223,0.43797755048203,1.20573316006141,1.0161309131113,-0.112704870487209,-0.0392378297433882,0.644913836938616,-0.00553751218502577,0.644748833753099,0.618237992394162,0.550304608612614,0.57105114377994,-0.434940610988468,-0.288303016074378,-0.0514535950605854,0.0803290179124168,0.183437325538322,0.458837564007328,-0.0635317196277718,0.298696488308816,1.38408759444369,0.668772736902112,-0.0134453269099561,0.414914315658744,0.959271469721006,-0.646477699750122,-0.0950159951991428,0.554904620403648,0.110769543754614,0.489868604725501,-0.254763173542348,0.442496517098999,-0.503727079607514,0.47885235120346,1.42915785126194,-0.0871535739473203,0.577615710000565,0.574888657046123,-0.252296852265858,-0.376184979951272,0.198095150473192,0.436642893820963,0.857735236291782,-0.0400432779893216,0.330988357692923,0.72721919715266,0.420005650823773,0.700044782830137,0.582025598348361,-0.715102616751486,0.424960944990916,-0.256869998978085,0.352592710548415,1.28155799113185,-0.132729378587608,-0.660935800776445,1.04803793359884,-0.683752757203735,-0.387726721737704,-0.127866091947285,0.162679173253397,-0.687818526401662,-0.416446927851286,0.274418615691753,-0.0198768066525417,0.593243864660406,-1.01801322649205,-0.870564988547897,0.576531341527616,-0.109659096320155,-0.0362066573629756,0.640138497821624,0.363876994389944,0.0349815550312643,0.458389807237922,0.387623205742612,0.313940098121437,0.854594923326201,0.437725497472115,0.732976666638404,0.940305285634326,1.63178342092841,-0.236412319926387,0.0801975400643829,0.776200711524921,-0.23806957759986,0.841626993389424,0.651571179273679,-0.162687820570639,-0.263252833144137,-0.719117202573781,-0.428793195525597,0.513721781101384,1.39792519435085,0.518679442259008,0.215183810846162,0.0912025789644822,-0.22717231988575,-0.243901649627401,0.496541186373461,0.428038210559887,-0.510077690463963,-0.505363588602692,0.958026130222884,0.357222602854528,0.15292751762914,0.495705872091278,0.414835863759035,0.0837868745519244,0.366939980101815,0.304347679776898,-0.165106085859893,0.292604249846802,-0.443110464871321,0.596221580343702,1.6916850972639,-0.0299537444770807,0.0647044216704629,0.159582015828884,0.104642102188386,0.57433279394785,0.154164770543488,0.50564014848934,0.101953760846573,-0.248869886838999,0.334116292280385,1.14540907404191,1.28509450846947,1.34085059408425,-0.602930229896644,0.806308563318573,0.324051720990302,1.53165570909661,1.03744686008153,0.294893366116771,0.80793965468172,0.14007777284608,0.718228197594738,0.323800440226704,1.41849516609843,0.394851928405293,-0.907231959827501,-0.212066190995668,0.049988799652248,0.204912083602666,-0.600724970326128,-0.422625251906323,-0.891876867482327,-0.702463035716604,-0.0111527402493751,-0.600086130149859,-0.181827960461733,0.384487472098081,0.682888819450333,-0.517190232342129,-0.351373696603407,-0.625435344643202,-0.399891171756583,-0.225966920255819,-0.313543191182789,0.764763066179908,-0.983529929683436,-0.632382620031965,-1.4211727793579,0.0079211193498984,-1.00226592067206,-0.743913483796746,-0.0397463831652189,-0.228777243190055,0.418342215123915,-1.07457819927625,1.23702660937352,0.0264814945709814,-0.453894304858465,0.805413763374778,-1.23307770618732,0.0821693456925661,1.09762240217695,0.561707060157118,0.0345988691752073,0.394571448819221,0.476685677934806,0.688951455530236,-0.0576681638757208,-0.728898439735477,-0.309271723113867,0.0261492249560281,-0.144815644101955,0.228027237091706,-0.306664339142125,0.735225231128189,-0.842703297736273,-0.403736423879099,0.863094186426279,0.961466008949848,-0.97075283972131,0.297238630663127,1.5235740780614,-0.738185495267248,0.862005261596747,0.792740496053029,-0.66855811990898,0.582759439077297,-0.0253442892738232,-0.011281544512086,-0.248429149368234,-0.0507628286787276,0.589230181950349,0.607839795945296,1.33480170956229,0.862840952643688,0.775925999778532,-0.843295381470578,-0.0963092169960917,-0.677229378062225,-0.581120972214704,-0.694206994361147,0.304405751720997,-0.877658370663449,0.809405936881178,-0.643798147044482,-0.989181985248546,1.53139099466711,0.456378301093926,0.0157523092808862,0.280699214014727,-0.0797874074978021,0.629385374060889,1.146483457242,0.906978234111172,-0.674060806786938,-0.418148403133162,-0.378580863739671,1.14150670128548,0.441122975506624,0.795038453452361
0.38044962183118,0.721822761765188,0.597024818921051,-0.401993559104996,-0.371164830223589,0.129708913697758,-0.255705840607485,0.0874860375698897,1.14162066207599,2.23695358697735,0.905441854374167,0.942379850901266,0.356303747851979,0.920279126044859,0.95074476471463,0.279024586856213,0.237487266492716,-0.414357078188214,-0.422765276800186,0.328926410244997,0.383050386197147,-0.0810337224871707,-0.525495029312172,0.502006863333139,0.305386383084442,0.76035728249972,0.0622968568273047,-0.246331078007882,0.374462597623559,-0.198268433532277,0.228637191598446,-0.213485377774354,0.0547815102180541,0.0199577705880916,-0.38672951587571,0.624452337592005,0.584856819733788,-0.631338433669935,0.186150626005718,0.407053805051489,0.380134189500623,0.554447632750134,-0.438483846680612,0.133283579649737,0.599125618682957,0.43225431081309,-0.224360101439887,1.11087907264195,-0.263367124130797,-0.497033973562667,0.263425935598185,-0.529402013234558,-0.349641311510857,-0.0821053479417369,-1.07650181675363,0.26025120586722,-0.91965768601103,-0.0321642996207336,0.107683612712655,0.180627447050352,-0.753783490962464,0.712707777848623,0.677645273197196,0.789944275433146,0.556278232707399,0.959658172077858,0.0514256475682986,0.397909262579849,0.399422775339716,0.421472648987395,0.513345140628893,0.527637248884615,0.529653717726108,1.63238624181202,0.603959453141495,-0.345596759315135,-0.757501734532408,0.747425913902225,0.947447593358146,0.544444552602392,0.297474554542439,0.49425441483234,0.215695462823119,0.19807279636886,0.60427660676524,0.649650894523942,0.545872015428668,0.997050192685705,0.988009397682413,0.105697750284003,-0.24899787978606,0.884291094757779,1.50582517502979,0.785263015765793,-0.027202652283673,0.313855753077697,0.275742698446907,0.269874555256278,0.426841346608188,0.881420655859925,-0.897799693076306,-1.21145208745905,-0.490564365052543,0.326060573680015,-0.144614092576509,-0.00210726881166033,0.178539334605292,-0.206886681437892,0.364742081779939,0.558032601744404,0.224426129805426,0.431338359604011,-0.272710726772522,-0.0937489322246747,-0.0298029713897274,0.0110641727351446,-0.31364898110564,0.348174032797266,0.293653417387137,0.511608099797648,0.512389751870914,-0.572635748606692,0.052625402874112,-1.58651718540206,-0.757759110191105,-0.411813256978649,0.206273548510455,0.12652111152794,-0.0204383865009744,0.184654947507859,-0.744746156345005,1.01427286239874,0.512913386562185,0.548337763604187,0.75446598659461,-0.146673451876801,-0.550921073543839,0.0451423960265911,0.0109379965490756,-0.486382124044018,0.116343868671888,-0.307271374077204,-0.554249849052414,1.34735391653812,0.159779144790825,0.107330050124129,0.244929911614037,-0.435102534346456,0.779362336975671,-1.36161697177974,-0.441468042972136,0.385968826527796,0.0740920093687447,-0.134030577144501,1.58347701334644,1.56467572518504,1.48534039210103,-1.23872679545597,1.32451188124619,-0.29142515811636,1.19803047986659,1.18260900761975,1.49557465637001,0.967479913707525,-0.68198247516835,0.50008842380101,1.2531393405223,1.06488761714889,0.0126783779680137,0.0124030118415833,-0.85233848206122,-0.824604763680887,0.50131211926486,0.0706770236656571,-0.37469124334063,-0.815989044894875,0.150411093194554,-0.856116724916564,0.378439050904415,0.227586004320299,0.455090029352689,0.339233713857639,-1.2248306011492,0.453598128980571,0.257876585581731,-0.211239477745753,-0.365022877979148,-0.11617115212985,0.405114585131614,0.424608559281147,-0.301750642818828,-0.195952079510861,-0.460462768297003,-0.240227970435136,0.0676818595353547,0.278864809719564,0.692212912526635,1.14438946554004,-0.234002092239916,0.863502722415637,0.145463014661709,0.0781048628151843,-0.0201007892266836,0.0323244118654302,0.384791015065926,-1.15816512216324,-0.309416653139725,0.716435020275182,0.334798197659206,0.857343157490354,0.457771476348544,-0.080435868113073,-0.0924460212417705,-0.494882432887121,-0.998314873738418,-0.379491828578518,-0.939710885849124,0.270176990374587,-0.696772122471953,-0.0502859163598143,0.453081738969225,-1.21117397707993,-0.608848589289562,-1.05665484658823,-0.744081509470775,-1.74607563117795,-0.420586425023522,0.789174548731539,-0.31501354173844,0.270110739387688,-0.815282026350217,-0.368521085027391,0.690617814083899,0.159992357401868,0.309560779449141,1.28017292338317,1.25785337225248,0.295054961003401,-0.00209979357639416,0.294901127110681,0.40700179272417,0.173275305804553,-1.12780638397658,-0.210792414219201,-0.562289190602171,0.671705954366324,-0.605629805997267,-0.224127053095132,-0.797105827775517,-0.892215387475484,-0.418118833275072,0.488499038060461,-0.0695398766748193,0.299297534132072,0.703479647236268,0.0742945075162418,1.06938241160554,-0.0190206372655834,-0.266711778498852,-0.362131694458564,-0.860169103785921,0.291494267648631,-1.15266926491717,0.078411039785399
1.70285789149188,0.800446100383864,1.75640160598186,-1.30899301301867,2.54390640289713,-2.61219682796678,-2.64909415152445,-1.53618339787873,-0.841911641600977,0.068240198563019,-0.961095622483892,0.452880914595091,1.43634293432382,1.49038568172566,1.00687901477888,0.664010848770763,0.86385441592112,0.469723655565505,0.45610083971047,1.07673113760084,1.11230976150247,-0.0819269125664479,-0.00382182887728357,0.570199805040695,2.40632666482895,1.61353087084196,0.350355454092594,1.79125319321427,1.12159686142395,1.8276967628025,0.352918955688357,0.950566411032092,0.960960652985579,1.47310281029297,0.0030494047342994,1.27512901982317,-0.243693578649592,1.02023491817835,0.632769701593529,0.731810895816723,1.99020158585592,1.42522425332161,1.54940371809628,1.24440292856666,1.42020864498752,1.04333303499412,-0.033466863549465,1.43947889285344,1.45439815662521,0.776386080896655,1.18070776458581,-1.84314242860541,1.10698921429633,0.738455079266923,0.972815903199699,-1.44833921967923,-0.12952195733951,-0.604654139290542,1.40987493167573,-1.96964859807493,0.756553868553303,2.18607405617467,1.40152615950786,0.483967566753253,1.7826618838591,1.32115680035579,1.18782814423195,0.882977332148998,1.51321505657509,1.94168667898183,1.27770473846361,1.67185392818013,0.654452342064886,1.67599874647148,0.00349460959075027,0.457509428679457,0.202555333300644,3.30495765629172,1.26063998862975,0.80328460453726,0.611972001114973,1.15207178758945,-1.6741372769278,-1.41364980049633,0.241818423341079,0.794873337475572,1.02004369971096,1.53173685330281,1.23881095865496,0.975446503158181,0.833875629834201,0.995126889976739,1.20444384586223,0.839219798807529,0.904815349855647,1.03120095117618,1.84323091063753,1.62202288072374,1.54975167385239,1.478709250452,1.01111543503142,1.8582019610344,1.15576491640348,1.94976787222661,-0.890129650316239,0.0266301895869413,-1.22572427683239,-2.40823615953362,-0.607286613912644,-1.2367777331887,-2.0599351149421,1.92640161657913,0.725597030056916,-1.19908325381772,1.85401495575306,-0.463802988370147,-2.27704159015505,1.49997927419916,1.07288226976023,1.7790129200748,2.0538867918975,1.37596283126749,-1.84280292442186,0.416499390699918,-2.26896096090746,-0.337641713611536,-1.21836762775624,1.95307813485514,1.24691887672373,0.688040250547418,0.100858065925239,0.391922772057855,1.12476685423722,1.95022143155435,1.79109086912106,0.827119999887774,0.303601245071982,0.84640060118319,0.855599242828847,0.660046511789567,0.665638521507498,1.31643592293252,-0.548206212281573,1.30255347122532,0.533104186149297,-0.193854724179791,1.27357900755756,0.389038292904377,0.624780240884792,0.0832714540941913,-1.16215010629296,1.18300970118014,2.26558930264861,1.34836646796811,0.400387953598363,0.910412723889855,1.90239466153691,0.552554745044531,1.31713524898316,0.267465369717797,2.24922075723389,0.495528884120412,1.41192134915386,1.74862884042566,0.594283585565124,1.86384493797497,0.922104591778774,2.43471277941562,-0.279697647526697,-0.0552392084040367,0.166499655481724,0.387519543618531,0.748037026974393,1.22361880521722,2.01701452127854,1.61888554933602,0.791678050136066,0.390352174623729,1.63082701185169,1.44951389598019,3.42379553998024,2.46799540951869,0.831711356781331,-1.62800288548968,-1.67863576963099,1.6832390947079,1.60887848704284,2.12471918813754,-1.75287414126491,0.876769090648267,0.903678216934828,1.22535123433671,0.887455876969472,1.10573181054201,1.54329872937787,2.06423236215317,-1.25933057651281,-0.0375813202064003,0.946580563007039,-0.465744211332935,2.15029360097189,1.77103492793353,1.15512480634604,1.11503875756893,1.99321526669407,0.401007252464421,-0.235721946939074,-1.62929093140293,-1.86371540341985,-1.27413422529676,-2.09824864594602,1.16778885718874,0.422922900084204,1.2407713470325,1.53308546601702,1.34896314082368,1.60334364364385,-0.904451618941266,2.53785788526444,-0.654291694573161,0.362215159158101,0.31152946734541,0.557111749805763,0.605488334893125,1.29332110540931,-0.144205251274425,-3.10033177208773,-0.125163979345666,0.518930245930692,-2.67602421836572,0.393873636623862,-0.312630988417574,-0.15180530112186,-1.2229278546307,1.42146895987084,1.08149097983861,1.71261257382251,1.17810472344464,1.72221230158982,1.58449772015569,-1.82943767860318,-1.83743021604105,0.364392651589572,-1.79534777017453,-2.29420612004289,-0.256047199212752,1.30545495183119,-0.293717913764873,1.97235679447924,1.49227310544047,0.87457781545138,1.19562932797411,-1.43207388581111,-0.307160583943355,0.956990420436168,1.36991898711517,2.18426723149327,1.54637728357617,1.31403529365431,1.25941220385222,0.361268921515295,1.27553262979392,0.162170754393659,1.79441808822245
1.12467734855028,1.51629039240741,1.77655144933146,-0.779998841768916,0.233970331700794,-0.405703120338861,-0.741376647412867,-0.938116128465514,-0.159407735577575,0.0192817461502368,-0.716446658657698,1.19565400871183,1.53325572058921,-1.67719245238009,-0.964050147062234,0.0132440204817155,1.04368385005481,1.93705366628228,1.51452599107628,1.42242322730141,1.28324605979187,0.768976876692716,1.62829094123715,0.568477149710246,1.26117862873321,0.828054088714003,0.164615752080922,1.29291099331299,1.86256636708866,1.26921000636835,1.9920812663912,1.17409931021556,1.77764000907362,1.17720180540711,2.45240691994318,1.66507973199128,-0.410842336885964,1.28396189177936,0.981261278811631,0.756735297236299,1.83908902020271,1.30707699714617,0.965101262574782,1.34973730728319,1.52753410947169,1.44612823380771,-0.329321586216041,-0.318910399194925,0.260624900208472,1.43176113256011,-0.888896167458009,-0.624141759756211,1.17423573096274,0.10711096000546,0.670611134301639,-0.652908906451396,0.644240912503415,-0.516772233529676,-0.146755382468132,-0.677711396004201,1.10285275503014,1.04240077642034,1.10647131882014,0.00618710981257232,0.886153281270697,0.103283462080553,0.0130108566819489,-0.00264324714372867,0.639857470493356,0.75199613386824,1.22684220704679,1.18176881737211,0.696412489335199,1.20469651828284,-0.288620397056275,-0.522877706367839,-0.640936198304372,0.867829219640078,-0.262521037538132,0.177137258759934,-0.473774020166116,0.567668457245271,-1.52140876235053,-1.65288978468132,0.279389766478848,0.561083716959529,2.01731236085469,1.50996333825818,0.860713174388512,1.25461003105526,1.44847371815867,0.121259533149439,1.13028524673862,-0.0888856236583673,-0.710670064938637,0.590084580377859,-0.179536370201097,-0.381761367544233,1.98543260490353,1.38646203883577,-0.35659827576334,-0.175073545630242,-1.06808161488111,0.878483834166247,-1.84092010401785,-1.45972195779794,-1.06068663266199,-1.9179266173534,-0.145830873939168,-0.0682789879408021,-1.80286668154954,2.02036769071823,-0.705796139125358,-1.94507069652807,0.322164023293003,0.0256933370700626,-1.94566941406301,0.816046217191658,1.33605881074773,2.04033314751246,0.0251008370827084,-0.692543129310649,-0.64041360985164,-0.403902174301724,-1.04386330316065,-1.05436977428015,-1.03950863439654,0.0912958116613796,-0.608964224561278,-0.164161202815303,0.304154469911905,0.810281274474765,0.761506694794396,2.41160164503123,1.96522695849782,1.23165121324426,0.422035961039527,1.1371490486528,-0.804569837806304,1.09366846460986,1.83811629078058,0.955163054865133,-1.07590230157512,-0.954448215645099,0.222808005684712,-1.03599528651799,1.25854933335023,-0.266562343968829,0.184633485260853,-0.23077125335332,-1.9621467144311,-0.770026506201636,-0.625441648997123,1.20103475903874,0.249895411890928,1.00482052963279,0.944816667199674,0.707877284600057,0.842475716959104,-1.40248976429705,1.11773519016754,0.00378373741905015,1.13107471023994,1.67072256986191,1.08960284308694,0.380554417071372,-0.173769089410007,0.97114284170422,-0.688906095672681,-0.274367013719383,-0.0900401911903746,0.642037274161558,0.320602682990711,0.513076693183613,2.65725794580629,1.57859626816234,1.58083177821711,0.679196248208909,1.78802253715501,1.35349935868836,1.14405422786856,1.79245763064311,0.541452060785274,-1.52890587463558,-1.42059373020615,1.97151252413237,0.854846575973364,0.967600404712863,-1.01803001614742,1.46282332363452,1.25977702026565,2.09232739467353,1.27581983364775,1.53647487241278,2.23110787423225,2.15234796231277,-0.163755922119798,0.915735236651333,1.29376458599942,0.707478134081645,1.92321267985413,1.30968853917261,0.314343320103639,0.938825550017779,2.05019325083359,0.660683319834854,1.09179246163582,-0.614281089931926,-0.748699425566736,-0.619019476027109,-0.730393832813052,-1.41286397569652,-0.139875841820883,0.546180981835474,-0.413181330270791,-0.571996044331236,-1.70619024654107,-0.777843556596457,0.554716254110279,-0.256836485582176,0.51765349471161,1.95204521520134,1.10001471566837,0.84189977789595,2.39704683456549,1.2146229674909,-1.45685873291258,-0.635476817989276,1.80692167303897,-1.71976191722665,1.63038223888182,1.6266104107121,-0.319593149193969,-0.255841000930378,0.422079639362192,0.787499801448941,0.817194315666397,0.227034786439572,1.46531445967428,0.643320279116565,-1.27885303000146,-1.29324726498886,-0.236846322729695,-1.60505843855428,-2.07663659676668,-0.836721891484406,-1.03287814784522,-0.653946481729834,-0.339166424070019,-0.691203524564648,0.414331110869194,0.19616410028609,-1.13211206306016,-0.505913269123899,0.488323304417087,0.474373101083119,1.20344343702346,1.23889691503912,1.52994605218639,1.58379742872403,0.195782924322264,0.970672910207181,0.385364553415637,-0.0410405001618904
1.63467858847904,2.976176720201,1.15358871150799,-0.551180970295801,-0.482434732641068,-0.918152852068331,-0.857754199398499,-0.480751744057957,0.834749984127573,1.52910437412264,0.272903808287998,0.270822928589823,0.941365759808639,-1.02050474048724,-0.156799641271319,1.14926646328362,1.44818807308641,1.74773475154695,1.83620716685329,0.906909223864611,1.64838273999523,1.81096955198614,1.82149760865024,-0.545465184548947,1.0259687806821,0.942452656728723,-0.843670402923157,2.06633864877512,1.98515271349655,0.535524039714169,1.82400045088313,2.0815445395783,0.840500735005689,1.43414360845791,2.07540138833551,1.62479654517597,-1.42473221682638,1.85891356591773,1.19492643295635,0.997284010228463,2.00236820685169,1.3765416100724,-0.771378235128101,1.263673471622,0.127953906780055,0.9291636547474,-0.431048518339,0.355631124157061,1.28265522669971,1.47416005430603,-0.453288421483762,-1.26049520486708,1.56197235223062,0.293159335646208,-0.778630925592262,-0.803693265531968,-0.41293716092222,-1.25111672555848,0.180225838946002,-0.694806377033521,-0.469357155851656,0.20498734968154,-0.434842431584089,-0.502555628132605,-0.805650576111631,-0.677877191006013,-0.146462048270861,-0.440189824772789,-0.249704046610436,-0.379602918671621,0.101974966547529,1.01906493020503,0.0750981781197389,0.938723151094191,-0.968770596472797,-0.32392187502025,-1.73148030111912,0.778903987083743,-0.476999678393955,-0.057364879715007,-1.39714586682746,-0.812793732974764,-1.62302949574443,-1.22038695442955,0.0942480537483354,1.77199836040346,1.97416281220056,1.40163703876237,1.83113825609304,-0.907755036749139,-0.11495355769122,0.0481651102937871,0.712937583707458,1.30685835500725,-0.909120226998323,1.52272387561151,1.20628175432789,0.233152655387559,1.62795844282937,2.09180117713479,-0.901813414921923,-0.181732440428108,-1.1998088876397,0.842134013885839,-1.76966247621765,-0.823520187738058,-0.967926631346398,-1.66145299834,-0.635115102760673,-0.733321540571693,-1.66528169808349,1.22107488108294,-1.27432098524035,-1.66285730366002,-0.457342395150131,0.0573110429679988,-1.79501681034756,0.639984463998234,1.22801574959858,1.42240344066875,1.05822210833449,-0.730383920122638,-1.93632281916494,-1.46354596517485,-1.37108066723311,-1.32562210241371,-0.76490054446393,-0.830794744459476,-0.582614417848064,0.465682936342499,0.747794426935763,-0.199954892317129,1.22678937760996,2.51303193656196,2.84289447873257,0.988755027160562,0.300894961750584,1.09119439672198,-0.546364860081383,2.18290393005207,2.48123080801203,1.91213707062565,-2.23732611586121,-0.896898436394968,-0.875902018447379,-1.19051400127309,1.08647151147862,-0.689916670680744,-0.049556909595939,-1.38713707677332,-1.8406994855303,-0.46100613895892,0.426213506056118,0.751058600711769,0.256839133817262,0.723968951223818,0.493707069358309,0.612232542082986,0.700456771238776,-2.01284678855405,-0.0734956619487574,-0.0392032783679886,0.767279729005498,-0.217770783811404,0.723550057114337,0.758665454945482,0.00112672567497751,0.715243335694081,0.341250914347701,-0.99145025461796,-0.236870658784075,-0.433470325059425,0.369761976683199,0.927145127760915,2.18153191755121,1.35373103811674,2.00187211201321,0.724580777751291,2.13188879314541,0.811710209436682,0.864179742256976,0.925166395860129,-0.181849346960401,-1.19678847286454,-0.56117155375402,1.81983627536789,1.47783310131313,0.317796627957053,-0.498844898412779,2.36196170754351,1.4880379846204,2.5564248284023,1.70334221559957,2.15929057029997,2.86652584881585,1.96451406546797,0.0179328478204218,0.487887755212648,2.14506785863074,0.545171279470218,1.87916618314448,1.63233797724319,1.01061672422376,2.29299380025294,1.786730616137,1.39776423016246,0.233481138315977,-0.839956926541322,-0.708283772343772,-0.750081207113399,-0.612512284249546,-1.26799295849427,0.36642552044723,0.857517715025277,-1.16047045114673,0.0880855528999671,-0.828912539932688,-0.654454019429459,1.24381804641087,-0.799603826097718,1.14360570686889,0.300315881568537,0.921378839833317,0.316031724655934,0.211284410858029,-0.584728241355585,-1.14935655026861,0.959695066530643,0.33440870513291,-0.611720993981809,1.20294062965078,-0.106640461500708,1.53698383255041,1.42160158386915,0.15647067414866,-0.0550739418434143,-0.407390130330213,-1.09182314225583,-0.0788428036578974,-0.344522378457136,-0.585297932360076,-1.05484310285202,0.242316889211262,-0.822695319196035,-1.27932849015239,0.305244894781356,-0.836897583487243,-0.354128207354885,-0.742039381182077,-0.887571522829733,0.572231860241337,-0.972216738526034,-0.586447340873275,-0.766909413728571,0.799207459001293,0.829306528620323,0.524163598422563,1.49646621545134,2.11619926010646,2.13306468600938,0.487636101052323,-0.203536694995976,0.694167537076764,0.831034005540245
0.65659923481199,0.749210781506797,0.885401526222253,0.354244160642692,-0.151438540341642,-1.48570091807177,-1.02936370647223,-0.593586756843583,-0.340302109447638,0.300195135371274,0.151028115742989,-0.834916161428438,0.897550589650938,-1.22274256058722,-0.338039553194262,0.744761041892589,1.85310539770645,0.478575818298848,0.830396047638021,0.181897650855973,0.243707829991869,0.432341544499243,0.789048690917012,-0.825109914933425,0.593465589728383,0.955544199308073,-1.0777191698574,1.56901573145865,1.40036867477888,0.0337305726888354,0.692019924519645,0.216078318532383,0.443555793470562,2.07798986268108,1.4765962165815,1.1905271024861,-1.50693830767347,0.908042727259081,1.22555051131423,1.38382443194491,1.35640728532502,1.444286319044,0.641304102167996,1.83168736163373,1.00914324445187,1.4921894202132,-0.838456516144446,0.355696957050614,0.876863598035526,0.937147840467268,-0.33624933922403,-0.475905623652501,0.579157586762216,0.254181591485342,1.01752750267958,-0.339579412515712,0.258081389644193,-0.327159378294082,-0.0465773070028904,0.199895872808658,1.10706512836534,-0.204894124724892,-0.705628770327201,-0.175387790168709,-1.19308676946414,-1.1323123982072,0.450799100311016,0.00740428110388592,-0.0396061634586523,-0.453292811473133,0.0433916517076458,0.522650184351805,-0.400058220527091,-0.67937389960896,-1.91557318313544,-0.446734794670806,-0.205419377332772,-0.248970373315607,-0.487228472848712,0.06975811424251,-0.463779806112013,-0.996714148886023,-1.36496500729987,-0.992915406203718,-0.637441438645439,0.725528087110104,1.31717609789209,0.677595504340633,1.04705517016742,-0.220584046586796,0.279836019334193,-0.0559400570535275,0.736873054622156,0.0624696783040249,-0.560499817625475,0.502334975248265,-0.895057460387375,-1.20187669338613,0.998608489895018,1.62018727238839,-0.268256848484779,-1.94064722079203,-2.13535684827531,-0.641752645017507,-1.49951699693423,-2.19473934338601,-1.31285982234318,-1.43069635019343,-1.1913031245786,-1.37062167314644,-0.518924930856642,-0.203003732883852,-1.42079852779849,-0.909532215556381,-1.89752992504877,-1.42810001438331,-1.66500678473061,0.169901825087193,-0.167342077516129,1.07604054758368,-1.09964790547461,-0.91484773604688,-2.04152728187242,0.473534050807799,-0.399551861876284,-0.890767628146973,-0.477772360674562,-0.653700039644884,-0.478416117682583,-0.196008116156803,1.27397383395663,-0.563108936815357,0.579503410568504,2.02870962955046,1.99502222829242,0.551925700769507,-0.0412409714612296,0.39154341053027,-1.09544216957435,1.25313988499675,1.3612745770806,1.13784241930967,-0.118561011069028,0.0417595208814729,-0.711835031245999,-0.489386392173559,1.50204970141301,-0.151818883517836,0.118742935162947,-0.502807537545815,-0.947420334261416,0.105859204820872,0.0743084631861514,0.404013538285598,0.269659087685402,0.145469564410848,0.257808153334384,0.844462988535412,-0.122160913888918,-0.199537170282904,-0.459366467431515,-0.733762348283224,0.240691481800502,0.324126219330096,0.448846655809471,0.424450343263976,-0.188614944591236,-0.940257192793361,1.11483700977304,-0.79948818272525,0.343276223747611,-0.485526315785264,0.165230038278564,0.626785297208971,1.55480384524791,1.25469676885104,0.965604838542445,0.396254902307247,1.64071106161541,-0.351792987229669,0.572967622201408,1.34353124759609,-0.558641627925992,-0.705171715541131,-0.431197644179562,2.11684870863389,1.03047862650013,0.677156736714722,-0.182711567675886,1.16158788381871,1.4329122379395,2.05547107084063,1.91901583279935,2.08511922992911,2.00613111489075,0.37994182058569,-0.0400292842874328,-0.917019647542901,2.1897709324501,-1.18066728745894,1.6194246206857,0.833880292716118,0.506709661192462,0.697920227015707,1.33295242398717,0.81027058038859,-0.31010842342664,-0.385697755882536,0.0735127565368748,-1.02454478863997,-0.436766316180308,-0.572310261304314,0.251474068606811,-0.0399574074000501,0.0575570679898057,0.487024504169844,-0.571692053847319,-0.450130955498968,0.184043808417084,0.807905794817961,1.3348095186788,0.0441539054753192,0.1179648022335,0.979196485997223,1.54104170056905,0.317533503692524,-0.328773384888584,-1.72490281037426,0.72049681806386,-0.217281642998078,0.756341503641662,0.3564348348586,-0.935291420373238,-0.683301995066168,-0.437450587341826,0.0372039055377605,-0.967108419599701,-1.09351166008303,-1.31014720142461,-0.825446225982679,-1.03055611621305,-0.37216871655088,-0.385474456290168,-0.548973815062306,-1.35993959941019,-1.36201046042287,-0.312179937981791,-0.653131646525238,0.566121793094363,0.0781552969988967,-0.0968189827844039,-0.81154761976057,-0.893702576016353,-0.681187884172581,0.295600154040922,0.479223369251693,0.454914305806858,0.194987712906343,2.12581611839864,1.77721444973341,0.460841117053052,-0.0360647922225693,-0.320518613080922,0.994301759554923
1.25227396774842,2.33861120837924,0.63826154139755,0.200040098031033,-0.46007615094687,-0.673000967986209,-0.329809858788324,-0.443207150478094,-0.817584497196878,-0.682126952879103,-0.938426919385014,-0.971898991779869,2.16790950194851,-0.0386323305551338,-0.38518617715074,1.21876076781234,1.69882744501239,2.80610158076888,2.25742768274919,0.0351447136909528,1.71507487532223,2.32193609778125,1.57345006248469,-0.524972589178533,1.34267729571047,0.383636942356723,-0.764315502023391,1.3342195461718,0.827259667045243,0.543038692744545,2.75551490106722,1.98765213010024,0.588807404820137,0.843395653156306,2.36526532084247,1.07089706192903,-0.802552633466932,2.350627777565,1.65752695536335,1.5263289048835,1.16666709541888,1.1607316325906,0.584211622755757,1.40454115575706,0.28035186494798,1.2714439878515,-0.00543236273374633,0.236947410872425,1.34864330707274,1.69356400710179,0.0965628522390286,0.000789557713297966,1.85611588998996,0.637854851733517,0.532638465064518,-0.272728024766235,0.81693910591649,-0.268961852574214,0.00592008812311092,-0.444713743370142,1.12460116006179,0.250840600953616,-0.551449622897481,-0.63220253472799,-1.23965109026098,-1.20533732856225,-0.0946190798508355,-0.467614521464824,-0.760611416562865,-1.27327315571178,-0.390546633757064,0.42444280826422,-0.111720361116015,-1.78634771545853,-0.449672350631389,-0.290226986182955,0.189975311413228,-0.215004639533372,-0.301564124369735,0.169361710019447,-0.575614139656884,-0.773909824683975,-0.941908640503048,-0.949754455537869,-0.386947609757087,-0.453577404102059,0.754091289617832,-0.508136506994929,0.201852134517566,-1.52070559759256,-0.349469387600263,-0.787447519935857,-0.695945298248104,-0.283294396486658,-1.14700567147716,-0.919054920297913,-0.316567588456298,-0.343627284966274,1.18644669742456,0.380953902886219,0.458546102448527,0.548314342760158,0.137845490444442,0.605278012605988,-1.72015333548168,-1.34444959054514,-0.380547572121775,-1.29288882964618,0.135978829603574,0.454036572360682,-1.56395417702436,0.0905202825950709,-0.582499420997522,-1.86491608431989,-0.779471282479486,0.0995851824697533,-1.07961056753303,-0.224720090870859,-0.0783326163155918,0.654106720348951,-0.135221749752511,0.167351762843227,-1.17343056383936,0.863212855643113,0.203620500120159,-0.079619754064034,-1.17799341858798,-0.733119780230615,-0.214348441533373,-1.71351355596054,1.19051479216005,-0.0532100007120065,0.0885687144730833,1.78167750178089,1.94196822122433,1.65063278691524,1.14791783622454,1.22888236374591,-0.395598571003496,2.11523910582041,2.29990309460597,1.59102532296843,0.0832494252237966,-0.0954337471427176,-0.887448426166222,-0.217787209013514,1.04620526312862,-0.496672814423258,0.356666975349535,0.0229086495444989,-0.46905826989604,-1.02575088032553,-0.131782594561413,0.673697833304581,0.106889971416026,0.153826164942563,0.763322034652376,0.372614192463693,-0.219131736080226,-0.117130618560819,-0.278713949251378,-0.900152053684336,-0.187996951455691,-0.429548518443864,0.898877522828941,0.476777757554581,-0.340257251369333,-0.283193540644582,1.282221777974,-0.697112352129169,-0.0402060072011988,-0.430253235615993,0.302105812624451,1.18183169122444,0.373067513054638,1.57149753101521,-0.208818308759684,0.534518105314164,1.73324563446629,-1.85924785419984,-1.10838845414024,0.114968200781981,-0.260377779841185,-1.39200076859859,-1.27025982273953,1.85992328079171,1.41833182884425,-0.26625190515576,-0.576424766645257,0.162209961344565,2.0266700131022,1.10709212131921,1.93051056557932,1.87215919422436,1.23100549430064,-0.920938103893553,-1.04205352022024,-0.97721115982097,1.7719235464939,0.458415779010734,0.756754196710155,0.24431465452928,1.46523243499857,-0.846070501205134,0.953440274237632,2.31629587859592,0.57420728393074,-0.789859360580893,-0.942034771830996,-1.2205537752633,-1.00404151022909,-0.900009470991608,0.534828565851958,0.244028020883583,-0.143807367125001,0.180175850961426,0.436863267730824,-1.5058671619698,1.91621775547434,-0.623388085598683,0.341656478202066,1.53698248691725,1.51331510249991,0.475788957116929,1.31904122089224,1.01335989978735,-0.68844239588032,0.292515531553567,1.63425945971514,-0.569954021127213,1.97560087156402,1.08871277444439,0.506494110061384,0.493150655605306,-1.20340593550488,-0.156095410967679,-1.31084011822911,-1.03241191768949,-0.607777199820486,-0.544574777091225,-0.58999781381053,-0.617641912080341,0.703927354460243,-0.968146858002814,-1.42047832682096,0.330040780976562,-0.785197521762704,-0.90932803209481,-0.718175693003119,-1.13834726218693,2.32471722450837,-0.56439244222973,-0.260147441677154,-0.649891571580632,0.66579585212402,2.20793585079929,0.202828669598241,1.95159658122277,1.6371466589415,1.69301987907006,0.919827627328152,0.0944597188204713,1.21513302077659,0.611792674251232
0.318309403388116,1.20502390209705,1.06686104843849,-0.731954058724222,0.769854631499095,0.322813367679539,0.227168750388245,-0.721191590849498,-1.39285534129168,0.232450850439681,-1.62973450665258,-0.165294182747015,-0.0108056080006086,-0.120172548516876,0.52545928038244,0.76461534190181,1.38675695965287,1.18965639439216,0.903917680493207,0.0669943867729056,0.250030060291648,1.72650752581564,0.477782262558823,0.924492881186177,1.14011450779132,1.22946200299034,-1.1094287196607,0.991035802585431,1.55465131065199,0.712370577384454,0.750423874036486,0.467023208168998,1.70090544121301,1.21380455113537,1.10485607604868,1.34235634192051,0.130617691032001,0.29820924418402,1.24928392111453,1.23947260411045,1.28084706396476,0.927291256673789,-0.549990988350226,1.27026013626318,0.0275658582784032,1.2235830673186,0.736255207458021,0.319504601026598,0.237729786836391,0.566843640859126,-0.509118551992204,-0.389995563462503,0.171018372122339,1.40520798947351,-0.291443304174473,0.0165774149442771,-0.0320054619622453,0.0203941275825367,-0.805185653651899,-0.269225389326014,-0.799993885747679,-1.28913285287699,-0.562078613283946,-0.574628231576234,-1.31925094953473,-1.40799196478288,-0.522685133429273,1.56294563803302,-0.915383939083007,-1.63447236877609,-0.336209835875441,-0.26358604725374,-0.572184599475214,-0.756941228654391,-0.129693386907638,0.843354824894737,-0.661482279702958,-0.179277280359836,-0.057527411921547,-0.348729223769274,1.26024012707879,1.27949113003576,-1.0948938078934,-1.09266481122574,1.33607655942567,0.64663076366728,-0.421463000388759,-1.19110293688241,-1.34909670081649,-1.25696392536172,-1.10019601589877,-1.19366482377678,-1.71932173377148,0.164778113000754,-2.10226364595406,-0.526557556900983,-1.73075639944251,-0.481829945634108,0.292062923574721,-0.0058960312663328,-0.784457484435493,-1.43708043812627,-0.552979971151434,-0.688579912804019,-1.26428508400492,-1.44997154876969,0.069345579233067,-0.699527208055842,0.72555417301809,0.76235188704865,-0.771888809121422,-0.282872981718489,-0.932359785048046,-1.05343070102191,-0.662791882657442,-0.860110655672553,-0.732022998373143,-0.00319424884937011,-1.08557933765144,0.289397474938345,-1.81053525182917,-1.1351920361095,-0.604240847542407,-0.885527806333855,0.452389994744321,-0.648541173426387,-0.736660001768444,0.272295000997234,0.926147821958972,-0.122508357190511,1.22456869055589,0.943654034023053,-0.268100074246197,-0.737937484256647,-0.979255947987471,0.296485064251282,1.49248772353618,1.12699713141819,0.618267956818275,0.818643350530651,1.45355025170109,0.490614574035984,-1.15335448006539,-1.03787618448522,-0.788477895649161,0.110109726254073,0.834827621457625,-0.722643224282793,0.744445164834728,-1.1212594522848,0.215745856827869,-1.27573228055309,-2.15954338681925,-0.732189182684225,-0.0199853487980203,-0.0294168709704009,0.378621305036818,-0.0255324287056411,-0.462772049159321,-0.806976956604617,-2.24732729208439,0.301992425749117,-0.972844404654027,-1.36139826655181,-0.0239649522264272,-0.376502229771403,-0.332783488456606,-1.46987385060291,0.288366328324442,-0.573403110635486,0.231631247520729,-0.725837864775112,-0.690124963861924,1.21233929358158,-1.27976530066541,0.447156622176713,0.854074500919249,0.825722201084512,-0.223403340400705,-1.05284969942409,0.412464367840964,0.740835222133199,-0.990173792612874,-1.21971074907457,-0.574720815195489,1.19474069530559,-0.0537339179746776,-1.10234520471957,-1.31517811367717,0.723984133825588,1.82477051555057,0.700233303504222,1.61174844590145,1.30328796827984,0.69347486307834,-0.0624595899017706,-1.32339781297813,-1.99105563288931,1.52903440686764,-0.957470838843879,-0.599582680383626,-0.0274144059308644,1.1442997479556,0.00481369100679526,0.470971247127984,-0.311636479539477,-0.363993417522046,-0.392115573165541,-0.618114232816756,-1.13091070378878,-0.256724417654669,-0.853534662203625,0.415560963231501,-0.479842415157306,-1.13173319150864,-1.05756482469189,-1.88924922519168,-1.21820435402514,-0.376813967842113,-0.0206411812406427,0.198193060634853,0.282095743913939,0.762604810377271,-0.563575196296742,0.579382961371996,0.35183113532114,-0.00222008285473144,-0.303175275309775,-0.286513070364646,-0.435752163347788,0.220756879285142,-0.183883019135176,-0.3838840629418,0.27972726296605,-1.55792372513628,0.0449359153343471,-1.03089235219468,-1.21648849600949,-0.993444666623052,-1.19981837574008,-0.98378487655001,-0.106161421584145,-0.531942761939869,-0.961300638870915,-1.82481942789739,0.489373796755513,0.0351736240309553,0.560617299923736,0.551669786920605,0.209785358443273,1.22498596764117,-1.29389091755861,-0.852714293371848,-1.44776706023379,1.39301714054152,1.39422700482557,-1.4447411062803,0.861918273314108,2.12068307545231,1.04494814707659,1.90425161749913,-0.657152794288479,0.23753963893999,0.635287872078247
0.80988433134261,0.581039432391233,0.272305244173394,-0.490308305671575,-0.733751365854747,-1.27966039843433,-1.10057302173691,-0.760375626671171,-0.416848307472661,0.940574199570152,-0.832045923739144,-0.376822788212157,-0.127571812090265,0.526738888361483,0.720622566922343,1.54912092858315,1.30006153729002,1.98524326551194,2.18695438758381,-0.0730753185859969,1.31081262832878,3.00728462399427,1.50313455083493,0.275957838553065,1.118537113632,1.13310525173584,-0.670145550362394,1.04967306457189,0.26673415030121,0.819111928647863,1.6348155255022,1.94047659532154,0.557263103154947,1.19219884671359,1.54679431662068,0.442827563113905,0.603519726529339,1.80009749642367,0.837205202460873,1.02313245881701,0.837453673895315,0.684484206377699,0.500462509417052,0.972281471109118,0.16657363377769,0.793435850344965,1.11753901202959,1.69858235691079,1.31630192261226,0.970391352340086,1.79768967841222,-1.11345368763752,1.17048712059837,1.37463844991908,-0.49608755335317,-0.362012191173863,0.11122188206996,-0.431577958481628,1.38941241389578,-0.0467724230967279,0.745734557411535,-0.443643310590285,-0.65607541945025,0.29313202849265,-0.734893012522272,-0.721395770856032,1.30798654757412,1.25424752925232,0.25006421256808,-0.547145097858102,-0.0187287952875321,0.891486921163315,0.627490912657498,-0.715798207879443,0.132399049596975,0.468966968518154,0.912255233925519,-1.07660584712492,0.852293880394323,-1.1199312085569,0.871572747125535,0.814117529714603,-0.538450644713403,-0.108861793417664,0.873767064954436,0.154592810566486,-0.931351347369339,-1.31057365853782,-1.93445619554297,-0.817791204793858,-1.07916523140047,-0.752434999279955,-2.81794866926768,-0.599098820729636,-0.484776475483061,-0.43177546688387,0.576987830810087,1.00832219543863,1.01446200885559,-0.100125521223926,0.140483987420852,0.435487379651692,1.45649804185604,0.77859462211561,-1.32184415620478,-0.730266065704058,0.465698611659161,-0.412574595107496,0.503503983102342,0.459498784592833,-0.822073117598992,0.0696026641464788,-1.54043676668074,-1.08630641484577,-0.60254446754483,-1.4296532531166,-0.406009655803385,0.168735028720904,-0.702992037204811,-0.0425671527598881,0.312513438296423,-0.268969355500909,-0.89300910479236,-1.0510652908004,-0.938753626031782,-1.0962778083588,-0.271820136158582,-0.0980573414931992,0.703909982908945,0.341298552733412,1.6971394198219,0.924096271540986,-0.51771012731009,-2.63320704941267,-2.58455772884124,-0.502558641087221,1.40311043525919,1.7819727115944,1.09116476330042,1.42531437791641,1.00892440549458,1.03018859562044,-0.598340184905756,-0.677609429930135,-0.365244794585277,0.252954875394954,0.687172472017221,0.0613495039903422,0.630128006069043,-1.33499402159508,0.641611265983805,-0.293525808442107,1.00361832307407,0.833274200693152,-0.901571190925742,-0.246722493117055,0.0532030409739101,0.0647400928831292,-0.979322768794814,0.177184949589819,-0.685214196522035,-0.103252015179256,-1.73335253732558,-0.544813781902788,-0.275426923177767,-1.27843568187116,-1.09107176061264,0.168866534090383,0.0559519345054373,0.0629110651100382,0.623429236896855,-0.144523168113433,-1.10514635835037,1.98799029433793,-1.11881295847748,0.878656386208184,0.36494757074503,0.421684875298235,0.160308937343882,-2.13787376639721,-1.10948190331975,-0.381160756029888,-1.23906453913503,-0.870846244067735,-0.678375218046449,0.904793076421831,1.20199688636442,-1.10334158884722,-0.819200578359828,-0.156530272709821,1.41740268448839,-0.160499843697799,0.698368971495029,0.183561651174771,-0.039108905212456,0.0688287766191433,-1.07068922328431,-1.32472854565,0.300885219368603,0.246960051580474,-0.165301667090875,0.4921039199892,0.866769359935079,-0.160768108580694,1.36997825664064,0.26075092504463,-0.0325575186422815,-0.566507683452643,-0.322132598286799,-0.748688016122865,0.328002725267109,1.12136903334509,1.62262516400637,0.114729763998505,0.210779940006273,1.29843560453504,1.1743255792109,-0.924116784026213,-0.0571753177226001,-0.45550326818848,-2.19540550639016,0.080359940614328,0.0777318725261273,0.860973869921019,-0.141969106415524,-0.244832604966344,-0.121140506939265,-0.902379609614716,0.562811149049575,-0.313194232320351,0.377861158464962,0.56832084484183,-1.10466035071686,-0.466435004071162,-0.446054811905064,0.13689527427643,-0.273781237635996,0.296020499190195,-0.990442071947977,0.395706982762844,-0.535318372665405,-0.207277022051023,-0.685556439269615,-0.986399981923655,-1.40818481011139,-1.43621169331422,0.246445234166378,-0.679875186650913,-0.228747615364045,-0.591093490990609,1.94544181569307,-0.109412564796351,-0.717101676211541,-0.881045343474331,0.973355242886993,1.23143854001492,0.0421203013764473,1.65954785583959,1.12749230112688,0.525111674344249,1.97587362096866,-0.71006463287835,0.999940424243823,1.14016927971381
-1.09795421832484,-0.366248722187974,-1.00577065414084,0.122076036179719,-1.41927946031683,1.31041682903597,0.668046224494732,0.00152904508463958,-0.536525884042285,-0.592598982841498,-0.190681899675008,-1.17111631017482,-1.41686786920885,-0.542424463192878,0.200699002363515,0.451001126287329,1.51665810086007,0.339546290607915,0.822575990744564,-0.340787907035117,0.96784402511028,-0.228641065019486,1.83253750771413,0.066788438646807,1.69963746325126,0.486765739057614,1.41267534259512,2.32890939008788,0.593619783819244,1.73420983076222,0.359246546151119,1.02521685564026,0.041414740357112,2.1277855906841,1.92393107017132,0.516539737951859,0.981859740906152,0.0298072329714984,0.732746622458655,0.648069079113714,0.407733330868421,-0.561538384769472,0.397053698380476,-0.610924412989597,-0.653062537172767,-0.318335579606807,1.18299559472733,0.95023303767247,2.30202406822744,2.37722951525376,0.60872845269695,1.31526420379281,1.87575462001918,1.10773099791688,1.02154508879663,1.24916558106594,1.46953314962063,1.32164738960513,0.514550308440913,1.38923442190886,-0.545837561433658,-0.725652527356186,-0.982993033805235,-0.196731621703252,-0.614850056115738,-1.09125695529564,0.492521747135411,1.2574746786938,-0.0744711729705858,-0.806172908336203,-0.54688405839444,0.432421939817857,-0.307401741446236,-1.00045669738739,-0.442705948411328,-1.07138675242382,-0.142241074936582,-1.13801522282424,0.992932327413337,-1.42706783095697,-0.585865684223712,-0.396660537437445,1.0247761666627,0.243543494054475,-1.02599689703064,0.117670254860969,-1.58413308133076,-1.40600375294319,-1.91161375743403,-0.461046098706404,-1.05577058872183,-0.4736846916854,-1.224383193523,-0.614198935705528,-0.937016350171754,-0.0686486265291981,-0.242495668832894,0.522109723642067,-0.0422269867383649,-0.539214524172102,0.295636547207081,-0.456016360322057,0.37708257926684,-0.386930869044776,0.57246873562597,-0.229003533172896,0.0943780835122944,-0.0585014154155167,-0.413275489070925,-0.568935634591314,0.725907276963984,-0.241957889220363,1.14344490192097,0.355059492354451,-0.0144425625276668,-0.422252095838202,0.588260602537727,-0.113422373827057,-0.694188336404487,-0.320300169228227,-0.153690679252137,0.153469316158923,-0.161002524493392,-0.239254163503601,-0.758975919173315,-0.0550392302056469,-0.131829655621412,-1.34082921333275,-1.11073599319012,0.298364409534859,0.453461979458392,-0.438728758978496,-1.19961027673032,-3.24894472076018,-1.64955189616468,-1.1307268108634,0.535641425385629,2.27073422313455,0.0112923806535142,-0.353888299686075,-0.400682529584072,-0.748926799660315,-1.06070623994844,-1.37087319392841,0.0722837461103799,0.0918307485258805,-0.17712512762718,-0.469342714647798,-0.552130690615723,-0.986152903831725,-0.50050395553583,-0.769971017559901,-0.619734972710408,-0.975817317489603,-1.62720927092992,-1.2216886751907,-0.959318112853494,-0.740076629359655,-0.968261796411699,-0.870818449751295,-1.41603313968587,-0.866465471247348,-1.29908362461253,-1.52118696378943,-1.00278047005082,-1.29091145638134,-1.00913150620156,-1.54050250875654,-1.44962160586731,-0.0977960941320701,-0.353819334127361,-1.23875104376467,-1.63695977658274,1.52411999457405,-1.53603418436878,-0.597203151840316,0.134990028072247,0.619221419062107,-1.20739192943221,-2.02323153053272,-1.63112698396471,-1.04311391998963,-1.89672231563801,-0.148392456115899,-0.495871971373523,-0.939601218112296,-0.625763543539576,-0.557296884481922,-0.296692922270403,-0.403613889486957,0.795398555811077,-0.261586162988845,-0.415156123762296,-0.671514931964425,-0.400860045237347,-0.0941782740268879,-0.449304064118832,-0.92219461361962,-0.0848111034788214,-0.454731014461261,-0.841426270555053,0.400726825830273,-0.106397755486968,0.239101100097551,0.66219107237493,-0.884520432122348,0.410486567109658,0.945179513389359,0.889142985022167,0.173216425216183,0.832409005010551,0.966237229800547,1.08110765112676,-0.0355946550062904,0.744687200520417,0.248690956885035,0.231636036664792,-0.0121666328596692,-1.0223269611937,0.866216403188988,-1.80863139516716,0.517080004929584,-0.223024495576735,0.321918059842448,0.106287467604079,0.474162240487572,1.65100499331761,-1.41660317761974,-0.20809990304548,1.088548278242,0.627029594461721,0.934059136233376,-0.894174967516106,-1.57402259809457,-0.853318375213799,-0.323377197330299,-0.763616606128516,-0.308398259199925,-0.674271042232059,-0.684922614824665,-0.143941904926608,1.17162797035544,-1.76360151818518,-0.478850978128882,-0.630094570232511,-1.09765631214055,-1.9974755647413,-0.837779778662442,-0.902468552031871,-1.36579478156272,-0.00976743899263823,-0.439961600657629,-0.424380199606058,-0.850551510560452,-0.0937087739020124,0.437215958641433,-0.936880863047354,-0.194750842887391,0.587697971979608,0.206688452043637,1.72383380967103,-1.49251630003933,0.859937378239003,2.03590830433604
-0.673760286714469,0.697833497562947,0.712107972832804,-1.05898679858962,1.22788068246497,0.192305941841785,-0.0485065953734413,-1.81887725984534,-0.475762690008657,-0.0260652639429208,-1.26129511260824,0.710089600968269,-1.18547819511902,0.604637053276315,1.24917320576406,1.19213647568269,1.1015401391376,0.884047152947664,0.965899894038502,0.111656509235288,1.12796887688447,0.944481810048824,0.747061566350912,0.882863960294752,1.03962283079582,0.490949702945386,0.0563318837787314,1.20924865634418,0.726208708780495,1.26366251121927,1.10795649752198,1.70620364270276,-0.0995999894542963,0.819349564206014,0.933179633465773,0.664382568965718,0.857401876544492,0.559803198411618,1.11547727189126,1.18078131075876,0.465408124315101,-1.29398389176685,0.661287309160195,-1.46731247558918,-0.74281547101854,-0.563621899854895,2.34567096202118,1.0020776044621,1.51755539692461,1.41769994154582,0.727729382174786,0.211856085930439,1.30699912402845,1.71089769790901,0.90048670343032,0.187434539706335,1.34749440701616,0.529527342160299,0.763136611122888,-0.0744893490694798,0.675920161388544,0.112840406666963,0.644012158687904,0.103304852411343,0.310342491936673,-0.205914871099334,0.694689798260543,1.48918344349527,0.601626239657669,0.291719505269187,0.699266702594771,0.950415424663484,0.537082392557509,-0.221758411413197,1.79032360453855,0.945510327870372,0.608779903387804,0.534739642865034,0.756438159271116,-1.06600773024426,3.12670571743263,2.62783403996333,-0.563730550645477,-0.892757939457119,2.31644121080595,1.04936491927443,-0.690015993828974,-0.271909950886511,-0.142813558827343,-0.426883762613761,-0.404262726896744,-0.0774779293402845,-0.826434699811625,1.31571817619375,-1.13565911000421,0.290147100893537,0.079636342829003,0.674274083436603,0.294890899519624,-0.842542964782505,0.540601468634207,-0.329472660944694,0.0914086893068499,-0.127318070232981,-0.332945059340543,0.449789687229214,1.30973700086812,0.227200983875633,1.72084369412232,2.34677146111985,-0.78804988683843,1.25869735222946,0.780809783855434,-0.725931789849225,0.607440929567826,1.01022317581675,-0.416754933619172,-0.0333286162004118,-0.195059186022758,-0.156792810103073,0.287839075089148,1.36717177445121,0.502328866378819,0.991465849798044,0.637805903601873,0.0608118024424232,-0.918925384695136,1.91201604742534,2.05229406827618,0.244020512528806,-0.0345225391243461,1.94997001951306,0.105103801696404,-1.33630768115438,-0.473393519440245,-0.361812572375703,1.57120701088068,2.0989957410629,1.74461770065251,0.499662970593399,0.639853982189911,0.00741105240016338,0.195853729766514,-1.72816407598162,0.300438663542738,-0.178927389621873,-2.45073739306803,-0.0696128452993248,-1.44340500058232,-0.0854296170400748,-0.595785495166443,-0.591476751715505,-1.46156017323788,-1.40944631838445,-0.920288044537933,-0.866031647008264,-1.42945688474515,-0.475754353066698,-0.161731773223903,-0.0723943944946368,-0.71021326841667,-0.616835365963085,-0.655836054550765,-2.43911120975031,-0.38126447103461,-1.18198932723562,-1.00905176077611,-0.805407924741179,-1.97491349327438,-0.0966408328930671,-1.1295878179273,-0.977012582774819,-1.89478345673418,0.813891132535728,-0.800779034021835,-1.66481098286497,1.43876469029501,-0.133370198615588,-0.497776499924753,-0.267376732013723,1.00400284272077,0.940727837470982,0.312806699877679,-1.15463182396188,-1.38012912946825,-0.830138699053122,-0.656912984498557,-0.366436035513141,-1.37782895801008,0.865407558409351,-0.589449271344467,-0.170749225095873,-1.15148079880026,-0.865881530712181,0.338780398959131,0.365537899181121,-1.12888609288611,-0.73608403352365,-1.21176229063138,0.730361794305549,-0.16969289236874,0.749403909262779,0.0417104714555234,0.773570146260897,0.466927023116549,0.0261242589413804,-0.498192303499099,-1.08613090041579,-1.06672337638596,-0.835221103846465,-0.132920891162487,0.883474720110978,1.37915256380245,0.695069848654165,0.475235324244283,0.186527840010233,-0.0182129745154626,-1.16097120600351,0.84921982736968,0.16313908406031,-0.838114990250136,1.87697412954884,1.26869743145692,0.757320307999271,0.765644129215876,2.27222971094605,-0.506988810405304,1.20301919833142,1.35231139642864,-0.265840658344896,1.78535956295827,2.16858452295147,0.950228871633351,0.203111765394969,-0.00534781096178012,-0.593739663604928,-0.365820536636973,0.627535881588438,0.306212008227794,0.61444327683987,-0.76587536658264,-0.301727774563324,0.253208210483447,-0.700904442744964,-0.267328382558569,1.07373927247854,1.97230516289933,1.62387157356505,1.40323074019327,1.34882907088097,-0.545265313201141,-0.30796753324728,-0.665909887823485,-1.35148320257134,0.500000996160647,-0.105463537399248,-0.721855899635702,0.326828377193324,-1.2715626320754,-1.17457799247427,0.27960926678638,-0.756720622325348,-0.401911787152167,1.16868446871989
-0.989258519055946,0.143785078481263,0.661294892265148,-1.60371540909465,-0.22912506237234,-0.288977082661586,-0.880546853400808,-0.866601107237867,0.509626981590984,0.979577827281721,-0.266454393158305,-0.736576048508962,-1.61222038841693,0.115021531294681,1.7824073510369,1.43861661811326,0.385151546937409,0.336501228324722,1.11059067982388,0.808859876673194,0.479508594987443,0.277185883752005,0.318658099286236,1.82332673439405,0.259397432574858,0.702337832253364,0.327144638534542,0.767292262124091,0.587744272197076,0.805659312055129,0.552927017410195,0.982686492803543,-0.0306146966734548,0.687255960425033,0.349364225176955,0.184607382995626,2.07472764403901,0.104025235973754,0.178702014662956,0.827627774962148,0.695095949939118,-0.811602132265131,0.48069471335318,-0.736806938911427,-0.481841688971675,-0.40522509283745,2.91168461495211,0.526603070079486,-0.248338654778206,0.0158838174371737,1.48650005198975,-0.455652295321362,0.242651140613999,2.211152015087,-0.49261375251684,-0.073392080279489,-0.857874685886817,-0.102873036188913,1.25353536843146,-0.576447877412429,1.01344437893124,0.166631299645211,0.454621736313131,1.81781104548288,0.679808882318658,0.801450266180024,1.35034461216566,2.1651248219249,1.00588068219106,0.364406270173238,0.898721126972964,1.22013519644074,2.00367346423571,0.793916139159277,1.65348516747889,-0.171100110433368,0.253326087007972,1.65590701718576,0.427619728528496,0.397141699656267,1.89512585390456,1.63339553601981,-0.770883723229853,-0.358554281351598,1.50274876996841,0.77631209985342,-0.722061296380151,0.315981266617148,0.801755851393034,0.991360255925079,0.784114840019398,0.505275196398875,1.0277886945524,0.986336702767626,1.01822984643183,1.06161624384445,1.08870361722253,1.20912329751279,1.26966825592396,0.308084982180643,1.98689782654937,0.753644985371329,1.12908304821231,0.238842537603884,-0.422565484548892,0.216497482086126,0.372561914308425,-0.200571847444171,0.915615167309781,1.49697627564062,-0.250369381062216,1.44203788954036,0.204542612005689,0.384959382761323,-0.582420045041617,0.257153586053999,-0.533402528668552,-0.288120010713149,-0.163057916001072,-0.953689931267015,-0.037756773894133,-0.15188874622059,-0.228894852977337,-0.549181564260453,-0.631948259334482,-0.939916717760738,-1.01580246977081,1.7708848043589,1.52478733881462,0.761211082997525,-0.921155009689453,1.57649170733187,0.495587008949887,-1.0802331292972,0.173829220090019,-0.246270678040647,-0.0167972531087359,1.34292135159836,1.00163838958973,-0.305997890715394,-0.313252041179216,-0.555246516237244,0.317007065329279,-0.669319241162013,0.842274721039538,0.226118275488364,-1.63418667395626,0.618889905475314,-1.73577554837624,-0.342270062349352,-0.0687835981933139,0.963605687477523,-1.54124740866384,-2.64547757990883,-0.69485713026013,-0.83097889426383,-1.63165815257691,0.385800093354988,0.0653464643475641,0.758486769276697,-0.887413029651291,-0.102645267284367,0.504927405457951,-1.83795154211007,-0.902721864397248,-1.46051315532756,-0.679001132953466,-1.82981731195447,-1.3747306765382,0.503488401484764,-1.4706436094227,-1.05808664992096,-1.18811023504268,0.848078864158747,0.196066687227484,-1.74798901818597,0.383215663949692,-1.05786078359657,-1.05198798682093,-0.675973409382653,0.414318816452904,0.512680351295135,-1.2736929578389,-1.02796668586419,-1.10124720354908,0.24805466626636,-0.265907200974223,-1.4387532474077,-1.07201256462976,1.94449320111775,-2.35459268804179,0.310889961311428,0.0177275670285867,-1.47043721041438,0.0680823854081724,1.31499688951618,-0.40063316722555,-0.276111290697938,-1.55012306940979,0.758082254466942,-0.523303119070333,0.929078059891284,0.0208702731246216,1.46764307898057,0.596918502792964,-0.712885892409266,-1.77121041084215,-1.24190007785628,-0.939241485300073,-0.958901716469131,-0.0892930498539668,0.887577569295697,2.20180886299299,0.606589917783805,-0.215796065749099,0.82790482229672,-0.271244889441489,-0.655650279886795,-0.468197352230913,0.687474536333241,0.520998857388701,-0.405268740236734,-0.332559661444464,0.366660252370174,-0.192609738729195,-1.12321796987208,-1.14038662361596,-0.315823002217884,0.223313504152289,-1.15002715774383,-0.726242160897956,-0.0609277742088715,0.302838119213202,1.43539158460456,0.490035188028109,-1.33892902357945,0.614837437975673,0.172516772199029,-0.843626004393707,0.0948198708535167,0.0879873070570704,-0.514236207284626,-1.64593992195206,-0.79097033985046,-0.905179158319471,-0.0478149656195571,0.298910038709363,0.317942997894729,0.88930817096343,0.961593353770671,-1.84535805888525,-0.602664281149377,-1.2500453836317,-2.01032368681124,0.650482230607293,-1.71817108983824,-1.01588135389877,-0.79544983021244,-1.77255482850007,-2.24519155994323,-1.04148465611741,-1.20323514836017,-1.17005953235802,-0.797645630881907
1.08801909264774,0.450095671130832,0.464034354351524,-0.351878164630237,0.372758421209773,-0.614972189811206,-0.130000388388933,-0.427059974557686,0.329025948064565,-0.306139138260075,0.539153822926978,-1.26890550528181,-1.91750838241715,-0.845331810531299,-0.501249417142212,0.0136596996205368,-1.64225098549799,-0.0929617370040591,0.413199126294307,-1.3800307472688,-0.921702841255494,0.229985327704676,-0.533201776552238,-0.677291516588264,-1.04837965935244,-2.05475063978685,-0.470683953836701,-0.202084161951937,-2.60103512422435,-1.07179432983363,-0.617775274275955,0.739865877078133,-1.19058948322248,-0.393715937668413,-1.30965851115557,-2.5959758052463,0.489926024124407,0.0861442856611251,-1.3573058137863,-1.4618665026092,-1.76389030479562,-1.89925346808962,0.869829588779441,-1.64238694901057,-0.704438352370527,-1.36693926743452,0.442840010022714,-1.27132937590092,-0.386084438731876,-0.804521444192122,0.696754661893799,-0.782247771484422,-0.426156961074686,-0.699369753299356,0.0135491799235532,-0.949236943614898,0.00741589520750446,-0.231914809158218,0.651737698993006,-1.56369511376013,0.720789966194511,-0.856417670789203,-0.262430866237448,0.0988748429558678,-0.000817523341830073,0.873696130942658,0.592870051380935,-0.897952133174832,-0.598288425547294,1.10509509833662,0.0844544976126006,-1.23964677144881,0.45176812085275,0.73943649644316,0.554889891162283,-0.519046198844435,1.36339589923915,0.535058366602437,-0.127245147799552,0.723147569873213,2.00079438289757,1.64399596278791,0.0811413064453323,0.370981357822264,0.415519250644006,0.267792397935703,0.08343734205592,0.196653764705255,1.52775770477842,0.617621519307211,1.12766104112589,1.33649528339978,0.0994959924164655,0.8268254635919,1.26852883277658,0.784397801952882,1.13794714727626,0.237760788513702,0.846756835417804,0.399210199786541,1.74742856423598,1.10881003938225,0.451115953254542,0.340296408954934,-0.634029104069979,-0.10448930515226,-0.908797010680929,-0.514600887167968,-0.322590539073378,-0.516308973541701,-0.852418827345745,-0.698745276836732,0.543494873868543,0.314350350786433,-0.495053443481739,1.64172197561986,-0.039783654867313,-0.320493333073223,1.32828176626982,0.321801079209297,-0.224178506735821,0.494490718414755,-0.307115596425704,0.840900982145552,0.199238877128279,0.540609726110693,0.646485945791171,1.84257574356886,1.82521119160799,0.436961429120165,-0.344771298225121,0.174712726156933,-0.0343259552065443,-0.120987959265425,1.59721656741059,0.508641200213935,-0.96041448856558,0.0818678442451085,0.237273969954698,0.94429119154607,1.17772092085584,1.15999764428461,0.776499578731587,-0.0605357529282309,-0.184461331378668,-0.545745530098212,-0.665937688056365,0.508846600137222,-1.93939905668135,1.20716366808483,-0.296065047064113,0.32040896760097,0.622647478789338,-0.531211514772974,-2.09255425176056,-2.1812532760528,-0.859442691455271,0.865757941080263,-1.29447819370172,0.787207854594943,0.736904121972898,-0.883538932197623,-0.80777394698371,0.652039845381732,1.31324344297112,-1.74385561647152,-2.10282552152357,0.312087194913306,-0.666066555969577,-0.567168280873942,-0.430382395715585,0.65937027573561,-0.0439445905297668,-1.21865007720233,0.649780069389147,-0.247637037871864,-0.655513890867411,-1.5487784409175,0.442881044668781,0.0463154901403289,1.16069235323441,0.540635566677681,2.14324840192268,0.322359586883358,0.178595994130927,-0.230494663083925,-0.219835787909953,-0.676714985977575,-1.21873808786169,1.19625451993294,-2.00499958870144,0.805818919553807,-0.233074882209579,-0.65821170487336,0.00666893392885228,0.764185705447755,-0.872275241081617,-0.597274872486138,-0.630359690918429,-0.471275113629896,0.55113629416729,-1.22402895642673,0.585414880466071,1.04361730584655,-1.10738014624962,-0.368865489978125,-0.801057069524811,-1.61821409664385,-1.89146820169933,-1.89812506315705,-1.85942317626671,0.884887689384422,-0.236342579895825,0.839339552512962,1.14068426960082,0.111636455597195,0.856995304844312,-1.07016461214879,-0.240084529754042,-0.233588292016951,-1.02593483666202,-0.096702038051788,0.295814286484406,-0.0506308555088605,-0.0465404309195888,0.0425644565750409,-0.861248097571831,-0.115502796730306,-0.122303938870172,-1.36887437852212,-0.783134589844868,0.245986979990554,0.386297478748005,0.039979082257576,0.101364953405023,-1.51026727128057,-0.274030134981634,-0.270374879470556,-0.154983852065269,-0.537773058789834,-0.789332170271851,-1.5649499186393,0.920688148060528,-0.0516944226632404,-0.0432148156560283,0.119975772370269,2.34044022742071,-0.165307581255393,2.14106067663698,1.26862590297225,-1.36556445616528,-0.813350530422059,0.493974244326879,0.683110766282552,-1.41830274054058,-1.49427503154013,-0.352537352406821,-1.17428231801243,-1.40799043628926,-1.29743837516488,-1.71735543287469,1.02759091635605,-1.76167778480839,-0.647795246832639
0.331436496329218,0.81959417542083,0.272865332624772,-0.0748629999934658,0.480604359508349,1.29470210992575,1.38531246005003,0.170355972677289,0.254734107850828,-0.134898834552079,0.630572925763742,-1.30675183557835,-0.762455439455251,-1.63929823458584,-1.95197710129857,-1.67820334689705,-1.70926644365657,-0.915566898732085,-0.530623230347312,-1.5113296915458,-1.70111431478727,-0.178251793276495,-1.21840133494705,-1.09037864280614,-2.36429840223011,-1.99315910538553,-0.652555492060449,-1.69409694473652,-2.85629901987124,-1.38152360110634,-1.42827450056661,-0.763044137728244,-0.675528152667006,-1.51265486890059,-1.00064019457801,-2.3723953438716,0.190229792888458,-1.73869310461914,-1.86548922201933,-2.365223638248,-2.06352940332011,-2.59654872545644,-0.423714144291968,-1.82337142993777,-1.88677666843358,-1.70735422723729,-1.52796326691668,-2.4763175779667,-2.12830263017413,-1.29321723352035,-1.49317307248112,0.671352212904977,-1.54617585122878,-1.89271762320308,-0.708209421713071,-0.125624545476713,-0.82019984454105,0.171644742274565,-1.4263281519671,-0.555592816710026,-0.598874104326097,-0.843681716470193,-0.280137034479905,-1.24241850294813,-0.646289697675184,-0.226478980322189,-1.45606777224949,-2.47357178695361,-1.80182746298638,-0.77453785881016,-0.529807092315992,-2.39047090883112,-1.0344374963071,-0.453440990146297,0.578749039250474,0.0441133189258946,-0.282117972271242,-0.144187630625832,-1.39592140147095,0.542199566824197,1.67283444235168,1.66507983829094,0.272715313712902,0.426758288114392,0.0880373438933975,-0.175675548206549,0.277251328769758,-0.288897864807008,0.243790253262286,-0.413347776756501,0.709134993439137,0.768644430197389,-1.29860326807786,-0.638607125399551,-0.500735025521269,0.344989099116478,-1.3078890567336,-1.28256224249937,-0.124724082756062,0.307208783693413,0.0222009956756863,-0.129553613243451,0.275468575518588,0.325666223440932,-0.430296939853324,-0.0320990247709353,-0.506356414022924,0.566169603533411,-0.497960149100805,-0.333650745315267,0.330846736734066,-1.95334624230964,-0.199618341308168,0.92589651237835,-1.14034509784935,0.988203917571407,0.65880857443591,-0.719790555604533,-0.419116775023675,-0.938409733016183,-1.93763055090445,-0.709042291090644,2.02032433092841,-0.18084935415197,0.754507923617215,0.0936101700422118,1.28082210172301,1.27644719677373,1.30917137112451,-0.329842411231471,-0.723423291768454,-0.223971426883189,-0.555098342122725,-0.108560531027115,0.480493102135111,0.00908377613762988,-0.773695620392675,-0.613562608257322,-0.641176105180994,0.419329440668779,1.74363765970049,0.739287512352658,-0.0702192615429576,-0.178445427875372,-1.46146493688494,-1.56147389685779,-1.13754306030001,-0.751127934263354,-2.1358274793142,0.979500123339498,-0.0678787667648594,-1.99429512690355,-0.581005649799602,-1.09483537582605,-1.67816185952659,-1.85333133821887,-0.600479846493441,0.502218425916556,-1.99132229874275,-0.79128693493183,0.918113594111165,-1.30609735017235,-1.94180607609131,0.615713828875738,1.93578031305242,-1.95134384638733,-2.54800073145566,-0.348717070602705,-0.955857465490002,-1.58193102022491,-0.637518958611281,2.11237219964719,0.48005073826746,-2.38575525746313,-0.282991269876714,-1.54479383286949,-0.500884719806031,-1.13107923522776,-0.668225099974964,0.02871595182165,0.250457327409289,-0.0516707413077577,1.46479664234928,0.686227381477626,0.860978501843024,-1.27014670264982,-2.17450611194794,-0.852193084019051,-0.447141336224814,0.696289222594313,-0.858403273096695,0.769864740034064,0.0362032060757703,-0.373802703033033,0.273277204669455,-0.0526421564193514,-0.174416610125827,-0.12021746512879,-0.645365160311207,-0.804704360486522,0.0465673450700326,-2.67625220832703,-0.474953657101014,0.345172697048931,-2.46061727800082,-0.705844495784285,-1.06191937387521,-0.602799899165976,-0.557824987074942,-1.06414864032663,-1.06394787660042,-0.194172670576766,-2.55798249556716,-0.364388401154524,-0.553485141758088,-1.89415161113031,-0.742767242177276,-0.576984058521701,-1.69242968754862,-0.390537277107635,-0.868171666066004,0.370525414318089,0.555019050010696,-0.993156762703342,-0.663713939042586,0.245413047612407,0.140587354671384,-0.0363780773171864,-0.370777167909695,-0.641734093613386,-1.07731117575658,-1.36800950510044,-0.444959924029012,-0.563900084675554,-0.578664860967972,-2.01717367427224,-1.96097330270252,-0.0624369308271513,-0.480231323214293,-0.970505317031525,0.0735450145727271,-0.129347418066489,0.367421142390384,1.06458212978457,0.961454465682133,0.701020084045298,1.00567579223484,2.38160516934945,0.571791572594706,-0.259461770872106,-0.560229939726982,-1.50721291945447,0.881230238962614,1.17797626936615,-1.24593284887059,-1.60676548460945,-0.132589147331162,-1.46576744098876,-1.12205294701204,-1.07863261073683,-1.97096832483544,0.340476851867869,-1.4824132470985,-2.1457793458626
1.24832848746489,1.60814496544505,0.91695225822438,-0.148016937144735,-0.0227418915189215,-0.0512547291912266,-0.162263084291652,-0.585610164846291,0.0426208892522008,0.745797555584177,-0.000196811396176152,-0.996007211826994,0.128738741629142,1.06896123244583,-0.303482406301945,-0.928726562614811,-1.9987897064968,-0.960403430658557,-0.123408673318993,-1.31698484322097,0.300415599307628,0.321476637444135,-0.587216565535506,-1.26483436171781,-0.891211562440376,-1.34466488404883,-1.06489795890854,-0.493038735703497,-1.65867600993291,-1.47743523684856,-0.938460615449034,0.121095803141291,-1.61151192039142,-1.23153893545532,-0.828074970432035,-0.890592724162315,-1.40195096734837,-0.660516468944398,-2.10913745918477,-2.14007891565463,-1.35142460758908,-0.821976130214771,-0.900073742346212,-1.59674377686586,-0.920863375354738,-1.54071243126749,-0.625375619116022,-0.606403060694554,-0.155936856768913,-0.381878970441483,0.174412543784066,-0.472329828074892,-0.296359091741741,-0.287409371043994,-1.15086906401141,-0.554568133840143,-1.01122353308656,-0.398582342390184,0.0782380205291928,-0.710724321690159,-0.923359776244499,0.282789499781293,0.115442821072521,0.0544557742545783,-0.103802280526472,0.594743659657645,-0.161019560790577,-0.449879846114681,-0.642331597134499,-0.297654141387844,-0.461299874536554,-1.05439999903422,-0.827091193476862,-1.07276302339945,0.511309905904076,-0.0620135233074912,0.343768642579208,-0.0951960373608686,0.342357033008104,0.112060745750854,1.50971152723237,2.10989591086306,0.498491038973757,0.652668291617535,0.466576685186636,-0.220961035602459,-0.804419414386005,-0.777356385271237,-0.650868412204948,0.0525975660782582,-0.593664639365581,0.90498770180355,-0.604105131930203,-0.367792623829062,1.16023971657848,-0.295311697906111,0.95533940891705,1.26180501263958,0.165432097306275,-0.300094414647721,0.56151762053567,0.535141020458993,1.52804817127173,0.685977249308123,-0.302445999739026,1.18956219112427,-0.0837465616181442,0.0612016004148429,0.2498548063789,0.594441887677377,-0.0966885805883243,-1.15733100781421,-0.400052862839744,0.372912854715596,0.0289224282825389,0.672732598055912,1.22016234702799,0.179429072333459,-0.745648621607442,-1.48247496646008,0.682542217379665,-0.724297403070096,0.64755053116656,-0.578277068479123,0.705268830792758,0.170133327732463,1.16990283770908,1.81029645535563,1.32920809197417,0.625189484891886,-0.0205530986364486,-0.0320304236714244,0.296534806224031,-0.81710793870583,-1.08615191902134,-0.527439617075085,-0.195584216228919,0.289983516100665,-0.141378679762514,0.710269636101788,1.50312925880178,1.62373754563741,-0.518988534127685,0.517248930854395,-1.35234354520679,-0.43875237546909,0.10067440442703,-0.66219527171373,-0.659102813638025,1.15731025229727,0.674806784260542,-0.661473160187494,0.38126646949641,0.30054301654324,-1.03327214312896,-0.839287030739312,0.691067490634478,0.81561725540263,-1.00582406732994,-0.325906331495645,1.45039136293267,-0.565248034864768,-1.27635275492026,0.894255250650009,1.89689392295622,-0.574916384069159,-0.548926479274807,1.04341936263502,0.132410513265488,-1.09116279491358,0.454705449536857,1.94668938622686,1.21701674498012,-0.886184047849851,-0.964643136421592,-1.2860393557796,-0.977678868429997,-0.354448834283812,-0.596249047866522,-0.585772379329487,-0.22540060064963,-0.41174343777394,1.03703882927442,0.362195254469293,0.205882517514621,-0.969234831471475,-1.43218183921767,-2.12636917556038,-0.570894008894701,-0.220333913993765,-1.46329305325079,-0.559092294268762,-0.280682028062742,-0.963408626506524,-1.23934062550472,-0.388161708374705,-0.825209077149719,-0.821606214942798,-0.886701049735844,-0.0212656493385717,-0.665608185201404,-0.860339791674772,-0.841188498345433,-0.281485993048684,-0.89369335122787,0.15957644963253,-0.813466079713374,-0.645587272256455,-0.544188442797344,-0.996828001691453,-0.509367195392648,-0.966262049278669,0.0343039713533127,-0.778579974149084,-1.3407936069285,0.334069279118901,-0.242640596104503,-0.805092637504886,-0.71892086508423,-1.76251437998061,0.588662503042273,-1.17414368021361,0.149996746433824,-1.58074937265282,-1.49384014149712,-1.0038273623768,0.142852593157896,0.437695700731053,-1.03963773850336,-0.268046642807611,-0.974179215747833,-1.18542480061746,-0.0771314078512649,0.669660803423072,0.834671572026199,0.228840552351257,1.3526250494599,0.960534403327452,0.228883415804351,0.642693388312493,0.136038934213485,-0.180254954636115,0.95161413660904,0.819094883531394,0.569153438607477,0.315671518433719,0.597447828718129,0.719234758659893,0.590205733039657,0.52214675273301,0.46080574743919,-0.69955918955427,1.09739322190877,1.1727241966529,-1.39362184122832,-0.666317526854814,0.315763616572255,-0.560414630982427,-1.98124173838306,-1.57947118226122,-1.0238423733326,0.738556931451996,-0.161732350657911,0.0272817904982938
1.5620493130149,1.12763450507863,0.785767746343688,0.306601667676,0.441347262662236,0.95771268162972,1.69990940833317,0.644809301867241,0.0382618035134231,-0.735810296152544,0.0948556701952758,-1.0299764259334,-0.734168495113191,-0.846750851995347,-1.99685959936545,-0.884039162928146,-1.9638440150933,-1.81941951234303,-1.51863847738206,-1.59526710885904,-1.01668039665066,-1.42063360592876,-1.04402422709983,-2.02606092104521,-1.78007276299699,-1.67750693498844,-1.98754010894187,-0.713620332015864,-1.64957753244946,-1.89407480746797,-2.00135232521992,-1.5445617095931,-2.07338727449218,-1.30634893759486,-0.899049753188545,-0.646276295047566,-1.64207051951071,-1.96660831185803,-2.18503092503848,-1.96768401544143,-1.46204579562319,-1.55577759998664,0.523121498534306,-1.55047327337504,-0.958951773262838,-0.978773051642925,-1.44727593496219,-0.736227288063389,-0.960243539770145,-0.714370113989547,-0.799923107359192,0.749289457181692,-1.30166716276653,-1.14574995419259,0.0453684205839468,0.504525901710837,-0.449563586424748,0.887310035769451,-0.349956769416947,-0.182275618975175,-0.61304471281825,0.543400748469975,0.0167269153561299,-0.752139968928812,0.341792483917167,0.392542803384524,-0.144504048814243,-1.21773271453918,-1.07032853580214,0.5388156728176,0.0230221423995223,-0.869565146460241,-0.744676821008723,-0.360082770806043,-0.0598816979963502,-0.656295122549265,0.832208417497199,-1.33820053762985,0.0755602871533913,0.800660987109095,0.997144664385301,0.675508235637942,1.08206121602705,0.681002348935788,-0.612965571714795,-1.25945024306062,-1.02825575739853,-0.907391146678635,-1.19251368843222,0.150312424105682,0.706866527530988,0.288974108499953,-0.675879147931956,-1.5260581649193,0.659512615836759,-1.26222940090135,-0.864831173689753,-0.927185828994807,-1.19768842315081,0.0258770646330389,0.0684725201703898,0.662436539973018,0.19927130041426,-0.495492019952737,0.678528583765516,0.770681423320744,-0.0789818274993703,0.545698637457775,-0.117489741559594,-0.1838170022506,0.514460909842539,-1.40256964722051,0.617528309470607,0.682690330308724,-0.0384046985267487,1.86024369609594,1.16751918613409,-0.377371390249114,-1.26366807417515,-1.17486645736469,-1.2390217831519,-0.176108733693995,2.19277072697671,1.06543805602465,2.11405622452855,2.33142661482837,1.04191664766315,0.815789880293021,0.439500789637423,-0.559539313064082,0.368383171812344,-0.954601891976802,-0.909145643887035,-1.20821476298482,-0.99391878498489,-1.25106496772593,-0.661538902646738,-0.921754315305191,-0.263486376066552,1.06669519164946,1.62177557406218,1.57107990573677,0.228837726599427,1.57805069937342,-0.124249839451806,-0.0362676163502467,0.779526994726933,0.000572946461778821,0.276702705103161,1.83037415524556,1.45515334718253,0.037787278580879,1.19671467870886,1.08633665760751,-1.54003787809258,-1.08046571890148,1.36861574658336,1.51600045717934,-0.791453624934396,0.0889327891277312,1.84068454376064,-0.422805190040324,-0.75232493695123,1.42113674119497,2.11339293055285,-0.50011699914791,-0.142664777618372,1.73783386031878,1.25689715316017,-0.363486563741248,1.15693411839726,2.89751981817472,1.98413654522057,-1.61951264105407,-0.204558162790433,-0.0948912136662752,-2.63701655128851,-1.14238624215633,-0.136967318040705,0.0292113443947135,0.35600046667496,0.725522139798134,1.43645362132313,0.833144126079338,0.408754931118249,-0.730608927048213,-1.74356783468816,-0.715063903112284,-0.381905779610436,-1.51236551047761,-0.798038959185241,-0.978054968169817,-0.338101799609645,-0.379257811827114,-2.39455273949781,-1.21303655797335,-0.532172047337066,-0.446667516204701,-0.213756345593889,-0.746967371839915,-0.687597754102983,-1.59756598559876,-1.02407613204835,-1.55698437447699,-0.963119415122979,-0.0685494779836288,0.358224962021419,0.11298160819112,-0.128947932551374,-0.346325892603161,-0.687090948193074,0.0230855122992405,-1.16905925767896,-1.02927788035776,0.483466528081666,-0.380180304700715,0.722526333527862,-0.37123239421197,-0.812343301986718,-1.15299549992385,-1.43719771766132,-0.181528773507604,0.204320891475377,-0.730127793515043,-0.573987077653395,0.0656079831750634,0.264994973237023,0.0594676696571608,-0.159160452010062,-0.294050773932198,-0.647785435430196,-0.23322747653938,-0.0416662596113986,-0.522668174277464,0.767296645843885,0.620136027744599,0.224705746410996,0.750154371972183,0.035936597117454,0.578551510362463,1.00843723903334,-0.0790394005548576,1.52110689447823,1.12138554824845,1.31170681798969,0.499676575523257,0.647181322387079,-0.928132817939081,1.07439058821039,0.329553952272235,-0.27747391426891,-0.214586270902904,1.37015814219574,2.84960521906602,-1.27692785426814,-0.517614814011353,1.23945503102374,-1.1946126279878,-1.04680440288817,-0.434319322355543,-1.03101328865883,2.05386888699171,-1.05575995210895,-0.236396452178159
1.58435956712259,1.19472513922616,0.92412029713635,-1.33551136861578,0.185684818553966,0.134894336806361,-0.0117023378267392,-0.484908968177485,-1.38747497952692,0.0739424830199147,-1.48715791681832,-0.180574255222132,0.551190936325944,1.09941766792947,0.172410041737151,-0.317336211535688,-0.918031368449144,-0.589617267736438,-0.179001118964153,-0.40794423782996,0.761717474254091,-0.517241308397173,0.608786904887973,-0.399316134646585,-0.0923712718899138,-0.554983828359873,-0.460162207223475,0.216407913538764,-0.699994727780024,0.248860005253987,-0.163618289524816,0.55699311770497,-0.193558022767903,-0.198562116705178,0.543108181963631,-0.699137621690852,-1.32263159733905,0.13051637466804,-1.04327689614883,-0.914977230103243,-0.332922750243219,-0.986533198742797,-0.594677502877433,-0.98706253884348,-1.26504359398094,-1.30325850822828,0.842961818477352,-0.264685164100866,1.06390512466351,1.15262317160777,0.910279428777594,-0.915456687364001,0.862205420132867,0.826682230521916,0.0126271397042317,-0.765055160152756,0.200328584321679,-0.447638899425092,-0.324184827091102,-1.39642469287799,-1.37767229109458,0.988517353481765,0.102293105993953,-0.556999794367135,-0.28449496269194,-0.237655500480681,-1.14168548626196,-0.430526126217157,-0.724716833721493,-0.413629692312355,-0.160116944301852,-0.889926669406314,-0.136931689228683,0.549723080694285,0.684438285645907,0.0870192947384471,1.44387807512606,0.405561436028912,0.292011773172308,1.25264414689971,1.60170262090269,1.56127130617242,-0.643698558651871,-0.972086128116302,0.953974858579174,-0.227026325244958,-0.237778166426987,-0.923951598635764,-1.24456795188768,-0.117101701395644,0.854189372206661,-0.633720530529437,-1.31498428895162,0.440758096099516,0.184838741083235,-0.500681168620182,-0.474777767510367,-0.132232568303104,-0.839220791833003,-0.206173962886228,-0.0939318581773732,2.587640620392,1.86622417236505,0.0648627609731009,-1.50811799077193,0.266793755410548,-0.705103036033435,-0.664532964342561,0.150270753861511,0.123938417072626,-1.71595987508549,-0.694204739688641,-1.17362363506178,-1.22079861634292,0.0954054826972638,0.404063091385517,-0.590872026567765,-0.796362031616958,-0.459783392602287,-0.51668880317908,0.179631710547848,0.733372782786947,0.210309022561205,1.54205332692107,1.93156695806466,1.11552664280617,-0.555907917693636,1.23545459641492,1.49446110887175,-0.450445888949938,-0.334619169980383,0.0216446523654589,-0.191928201505907,-1.08201014192631,-1.16980105272337,-0.0111758350580949,0.536714956794532,1.13987498367379,0.355465667731659,0.160293133367581,1.66155047847486,1.37773700865694,0.756468324363797,1.49906275139428,-0.495432896707835,-0.890097423417066,1.22841372151586,-0.153991097805396,0.824900188272829,1.7250569283999,0.0285879896397091,-0.0986933543405822,0.503366840863426,1.98871320830757,-0.495299905744219,-0.0774790519192387,1.46361971222539,0.399898288349411,-0.0928504947442192,0.37599305560226,0.957194878386507,0.0404180643954385,-0.695369049304285,1.06779016646263,1.86719080198538,-0.484962380315469,-0.295890807543671,1.73016124233072,1.67543028029258,-1.68964756734536,0.569557512658238,2.14757443011112,1.47260511732861,-0.223297184521358,-0.20761268767311,0.691543785045422,-1.35932787774608,0.765687631336641,0.560223662509658,-0.370713158663297,0.135804307784998,0.334472840050866,1.4984825958963,-0.687201655364633,-1.39691775165066,-0.261590041475582,-1.15504175735415,-0.369252758962311,-1.29349370759928,-0.86252739970893,0.425130385911919,-0.293506803976826,0.381878264031449,0.344921714563852,-1.40408985704442,-0.132728013653641,-1.58461859642192,-1.08814096630297,0.293678956551868,-0.0900811867126994,-0.669067623555167,-0.604969461274202,0.298227467981794,-0.790700375169266,0.0679737563427982,0.906360193683256,-0.0218545620656334,-1.38439082179612,-1.34320396700813,-1.44029305258845,-1.1382218420339,0.297186007660099,0.0857455024038618,-1.2594855778823,-0.481748435601251,-0.496221192521718,0.708104736238928,-1.68485409503076,0.349426763994692,-2.4648772720291,0.228365257028798,0.528882686539229,1.30855547047535,-0.499720310436725,-0.436212220639291,1.0782985700977,-0.876962669561391,1.93643627955534,0.248602953296036,-0.831023275781792,0.114039480673603,0.752889655190328,2.19005352735089,1.2809479200902,0.307613839742414,1.02422566208699,0.0348811159248372,-0.0699167381233648,0.343023564343104,0.650589569117012,-0.860121217148746,-1.38797648659184,1.96953624332513,-0.125260911872009,-0.634668149674204,1.39315821294355,1.16686298098111,1.43267787405255,0.750363032913222,0.286932889149171,0.689396434393594,0.309776228825021,0.161767146256231,0.957782860144569,-0.353430561668866,0.635017363028148,0.168827704609682,0.833814918397167,-0.0793060458624016,0.0387599372609112,1.19880949911041,2.60707218850813,0.179086738689021,0.587028823702623
1.15668348118951,0.938888232791633,0.0412077491620719,0.65157990638608,-0.554633360902216,-0.00352494118917602,0.557314344798774,0.542816477370405,0.765677957746114,1.42917690582526,1.14257994726331,0.325989618313751,-0.308122411860909,-0.221290929210498,-0.54611381017744,-0.429938384494341,-1.10838782067317,-2.05406180092304,-1.93890043800467,-0.00614800310588976,-0.883514196912388,-2.00308725026149,-0.592501890235659,-0.666563800108263,-0.618119947353712,-0.407662081628405,-0.423112857840498,0.219846219606498,-0.591135781609163,-0.0123414023635952,-1.49590584068947,-1.61872130684183,0.0553467096390261,0.294632149143331,-0.692667498957426,-0.928920622616454,-0.337568228441395,-1.33558227628003,-1.2825476343536,-0.979013990657417,-1.10736177890106,-0.639007499495795,-0.212651228385148,-0.843419103852946,-0.3319363313684,-0.480050782667503,0.866773033407444,0.101834469255103,-0.181455713108513,-0.00770833637610061,-0.00734227546337929,-0.31366735963203,-0.661114740788507,0.645821215807307,0.35122350150182,0.146828225347336,-0.974710306205393,-0.140415873581698,0.327931698863232,0.00377860863573941,-0.611784916165599,0.59931043839684,-0.501790692476548,-0.417109809220101,-0.409521485818604,-0.571528203589013,-0.37518929102605,0.250583429420338,-0.0467425288979119,-0.0712966979843841,-0.350994615587009,-0.112938853075864,-0.909336016661596,1.09441303130694,0.0868600027167554,-1.13827682071855,1.73095956720024,-0.791055225605679,0.803256581620724,1.95298188610027,0.229647471198462,0.475254380074165,0.284187383191857,0.744748970722419,-0.177323329733158,0.00966360464516469,-0.0802727505105687,-0.642901867721877,-1.85707914076317,-0.0868416580644693,0.150063786699278,-0.317012038837737,-0.674998243930457,-0.907979897155803,1.10725797186637,0.53643052237732,-1.36249130091349,-0.581708573129679,-1.28067079639371,0.425932528847024,-0.107482122744856,-0.197937555393233,0.335526097523413,-0.390599343997483,-0.192402147145095,-0.202342737127959,-0.170958165202659,0.590576942697108,0.0125455759871568,-0.628637978210354,0.355093012833878,-0.13568691203259,-1.42456458986606,1.08433371429657,-0.850556196574037,0.618934213574448,0.805599175285876,0.495767778071438,0.336580613146068,0.00421624121576012,-1.34483515151723,-1.11261278805174,0.85098393624346,0.54774474293903,1.64767145387946,1.59900432379361,0.644774231532615,0.804776669336182,0.515907153689753,0.950282751011019,0.317233291117506,-0.536620537703897,-0.528891107994768,-1.91341250604643,-2.17214986041169,-0.966090073929148,-0.0122575265142229,-0.751543026283728,-0.338767075867308,0.0811277649840641,0.635684726176355,1.0139083127017,0.608245018714391,1.67236079724718,0.275689626252177,0.652152679714397,1.22987679914173,0.337794466347369,0.894165811929877,0.951271214939509,0.792452436151364,0.454352890737952,0.873812494730286,1.42081889507523,-0.0600304348283652,-0.277699695546177,0.93884268759484,1.45575714148136,-0.359528554837184,0.846515366805329,-0.739743373401826,0.055081623178591,-0.463792211789335,0.285712837021857,1.19318748049054,-0.807439587891951,0.32165574651579,0.587253850909869,1.41453310310496,0.546858971032836,1.54631939694619,1.38758865212705,1.73672234998205,-0.429902608783667,-0.0271498128707426,0.876125709480401,-0.0211768190036026,0.545103612703896,0.815539129399224,0.0995282654240672,-0.485484140776917,-0.502288019148572,0.0502067631878942,0.845243111360019,0.655989617813308,-0.16909088221249,-0.00343040039817218,0.188481535975132,0.186455905253564,-0.233908979791458,0.613082446344415,0.180538209291223,-0.107334311304888,0.307269041891465,-0.418024001375454,-0.545801084531037,0.415747517684577,0.11486644286414,0.209881367843857,-0.291318483372201,-0.59172385921609,0.0135437352623432,-0.421704627362481,0.214990437879176,-0.472843253514287,-0.280002793784523,0.0206385670567516,0.623143944124055,0.423656202706364,0.241462169211048,0.20666336518112,-0.381364770901981,0.676581528817629,-1.04963438983674,0.653187613807136,0.473865314925479,0.366183232961406,0.23967148113625,-1.56667696430334,0.132284897296123,-0.461941230441293,-0.718453465989876,-1.64191362114395,-0.815934155498834,-2.05914384272497,0.150083319711247,0.436328572463866,-1.23215677714812,-0.511591947885975,-0.488726017102061,-1.89135574010783,-0.625312181422585,-1.0079667719501,-1.64394772972876,1.36643619557237,0.69591726596748,0.0593797726662924,0.619368335060174,0.0569130052759598,0.349432227855819,0.810174037076741,0.60208885993463,0.37620814970021,1.0842235984822,1.01378737540924,-0.690661800988164,0.837870135958731,-0.369056871339207,0.860945204408272,-0.0614078597626138,-0.585536083654633,0.821054298174066,0.901177656747932,1.7514465963386,-0.559682499296167,-0.228077895941621,-0.7984996968189,-0.692054984267772,0.630256797775628,0.256584898792707,0.666389054881967,1.79744799055449,-0.462903499877607,-0.598094937105372
0.941127528365158,-0.324447351793964,-0.502824489246764,-0.25322821660922,-0.463728322632774,1.06226825404825,1.46169012907592,0.168441117223966,0.767049882909335,-2.14360100312985,0.732215290611425,-0.652364931901113,-0.373821562237392,-0.184063456084133,-0.962124444625495,-0.0523920494694372,-1.15654785707534,-1.10418031172056,-1.3047433255129,0.58011140544335,-0.622054780604736,-1.47504515285896,-0.614368020500557,0.186500874975247,-0.198588184232346,0.341122333212548,0.076669864456191,-0.741566808733157,-0.475859236797235,0.437812545317176,-1.35712428115623,-1.03292266650227,0.580111322487899,-0.562466021330703,-1.17567180330992,-0.419062417239299,-0.223974234548048,-0.52534617822626,-1.23585634770833,-1.04445671295729,-0.444918332342134,-0.320073711975539,1.27106199110627,-0.00301205073600014,-0.184996220874308,-0.0105735485590546,0.63023352913261,0.856527922664184,-1.08896421142778,-0.791843037994582,-0.0826426248416199,0.998929377541974,-0.801661632439784,0.449182167624563,2.09337136001424,1.38330586966067,1.34486746000466,1.12274107159659,0.345513504591649,0.96886498367728,1.28441437648104,1.31566256715696,1.34297966026951,0.614834580476153,0.883031824296962,0.659341917905628,0.948040638280312,0.27907622749933,1.33305796521242,0.984278289946002,1.1292427524642,0.611448392119422,0.788416346163502,-0.539232940930824,0.318896335204423,-1.38182797974132,1.93530587440377,-0.593340412711898,0.129161378847847,0.929883741404951,0.576896287899857,-0.0733858587082249,0.583903991588627,0.650365309972369,-0.455541154043498,-0.993671303953216,0.0972293274655155,-0.648515511312726,-1.07998910951133,0.808341777257508,1.30424412054057,-0.345414108119162,-0.00183999872782872,-1.68422058963907,1.22021888421892,-0.161788229920151,-1.83256805684878,-1.12035236562655,-2.34103703535113,-1.82435784273576,-0.617051620961991,-0.330525804658195,-0.905032553207747,-1.83743134467549,0.163678456875498,0.0578795263935192,-0.328597665439574,0.0744455930293233,-0.414555327413457,-0.271132538028461,0.349862029676451,-0.348338910270652,0.681732488045289,0.109017318831866,-0.721407436097802,2.06538973867161,0.903787421505211,-0.0886472865585595,1.88830577976188,-0.251314444680844,-1.12443199041202,0.657980304386005,2.11083876190884,2.24879178530383,2.54960527851878,2.9321277465415,-0.273712910102619,-0.239886141217855,-0.00537902260849267,-0.17123603798834,-0.296509705061323,0.11179665010359,-0.549695326984788,-0.976698536945889,-0.593442842464532,-0.557088056698622,0.720818703203038,-2.08296613271465,-0.345170333051265,0.342705663369889,-0.118404873412004,0.520106508726676,1.99758016089589,0.700510668974023,1.88049489538041,2.12466272314302,-0.0320015808700469,2.25521322638694,0.30521158574491,1.6006948971555,1.96630150116218,1.47990865792696,0.878388326983773,2.62905303699244,0.161220946143187,-0.257282560516251,-0.120177960694883,1.37603685865471,0.304481065329816,1.87961419771059,-0.364898621570561,0.0884321068129474,0.813770866535551,0.696082395168126,0.154388784994977,0.0576088185516784,1.29928945976204,0.6322196838326,1.03121007796603,1.74027845686499,0.898481537290548,0.631293017276482,1.00958679232625,-1.14421968467721,-0.480400550767154,1.01201617013761,-0.690745591201903,0.10293457871643,1.53990087552216,-1.08133422071292,-0.867544553310773,-0.254616238003064,-0.348003412949387,0.551286405525693,0.0393970740695584,-0.570861902799928,0.685840221756883,0.672350126509875,0.318545957367985,-0.0343515149481897,0.0217375087977369,-0.000744211058816865,-1.15811202029537,-0.170959505896134,-0.39743487383418,-2.03101257083946,0.14374113027239,0.930619980006059,-0.293704865021854,0.443447286229887,-1.33666756813814,0.129570699363295,-0.0323100087387722,0.00726711137968694,-0.0919767983869629,-0.321272369007531,0.908415070466227,1.24896099153055,0.907765509522439,0.678576302727725,0.0937380086388555,0.502163101216874,0.469867059140925,-1.73936658581207,0.897383933868905,0.42739083032287,0.965993169907356,-0.206282114826144,-0.570178418428197,-0.532556034323028,-0.119495895684047,1.47831994434054,-1.04417304223348,0.576774997033384,0.440119814765279,1.35771816938823,-0.464566077076147,-1.19861681151167,0.68857111130897,-0.661993068551289,-0.459103384789951,0.332077629919108,-0.575313433247108,-1.47129667795037,0.184994483220724,0.675600254468545,0.274704718719951,1.10376012062695,1.72554922134863,0.601903677685424,0.579891734242221,0.460377473853073,0.426397819861756,0.715509967578873,0.791714546920965,0.424634954658742,0.281431032032288,-1.13888305567811,0.666411839261412,-0.0412384024926219,-0.65984458879353,1.7579331188065,0.873348783528117,0.808737183046939,0.589114510146862,0.0354334480553301,-0.445909929225262,-0.31810469963823,0.245549101467309,-0.293500715993577,-0.767220930226022,2.35827684371938,0.567340672572134,-0.575768549245667
0.0669139134941198,-1.73999095411031,0.505726655190271,0.0293735832301247,0.60337424637784,1.05288875531523,0.91969293560231,1.01641838285318,-0.528238339696999,0.758331142439424,-0.329158700799744,-0.20060347287113,-0.247365718639537,0.521222954596868,0.249139023433256,0.18749389564227,-0.215300478647582,-0.596694086721375,-0.760359776786581,1.41885183068757,-1.04374086576916,-0.816518190380242,-0.339332084463546,1.50596777015431,-0.64653421580107,0.4539679709678,1.27713669593329,0.0731841627409912,0.0945775654863076,0.717229471689177,-1.20812789587449,-0.350434251008825,1.34410833016537,0.23006759748805,-0.758579325496081,0.128284494646868,1.31726238713094,0.245974703293217,-0.355166303465049,-0.406229483045213,-0.0601578786375639,-0.210733972238808,-0.197532468010981,-0.481636553756336,-0.492374911175961,-0.18726234958105,1.2068812998163,0.615234366551596,-1.21439058906968,-0.364553620588154,0.358992583019216,0.633867457865569,-0.867460450408083,0.603363067249196,0.808006057753302,1.15023082604733,-0.0397270311907423,0.306231425847167,0.0827540032379712,0.526156667217038,-0.810129008289234,-0.300912635804603,0.609056932448612,0.699181236472573,1.00622094068212,0.262422807345494,0.222521858115473,0.0919191406184303,0.87366586315049,0.663051044183462,0.776115925238157,0.304044214782913,0.367581847548326,-0.568966275775107,-0.442650918463339,0.361997944475265,-0.703765049041054,0.703037215334668,-1.32686390269619,-0.222189026811845,-0.0411501714213259,0.129710432776823,-0.780812763172155,-0.979647891589284,0.898647107340864,-1.64247610912511,-0.731264815220806,-0.272041296037267,-0.0912092903612428,-0.510175685202528,0.21345856751438,-0.79878556827971,1.55062853725461,0.0568166984188287,-0.638867131937809,-1.59038763787954,-2.68547228128117,-2.97824161504622,-3.05222178223219,-1.78041278602987,-2.81416107756932,-1.79940975660788,-2.58301960853674,-3.16625537860459,-0.947103151946013,-1.18588838646127,-1.17530484721335,-1.30608378063439,-0.207176025590932,-0.0538631515834496,0.137838894182377,-1.51280850308373,-0.884576985938542,-1.34707424935614,-2.07056633516806,0.374236703638599,-1.01986696566196,-1.97349936486939,-1.51748439162817,-1.59770051333359,-1.87829186235486,0.467072148082456,0.397804477795015,-0.308343747823353,0.712808774729018,1.18864362925106,-0.222545759758708,-0.546235614253222,-0.27403133676138,-2.04962699460053,-0.958067461435265,0.53320434822922,0.641258722927901,0.759626885270071,0.462502423852679,-0.194424274746804,-0.704041954828505,-1.05434151228326,-0.733264657755377,0.471497774765536,-0.61147139822255,-0.269732736556705,0.70036422675841,-0.400064563187986,1.93371852362148,2.06510015617169,-0.659486631970923,0.890953550620883,0.925726236366788,0.489084110107645,0.549727379541025,0.568629967692929,0.144594072012164,1.26674457911536,0.868208733252126,0.255907094744809,-0.153237290010757,1.11492204243027,1.16356823520665,-0.133903191936473,-0.587223224160216,0.588498132698856,2.67638479655101,-0.678184969052015,0.0430810099386939,0.271358651719648,2.24913117624589,-0.302853954159388,0.473845436917002,2.22305156336156,0.129174491904883,-0.606825116238765,0.172518846858828,-0.867941114967238,-1.42932940434095,-1.42706107367791,-1.05591514858441,0.1254826533971,0.797805440568112,0.624079536840728,0.761460949128441,0.994223150532966,-0.239452498238977,0.209351249951266,0.19913195023825,-1.70180928054328,-0.493677539210607,0.77863231675458,0.00998611311242258,-0.520171556636962,-0.133813273879794,-1.06516868606413,-1.04771328459148,0.310308809314777,-1.45701265821994,-2.2877056723567,-0.356381240336992,-0.0957772115208211,-0.218631653824013,0.393615285919345,-2.18415204510722,-1.50621720617364,-0.0151660225519918,-0.931036446188928,-0.400667060225161,-1.77269807238492,-0.723987570748856,0.323346855500247,0.293478822368571,-0.384486645474435,0.241380928133848,0.767151947640228,0.452866239859877,-2.43837877339153,-0.391546167519689,-0.43030787236475,0.210150600725991,-0.231915284093667,-1.13399914272927,-0.920275327504457,1.45294366688263,0.858707673737686,0.412755652184636,0.916842316995902,0.839890985939265,1.05697094262796,0.0887511657300221,0.248516630410367,-0.545786105544149,0.112324025922145,-0.360287661836332,-0.239511535911408,-0.164414159791502,0.218617254218779,-1.65179380946537,-0.624294814015624,-0.200225877154285,-1.36833870093729,-1.21045988704768,-1.19423499656775,-1.06403414650961,-0.787112903410736,0.815425629453472,0.768824769106097,1.27719196358539,1.84178756439659,0.189082658670807,1.62483879417584,0.780928173984124,0.649748816961163,-0.287513104816068,1.06725959074754,0.379620051870831,-0.21663444248449,0.100627737952074,0.0619971383709439,-0.936679129486535,0.0682740438747181,0.294934744820859,0.299195338730548,-1.17183986039128,0.0705636139924346,0.343107529006867,-1.39752140074748
-0.621831037207656,-1.51012212812926,0.187166600816941,0.522534044855558,-0.973361388340106,-1.77430995445576,-1.32329376988448,-0.969715597138916,-1.71270207623028,-0.769918799678583,-1.35480775342828,-0.656265934990776,0.15226771226946,1.02284814670391,-0.641748806497627,-0.457934850652441,-0.584578327970938,0.347236833990046,0.853801162611057,-0.0288685184288241,0.084562171150251,0.158056326712315,1.50586949244436,0.0849175618454484,-0.114699682010631,-0.759618509804172,1.21261471589435,0.269807510474963,-0.995647497855334,0.871033139648256,0.455082591142355,1.78097654795833,-0.0519560730218682,0.277272440971406,0.552571955284504,-0.788211398225958,-0.312772099981148,2.26259108954435,-1.0343264178242,-1.27613556263517,-0.421511332547942,-0.547684607266877,1.4513438519645,-0.495620746046215,0.39890068804452,-0.272977593203708,-0.288103959936175,1.37783135625813,-0.351837027948597,0.0805177084587872,0.21972209636999,-1.22828958376663,0.39217512860511,-0.279688721968647,0.80093382853802,-0.296925562302351,0.298391252213054,-0.490662187072731,1.7216330964658,-0.61500770655546,0.926733193913481,-0.788655369241468,-0.830618823091404,0.321059002321742,0.495144015240439,0.0851366377107257,0.933405746662143,0.323876716123083,0.868608252272662,1.25776263058642,0.380926688848901,0.45816879707902,0.516134811199901,-2.05900485040971,-1.66829832945302,-0.984855501422439,0.494298624683511,0.51837313528908,-0.665204973975653,-2.80495618199767,-0.878042395288945,-0.742519921757136,-1.7034618840502,-1.25342415041867,0.0375199426388912,-1.84315911913873,-1.49904340777041,-0.158333071135213,-0.187555823927569,-0.439088943569895,-0.400907338334627,-0.919662529465844,-0.140068355005274,-0.959902137890895,-0.956371494549463,-2.18044059989331,-0.190899331099438,0.0269379889124974,-0.672753049500156,-2.28090329525129,-1.55904897886024,-0.487324076688674,-0.976751530056721,-0.302662245800957,-2.10842004668434,-2.6140656039309,-1.76236887465509,-2.40627632050051,-0.84379591942104,-0.48141875497341,-0.796384920567605,-0.526094370133712,-1.1144655572859,-2.35088383261908,-0.603422609707241,-1.13654559111834,-1.92053200024355,-1.1420074795215,-2.32497540022592,-1.07981212976287,0.624398355907569,0.528251112250411,-1.4226622680244,-0.211810701757631,-1.6552377308846,-1.18989352827683,-0.595859687606784,-0.745293194596948,-0.191430913692583,-2.02324965327055,0.0210525786655158,-0.371926575017441,0.872883773439125,0.837767996729287,0.312273417728006,-0.96926054353779,-1.17111356997426,-0.0946347246221462,-0.801220466566469,0.194048336723402,-1.58334302486639,-1.26058851245382,-0.23776869246371,-0.611625794613596,0.537102567220641,0.18242928885294,-0.982014280877596,-0.485042797921544,-0.0911161310747172,-0.545306709055872,-0.832916500157639,-0.00934005487381544,0.447947262859803,1.3995979844145,0.357016090978424,-0.223309330343928,-1.42597940694911,-0.398264394742744,0.00894552577069435,0.0905640474728725,-0.164955598841034,-0.576568853995284,1.35139730175989,-0.653214151133657,-0.460954428727056,-0.314522920215393,0.459136541786707,-0.391376328092157,-0.477181773525345,0.754244981826838,-0.139708029227078,-1.28523305982689,-0.016634244605763,0.119263314765948,-0.654465240256478,-0.872505869140839,-1.15635179978481,-0.543194529074593,0.0898271010131199,0.0651679450501773,-0.448535229086484,-0.792612497984656,-0.190895110074443,-0.726530870640124,-0.37182317617255,-0.831810228134334,0.677295034146049,1.36274485757754,-0.0149869411174411,-0.665984253849959,-0.587078442511708,-1.50234283483577,-0.940367331827763,-0.483387794729117,-1.40773628129957,-1.17863569172645,-0.816794223384656,-0.597213733966102,-0.528160157611734,0.0479779078769158,-1.1052954446414,-0.772713540540297,-0.332691865052461,-1.55814102652421,0.316834146133075,-0.929214856098365,-0.608136998207002,-0.650661344253206,-0.633406307962107,-0.788864260187342,-0.556751209732806,1.39857254891823,0.648982234454666,-1.35316193283258,1.96594009654973,1.79142696764188,1.73067739025297,-0.301726120221858,0.127686020736562,-0.498991627009039,2.18566545256451,0.467743576079603,0.790638473819516,1.60134873704433,1.31425029605562,0.100294136183381,-0.0244667577059101,-0.43329845787973,-0.728893900892048,-0.250948456310968,-0.246634683089268,0.0947206529149788,-0.337289097660503,0.648299681322712,-1.59520879059357,-0.736353583110606,0.626785839824644,-1.08927670628381,-2.00002881940344,-0.878357327023647,-1.4846961239779,-1.07213449920046,0.380968036099954,0.767902938580018,0.0446669109471097,-0.0688859050828435,0.121726920460538,-0.3075307209361,0.452320847677708,0.558736534677479,0.586167384863471,0.529283994206333,0.0757690380235563,-1.295029372725,-0.104708119297764,0.17915880152716,-0.0123106059266894,1.07039413532471,-0.187610344805079,-0.337972215721153,-1.39587666760357,0.142501808804927,1.50464289926973,-0.592148947739085
-0.372096272946033,-0.19254526319704,0.122917895848825,0.709111583003933,-0.720032518499735,0.47312108350217,1.17759486773947,1.04042630884715,-0.871901328903072,-1.67186174749325,-0.262126214913331,-0.536890735463815,-0.194684259714778,-0.537241861042472,-1.37800216642234,-1.37681224994807,-0.981075126182586,-0.0164219620773037,-0.737610191351077,-1.48628212215647,-1.64548185010419,0.0695005242651896,-1.05919313273399,-1.6101904280597,-1.61906586297981,-1.58969895106534,-0.00450213537093954,-1.21318405892566,-1.85122734284525,-0.979923181895666,-0.942917908464098,-0.831547764639835,-1.02253298262463,-1.2894336868397,-1.11046691642826,-1.63528218366028,-0.56525463366056,0.108142584984586,-0.988362717883464,-1.1480535312206,-1.33574383345217,-1.82406222840161,-1.16496819379835,-1.63166487972059,-1.56698082582082,-1.03777291030298,-1.78507186671246,-0.455248925969917,-1.70787005789745,-1.43353970556898,-0.832982114390568,0.448660889334714,-1.0138545914528,-1.59674830018333,-0.549353762251401,0.248635341370986,-0.248116775012107,0.306552222061822,-0.377985375169189,-0.0399696431514395,-1.3606130957646,-0.983494058386364,-1.51452309807742,-2.07511736940205,-1.11559816607146,-1.8317661221678,-1.7986292630508,-1.68841832765819,-1.6192903485723,-1.03875394734368,-1.13048982739569,-1.31576440416085,-1.75348913863232,-1.1213346009165,-0.741760883166905,-0.341723656275825,-0.643290925480184,1.1949556935924,-0.90645577245629,-2.15201648161898,0.164328147875898,-0.497599273974234,-0.168493226519824,0.0209772167784303,-0.130195195326336,-0.909919343683994,-0.987524705108407,-0.669234595247555,-0.182286375067055,-0.732998951652832,-0.0721086508688018,-0.867337004074789,-0.439253498558312,-1.39456952071814,-1.44924276010246,-1.53004572573525,-1.27480365364142,-0.804224679547216,-0.157804523646279,-0.617776711279184,-1.09953228395354,-1.09644133928589,-1.46938972185764,0.0388887354293855,0.254308752869022,-0.310111087206646,-0.812720972980518,-0.649880068411438,-0.745042735422695,-0.495951465714096,0.354817806685503,-0.16951884849215,1.1237613108838,-0.646734196984956,0.105111914208895,-0.698696266635044,-0.480548480832765,-0.553556837111625,-0.208708764372319,-0.460779006634877,-0.677376300096406,0.0328093939916457,0.000348187489744003,-0.0669066335447222,-0.17901673554567,0.932339504565502,0.914691875281668,-0.843600367933952,0.504406362482719,-1.47039746989474,0.202219428279633,-0.725918929018198,-0.290019483791999,1.39987439529639,1.04119415242165,-0.0460122839747628,-0.168351209111214,-0.819328956459993,-0.505392727900504,0.595351697844577,0.945571421171276,-0.635321854322656,-0.345188704992727,-0.844091268666684,-0.733539913798812,-1.11642196128039,-0.651674554900501,0.0182143096447233,-0.67267870202683,0.424080138045645,-1.05227589221295,-0.9469471003805,0.148174973655148,-0.15020707430555,-0.830967959824207,-0.398738361038079,-1.16156972437525,-0.637030520173918,-0.202564502040559,-1.59678406436987,-0.660173081691633,-1.21813740665112,0.152784244101863,-1.20430064098122,0.506134463297597,-0.627117033777286,-1.61833393935484,-1.18130593277736,-0.805131028550911,-1.16919511184179,-0.0933604278707244,-0.447984315862289,-0.536662281782532,-1.32206689505391,-0.444908682980683,-0.73399074542077,-0.846100195168385,-0.458139604795347,-0.647184015812508,0.148312986881738,0.322392220569423,0.0807370904590337,0.599089271020164,0.683953391555233,0.971323105612392,-0.956147710189036,0.0523271441915655,1.18240820549912,0.346667813970302,-0.449168118807029,-0.332276711018493,-0.539106941531173,-1.36245850902085,-0.646546916165637,-0.358005926972781,-1.12777596631125,0.274761192083357,0.13475414989072,-0.639450960928403,-0.409932599103215,-0.43001357218014,-0.615393598873276,-0.931339546737982,-0.959730384562888,-1.58807211157852,-0.948329213952849,-0.515707916888758,0.133681283939543,-0.32008724801276,-0.480583363123194,-0.446056831445521,0.521983530268036,-0.918975049095758,-0.523736759197268,0.431600153922974,-0.688113836200227,-0.225056727100469,0.486009669987914,-0.0346984060708863,0.435882584956917,0.774759274420288,0.956403972101718,2.14209221165232,0.454055224620335,1.11855800851546,0.685616131189974,0.930549668763942,0.480431987461247,-0.626005919028871,1.08745280491669,-0.131077651431483,-0.0395397957991646,1.09170186181893,1.13504039775303,-1.9076123521972,-1.15274242397019,-1.602393011428,-1.89976324200633,-0.998989197864172,-1.87273552456286,0.00300615445128216,0.124124831040752,0.999940891549043,1.1383658722801,1.56590889819297,1.40921646306913,-0.345605916892806,1.83045571812083,-0.424192037505655,0.442454387228771,0.0224277432040645,-1.36450565655037,1.21792671012499,-0.0150889189846909,-0.887078090760785,-0.353521368249471,-0.484757920660044,-0.765463851927511,-0.271106112406119,0.502770071658091,-2.15844024375119,-0.174152705789812,-0.544372627988821,-2.07448408640539
-0.427876382802966,0.465398765741868,1.23911844583808,-0.710034506290131,0.315511714566322,-0.988329949851367,-1.18800168543678,-1.8187492949296,-0.798933356899401,0.095126678663938,-1.02417913144261,0.0409805620243118,0.147840439935149,0.0979736511400595,-0.60757222131771,-0.957250759473708,-0.140807921824538,0.194246160478022,0.993009487272581,-0.654069317823837,0.37257205137045,0.699994975415242,1.1422223206631,-0.912782265321327,-0.00172001108656988,-0.393652430534633,0.137291326153793,0.499183441756046,-1.52783025890876,0.153327678270844,0.28399411778181,1.84395217409035,0.351011357397912,0.210792424800925,1.15317970767532,-1.13591064332903,-1.63444570997447,1.81478692614075,-0.449189073510553,-0.697127775948725,-0.667855315071876,-0.62582666983572,-0.982604436991637,-0.727547842735673,-0.874975763881428,-0.600106241735344,-1.23603774707006,0.495826474821913,0.554670553906677,1.29894570468021,-0.11228980578986,-1.42494006339796,1.34135899890216,-0.702278496942602,-1.57455524767829,-1.2222836250573,-0.960134620895307,-1.3204657594932,0.34189184747778,-1.39375145493366,0.118758588805572,-0.0886795182393796,-1.18832692214006,-0.602777600554183,-0.620886298989623,-0.696504946195683,-0.333511901145506,-0.392003936048754,-0.569308024861968,-0.765274011216551,-1.23927484523928,-0.0446727796746272,-0.337313002001059,-0.425292547464245,-0.0426947500791254,0.150322949913434,0.449283147845213,1.72754336440234,0.205232936291962,-1.32680652409604,0.665641935990897,0.479317065396074,-1.20101111555064,-0.672257160459518,0.575724717706807,0.563827997924886,0.14670441739387,-0.00153059343003158,0.167486609740841,-0.352326248058836,0.219851642752862,-0.146474357454373,-0.0667484396124519,0.655131315305872,0.013610306620476,0.456387011798736,1.4424510480329,1.20631369195496,0.786839976578197,0.442978498970807,-0.00711186168884714,0.812235113700149,0.849902691926774,1.74088605596849,-1.48455266579725,-0.515498688844756,-0.872594851492812,-1.50705508981067,0.0678147214657251,-0.0442268805720061,-1.47540617798972,0.274515564401287,-1.33881688700411,-1.51776180561847,0.365407799658118,-0.921741184425466,-1.32315574035917,0.454488262540721,-0.0454137492712218,1.07828761308526,0.76090267183669,-1.55294614654804,-0.854657531725575,-0.548872666099658,-1.07847772752349,-0.897841160783161,-0.0700206472390113,0.500366735604419,2.09651164872434,0.4182555064092,0.993540431659751,-0.281970532213199,1.38820270022227,0.921960716943417,0.606794564137567,-0.0165908061182643,0.0665606197190979,1.23008223398375,0.617600014359025,-0.891086931471493,-0.597467169219679,0.286063975009892,0.474473699384675,-0.480207742298351,-0.501237838671064,-0.295931241986061,-0.999894365173501,-0.274738276351172,-0.832249186679516,-0.919632301746915,-0.396688483761539,0.382577858764326,-1.44088525383502,-0.304980676917805,-0.692841699735015,-0.380239898807061,-1.96301940183627,-0.762703411103742,-0.0380592580950503,0.385758100231258,-1.4618294930592,-1.14844994338861,-0.60124206272922,-1.51976060725833,-0.418294836389263,-1.31641617459017,-0.445944808835655,-1.11330008258502,-1.24975967766207,-0.731745660449476,-0.888322028552898,-1.04364556327859,-1.27861655898333,0.384287797888827,0.159776341543843,-0.896396041613874,0.996342716552964,1.15125320231283,0.301956396716084,0.701545125325862,0.865907685788601,0.11682614600143,0.70592666597078,-0.916203172220083,-0.59221341108395,0.109552699985157,0.587760666217665,0.899900148867282,-0.867988284627227,1.15959760938205,-0.0761680919851641,1.10954776935662,0.550606466904306,0.206827386128521,0.74027734048677,1.25134072975782,-0.866498777255352,-0.325569559295829,0.138918946992788,0.358611094511231,0.41312669535089,-0.156757633124703,-0.157526261752002,0.962478535203522,-0.162160067913764,-0.151710683475103,-0.682016112886608,-1.57776434284069,-1.32427339477603,-1.22221724130044,-0.774442427388004,-0.729809533040978,-0.0642028717003495,-0.107870627754804,-1.38155741001686,-0.00681745862827577,-0.920438571375819,-0.77052591574956,0.384612614377702,-0.400761278547146,1.65210645275254,-0.236310121179094,0.926256704265078,1.25784257124714,-0.442611442438,-0.48835073190931,-0.841012896080927,0.0158319983529052,0.102838014692254,-0.677842275219225,-0.133326293685218,0.100744508835993,-0.0585313056967888,1.76984477263031,0.0461626900439513,0.431026465559874,0.646730683370768,-0.671725419549069,-0.519295843739995,0.032594029589904,-1.01046484843748,-1.31400191078813,0.771708767689174,-0.651917399563554,-0.61231329907673,0.697952307636792,2.39629913340607,0.675995263987309,1.34838657974148,1.72855327732212,-0.163510279904617,-1.43671388923075,-0.669501115670753,-1.50764154390437,0.581784204360702,-0.480853585394735,-0.781240624682742,0.58407111280654,0.261425631424578,-0.420278557838699,-0.224111154376368,-0.604580937668164,0.663821687078954,-0.588189070720854
-0.419061163464561,0.360263965004279,-0.521775257074734,-0.0231155449645227,-0.506160250927967,0.560445429019006,1.07832307138649,-0.403265451708911,-0.585377793916053,-1.679354411678,-0.12944221363525,-0.24311979679512,-0.415944940574718,-0.934018909135856,-0.890784851966032,-0.829408362050101,0.140520941007061,0.095009615476991,-0.373785971058382,-1.27214791608745,-1.52451967676688,-0.228932839518428,-0.215439655204131,-0.669337003652051,-1.18825047649432,-1.0806142857665,-0.740992476495416,-0.543652493290213,-1.37986527750997,-0.738008834900344,-0.0258595172433824,-0.574550678901821,-0.496264333143816,-0.111394701143644,0.315009528591571,-1.32354876183917,-0.97761185988831,-0.39313244020692,-0.243214281905828,-0.164366539459701,-0.534034173574564,-1.22601656235755,-0.0418399127204275,-0.87528248779202,-1.0612269380564,-0.539961074109059,-1.04719580645948,-0.259949997811832,-1.34681600489853,-0.302454280449859,-0.86204920750037,0.0634125410092424,-0.890422544586261,-1.03178318685211,-0.0527370025261605,-0.11817516225965,-0.156833913085758,-0.436000221000601,-0.435828640164785,-0.491628043505788,1.02591914724726,0.27750512391538,-0.698017403403387,-0.362538077578481,-0.60159133544793,-0.235384256531333,-0.62695371432977,-1.13394825196888,-0.900593698220045,-0.776030052849972,-0.870270347147027,-0.564590751039313,-0.0898910309279071,-0.517831379904878,-0.73394518239964,-1.42871127534037,0.745947011296341,0.756522027402744,-0.780884163550492,-0.723612045539965,-0.929885483226838,-0.911223005570745,-0.539721854302691,-0.695999961823506,-1.32533968897752,-0.316015113797618,-0.0690635159625085,0.316476282858089,-0.0348990762702145,0.450318252422338,1.25537020877183,0.254739639890415,0.261023249747834,-0.0624403040868304,-0.160534766278433,0.0539446787613424,-0.353423039634652,-0.928980556449775,-0.191037815889133,0.698392059802718,0.291560635024293,0.274721547597333,-0.498167484776638,0.731876620037513,-0.769720886098593,-1.11929036537237,-0.939530655373846,-1.41511977899851,-1.12973871972257,-1.05032347293031,-0.629927909684144,0.0041811106387288,-0.132706062605442,-0.603037736185118,-0.134862488084241,0.234412893913898,-1.12504736014516,-0.473829659406426,1.01667997300783,0.271222438487488,-1.07342038418693,-0.752953639368229,0.588774111951022,0.909769134164949,0.243690743966811,-0.163363225316563,0.454350342526088,-1.2803470537391,-0.771342762783937,-0.639693691123653,-0.334310110266309,-1.07566666565512,0.868770632402499,0.551786231881028,0.379539093329584,-0.201975449396122,-0.697401026561109,-0.72108021246384,-0.138834758376931,0.557414936469559,0.883110098697571,-0.522512914631671,1.04568878994345,0.119441701587041,0.371010702637722,0.953997515878455,-0.438582361661844,0.735376816643631,-0.228400724948693,0.670104187502006,0.298353084922315,0.104788377430435,0.035105950389849,-0.442190094920225,-0.530019594738724,-0.438495671599196,-0.604919336202855,0.26927376906544,0.1787671425522,0.337223823176886,-0.0482562352388853,-0.527340557195101,0.377970601180361,0.0379017978787123,0.489976423684642,-0.331063925972165,0.319653407617644,-0.789134232465376,-0.216850229224657,0.648379443202857,0.58394266463822,0.246824219518789,0.425959899469804,-0.344774494484022,0.539819866855428,-0.194723375145704,0.318607586008749,-0.464462639820603,0.251762539429172,-0.124869307520434,-0.181868502407248,-0.771279141211506,1.16540419035621,0.216307251454227,0.218874918317916,0.136275882259644,-0.00558860196323235,0.686042436115743,0.0551866193163345,0.154454113122278,-0.243886409808665,0.411505620094836,0.252233666338203,0.171252356790883,0.00328238606812098,1.04275048607541,-0.0711787025171486,0.43252850653252,0.172733902958941,0.755794077437758,0.604095931250725,-1.03419823266999,-0.0947372804943407,0.17338688679566,-0.0902977392268795,0.131704482999523,0.983232995283189,-0.430330831791417,-0.351260186734636,-0.196139693429748,-0.875390060050689,-0.456378203768041,-0.738243962409383,0.25147775160813,0.0170404898985921,-0.439818746335883,-0.70393995056919,-0.180609065469191,0.247592713997104,0.098070543073192,0.530022470158113,1.06846088793246,1.22342046970007,1.90348176685781,1.79611799518269,0.330519234290601,-0.525878690174438,-0.72980570717476,0.375037371879948,-0.857053340120292,-0.476586095147343,-0.538389961414776,0.109311621291227,0.721625914293273,-0.381759996017785,-0.481597359820091,-0.811968802972509,-0.637360937488617,-0.00291789454157446,-0.650986237759836,0.0466707063866774,-0.793861914450743,0.432588308162552,0.259864302133744,0.959561636627363,0.41132726757968,-1.06034759178082,-1.01547081896384,-0.0276891261931254,-0.028291184109662,-0.717750446108315,-0.929435351926803,-0.117095666246965,0.459258700074358,-0.344775322025829,-0.766792778369655,-0.0140379937339403,-0.607327658510063,-0.260501798262381,0.0364772756314801,-0.492266323505745,-0.593886736540238,-0.112442898637157,-1.09052255960504
-0.875157558052785,-0.599054854105644,0.156647628806053,0.523624665768477,0.104134176148162,1.21045987584914,0.676493771303469,0.019102091726804,0.868456061191343,0.391166280752965,0.701441235517962,0.232242809502195,0.432074940358523,-0.854877123303522,0.000118697476112984,-0.0639294274169525,0.788247681679523,1.05956545896612,1.05129815849412,-0.564302409066176,0.400764012474731,0.592710910351069,0.839005953918988,-0.382871148826952,0.964480078592584,-0.637787821263557,-0.030957926814622,0.593740145305758,-0.618875091590215,0.368604337022894,0.915544940489137,0.988894306955006,-0.0409307554194915,0.555066838503017,0.623155142006207,-0.524273434971697,-0.329881082025129,1.31837757631654,0.86997732609303,0.362378878516751,-0.654229950917068,-0.565128753949574,-1.60424205324276,-0.794676683126445,-1.32223867062227,-1.2754986477958,-1.37678201217654,-0.017671706564757,0.492214848311711,0.351279641901703,-0.674310035747974,0.241428110127091,0.75925436506542,-1.26298808481233,-1.36001911285288,0.284699830652207,-1.00352164759979,-1.19835404845787,-1.78028430217639,-0.130170106055011,-0.989909761213522,0.0357498114269321,-0.556703578581377,-0.187299010087155,-0.583632833603779,-0.411734753222212,-1.24772517509851,-0.703522132908911,-1.55491376227668,-1.44893377046359,-1.03027924287793,-0.981856163342627,-0.176294086215228,-0.509795681660651,-0.223131115961456,-0.244887981101851,-0.590952228516426,-0.200265282127992,-1.25026497593331,-1.27227498584646,-0.622387954384137,-0.450189958786073,-0.137230367166138,-0.343451023788811,-0.0953576640223862,-0.410912837982169,1.07846640855052,-0.41850486037369,-0.257449777538815,-0.592045095411148,-0.33442593776234,0.22355845191218,0.668852540864999,0.898804742616897,-1.34812310032933,0.170815332636201,-0.170054156842884,-0.540497114686703,-0.758360909374925,0.404256321163566,-1.01239793391398,0.772260609193611,-0.521548651766445,-0.631302684227971,-0.246842575519267,0.328464105065589,-1.43214572401097,-0.852506271614926,-0.920044227837643,-0.836660805524803,-0.310366469852992,-0.00361454513478477,-0.926589340320878,-0.150886013030636,0.182303058282867,-0.118844496118148,-1.2785895471892,-1.31700155600447,0.255267249358316,-0.0322317393152145,0.671081709828558,-1.06348012009268,-0.115824578343389,-0.149032884290806,0.421210700952107,0.176832738664355,0.373016881332926,-0.4921794761529,-0.941907719864349,-0.503817316777966,-0.934418680828342,-0.257180287278375,0.0358677084024616,0.487495738527764,-0.0246389361099146,0.362642198049994,-0.776821960536102,-0.397984410871461,0.516568755375145,-0.228671676981832,-0.420326919759375,-0.786839791268571,0.732419202821285,-0.797894315033798,0.938440679512065,1.00953919158977,-0.86889350409335,1.341324033017,0.433977009641257,0.382136297005271,0.869433733849767,0.658189439631084,-0.311068574693765,-0.18622252559219,1.09387802684225,0.80231136904031,-0.542906784786926,-0.883863217589225,1.51392268925294,0.180278582248509,-0.268002170376296,0.812587025832374,1.25464701023347,-0.54166855885499,-0.394215366440049,0.908744473729784,1.43755835367897,-0.421402831861973,-0.231678155963506,1.01743771479421,-0.176960925605018,-0.665411019343446,-0.450419490687773,-0.729565078534412,-0.269545805009937,-1.14850486832566,0.685306731636508,0.159358795520607,-0.538458989999986,0.517250215582008,0.421322601158694,-0.315824873335086,0.637487438774421,0.555637336364554,0.695057186661102,-0.552058350460881,-0.919547003656967,0.280766477120596,0.75480197595325,0.450147516332518,0.248274797938239,0.5651495417911,-0.238411478988354,-0.234621736052701,0.373381219469876,1.19569337955855,0.728500386583602,1.39054870404451,-0.123192970239797,0.38513516146368,-0.150934824697004,-1.04733052810269,0.352941111583214,0.238280783341753,-0.122325729379439,0.605798647783387,1.48808547565272,-0.110357744727388,0.164649099493374,0.340963765772006,-0.171558361093712,-0.626939926218652,-1.40817255126026,-0.294205571389084,-1.24254896683258,-1.82622309332,-1.27803780529165,0.71880506972417,0.205194886663015,-0.005617136132337,0.677307402245163,0.383247356121482,0.224179173427004,-0.397879839429135,0.265796970132104,0.294323222607676,-0.0887166955945269,1.05116495995122,-0.913046856760026,0.155482740732373,-0.535736535935499,-0.980191754111852,0.427283073538216,0.706477301711458,-0.498575122461819,-0.177185013349071,-0.673416749804262,-0.35920465808076,-0.14942404476304,0.0647061825686284,0.445852214815826,-0.260498515187602,0.598336036796573,0.149385453936813,0.248907531663541,0.570896625268766,-0.0500103577843636,1.19840222042905,0.0151028801541492,0.10620330659913,-0.0277444656055778,-0.206810704145929,-0.0270337542570643,-0.519019539102995,-0.0130678446669879,0.294383540583487,0.0846113673670584,0.776917611981821,0.148310585982542,0.786572979925446,0.234819753812803,-0.544266379759216,0.787288496076054,0.0618746515492923
-0.127758706105542,-0.586387655736043,-0.44364895782664,1.68406082535422,-0.6142431216622,0.735726477823615,0.314074581874386,1.30352455689635,0.0695465950098178,-0.389634235823618,1.46934568063157,-0.550648856229961,0.289936447717147,-0.464507770806156,-1.00185021310368,-1.51278439632753,-0.644464104354752,-0.687131580881266,-0.731207701415008,-0.744825913048163,-1.3317906836667,-0.350305660683101,-1.35152969301282,-2.62554217392122,0.0270190210197694,-1.27832916835686,-1.6307235543617,-1.06393704935536,-1.09096278626921,-0.165823925585461,-0.469551708090732,-0.887569794915598,-0.42668478583774,-1.36611662088827,-0.973707044522319,-1.77250733438097,-1.52210873905928,-0.585171200821707,-0.430636583370401,-0.822047872319636,-1.15926114024865,-0.669802768604812,-0.722763045168527,-0.674628884948905,-0.839273993150722,-0.563629079719311,-1.71561568838705,0.154087243186472,-0.846253050366152,-1.0024268494974,-1.26597515045012,0.711040359004901,-0.962044334259968,-1.51150637621487,-0.382939929625083,0.449800429237108,0.180292428338646,-0.135426159259531,-1.19041417912365,0.465704262936879,-0.774766094385231,-0.0451359036142995,-0.786838954593929,-0.30264509688384,-0.402888675344359,0.0257286745805638,-0.669589173160559,-0.424031811869294,-1.16459035816306,-1.09890783490441,-1.210371095624,-0.614475819070408,-0.681513514068688,-0.137522111950234,-1.38341134355337,-1.2283120179077,-0.230365966810789,-0.829886430051971,-0.545418721243893,-0.222050445128754,-1.34734095351857,-1.13400056813767,0.749002577521706,0.75896831738704,-0.999730645301172,-1.01049901559412,1.18961097372768,0.0842763824466854,-0.403972983943562,-0.374592709817359,-1.02872142111483,-0.321807967960941,0.0272990160421972,-0.031672123886319,-0.0231074359601947,-0.105552907992206,-0.560735989656412,-1.25383305498949,-0.384496989905985,1.18018113569552,-0.105136749716902,-0.278847933901804,-1.65025708867808,-0.776269029530391,1.14840640183148,0.280691037487932,-1.89314604163406,-0.519448617144319,-2.12039610616597,-2.33217545822366,0.751218565689229,-0.289661565209777,0.690901890926637,0.628042382976536,0.11547993388294,-1.35944727597969,-0.0238523688940084,-1.33562551684979,-0.251646191243218,-0.340501147384436,-0.560102795537003,-0.512436656135805,0.0387612977435974,0.564280552540628,-0.0557598806669087,1.39579067401152,1.40731931760226,-1.17221426953077,-1.23359625563581,-0.240378978153185,-0.797556083183796,-1.2769510207362,-0.757663909559208,1.0993988738634,-0.30760953216736,0.579675751739248,-0.869520078272689,-1.26161296875303,-0.214764451587705,-0.201113296910846,-0.363188062390223,0.163920559908944,0.391746848391005,-0.0385150700631296,0.116018555527225,0.836447780235897,0.403863077328953,-0.193616587206002,0.938390516650518,0.232713453121371,0.538613977807786,0.444457660422826,0.131164871224162,0.829072375484172,0.758029799097897,1.14733038310031,0.160889319957599,-1.08577223310241,1.08963623972199,0.722858843759593,0.839638870810623,0.786414748669654,0.955215897816766,1.03997461486364,-0.360910213494097,1.23769444071228,1.16720720067767,0.0886147969804287,0.50136340986269,0.856052610039913,1.18530802269287,-0.467662575915046,0.0631575882015942,-0.157284157626202,0.305840439785724,0.562821218375418,-0.282463580044534,-0.525345487057739,0.152570392259343,0.372780758829468,-0.730424557060412,-0.763048245472035,1.15401728543748,1.57238755353078,1.70533996212362,-0.416370432922612,0.580360074556194,1.29156232872458,1.27024550492245,-0.155851126930469,0.51917765488585,-0.095222380380259,-0.517937572051966,0.0335430928204502,-0.44014262644102,0.988919578285592,1.78068936558668,1.99355624573342,-0.000339058342257492,-0.232436195991461,0.975691493726006,-0.480909099478125,0.0623999878488585,0.052696270585914,-0.13582694424885,0.31122753817499,1.43938072340088,0.763027777023744,0.812694600482078,1.11852555270054,0.160103767695768,-0.649878474087609,-1.28881523780725,-0.325998030673965,0.0849601361154535,-0.633222140661168,-0.626076588108607,1.5829062248553,-0.0206677255170633,0.916166019752886,-0.717834331664841,0.32052172977477,-0.559518968850242,0.235396481185447,0.091686007879775,-0.0391461900219435,1.21797205669269,-0.221873037447386,-0.245932728453668,1.094156454416,-0.0659375476397544,0.162959519881588,-0.145085813816704,0.104019128864527,0.624729316444669,0.669544044717394,0.12420860260246,0.00605521203285073,-0.315777294866497,0.873138135075888,0.333414764120018,0.782799769804135,0.37915392844373,1.29160353770094,0.928987608922389,-0.00675766910328065,-0.452973497012456,-0.89767126382879,-0.309343388800306,0.015029192955404,0.237997352850632,1.05703787363959,0.916022752954439,0.781852720234716,-0.788837672650386,0.644090469956121,1.42576954832446,0.368069823062823,0.55621446239032,1.68594714429313,-0.360948864351401,0.379567454687134,0.584649326652393,-0.743952827628617
0.813639244465898,0.5771578873922,-0.0200223573389354,-0.678102928011469,0.312422066026959,0.0544865294111733,-0.214731195570854,-0.675459142893601,-1.6116792793077,0.22116938448574,-0.948957249357381,1.16004435130258,1.42670552105466,0.251125235264304,-0.763586536847829,-1.01971742749577,0.179550995169937,0.367374416696638,0.720638468509939,0.0427403122485377,0.637476385615145,0.371057602754079,0.0822752213776447,-0.999169490503306,1.10247842059749,0.0488033449804474,-1.45899001381822,0.0244670931882145,-0.123934676153522,0.304327668319559,0.697931051505363,0.718585442215156,0.763466111921203,-0.466024806296293,0.576936805895147,-0.513102567008239,-1.5880373532732,0.714570587607607,0.259528229004761,0.0557901622375396,-0.687521632967648,-0.573955196516515,-1.04154828981643,-0.28388924958735,-1.0610932274008,-0.855105081827515,-1.00474459489064,-0.020904281091294,0.64251505746253,0.486562415530476,-0.408324743910494,-1.22044262266179,0.808175881201993,-1.0934779815496,-0.580413472468907,-1.26828642311316,0.0778286765095625,-1.25134560535741,-1.71884861386912,-1.54970411164694,-0.363266583516499,-0.283920838475359,-0.413269477942204,-0.799409321640187,-0.222419807616471,-0.286754739215333,-1.16650054318386,-0.421536773975662,-0.803516161252765,-1.4776229897533,-1.2810996614063,-0.294233346979747,-0.0969548374550398,0.253111714018784,-0.0216738077610596,-0.0890821472299239,-0.07995464660287,-0.160667394280507,-0.268874859104243,-0.172126258412382,-0.57211576176751,-0.400153646314609,-1.61512648499328,-1.55643471597778,0.170882097203034,-0.26337477976026,0.858857468166402,-0.867981804403513,-0.443345333310038,-1.36145032792141,-0.164148689262049,0.0312562354878031,-0.476657444830166,1.59016758954417,-0.832537844182459,-0.953605615823969,-1.14417085146122,-0.457439771627607,-0.123311821461684,1.34902412423907,-0.0175505895346194,-0.275281925960535,-0.761494846825638,-0.193896827719743,-1.10111028463713,-0.645056356984534,-1.00148435040301,-0.540996788917785,-1.04284830482851,-0.964402777949101,-1.22067267944303,0.211583178420381,-1.06891700604211,-1.1653380133564,-0.0661936331421342,-1.77579707151291,-1.25554893920397,-1.18221929918827,-0.663218791614801,-0.00893920864056609,-0.985783801573891,-0.579520010305448,-0.697811772490823,0.500813997386653,-0.155304082399802,0.0386586640451803,-0.376258430417992,-0.187276749846465,-0.365440775998796,-0.657157367671922,-0.423557415733973,0.308753771909879,-0.687408277986723,1.22383265431582,-0.114285163415684,1.4687194038365,0.500480166474243,0.627864087548291,0.609651902510492,0.127652519714332,0.426573473561625,0.746964828956561,-0.566992255827675,0.31794077745187,-0.923159651983662,-0.891318390365654,0.757762698462644,-0.7370389015233,1.00319618850889,0.0965744574401727,0.000454673243366913,-1.55978360628099,-0.296769677461774,1.11013167002457,0.22388080529593,1.17390520674198,0.695248239260117,-0.58332112958853,0.455961615707592,-0.87737516386921,1.07049300424208,0.996729111765129,-0.478114481038252,0.597370880519398,-0.267973651616526,1.54406526395755,-0.533633209615538,0.708638580595883,0.561196922155527,-0.388626846998603,0.377655138091354,0.452122110818396,0.261776744213067,0.604365455844909,0.734455633035558,1.41322884413187,0.929585847199797,0.64314447931761,0.530858918922133,1.64852623133089,-0.114851177128895,0.587267120968816,1.44781143247324,-0.465414018079321,-0.305911535823775,0.493303559398735,1.08490284644107,0.982526034550058,-1.06433526505577,0.0234584808871389,1.44955875799282,0.0961356188933749,0.672479509183303,0.854314219374042,0.579653040348095,1.37003301064356,0.354644899796127,1.2436309935132,0.813810166839369,-0.373705422812678,1.38327062410199,0.135897929308472,0.513633186603585,0.480114271269806,1.01193194175424,1.20788447963819,0.195333606373765,-0.743421104715892,-1.08463920534593,-0.516922450042316,-1.46190423723421,-1.08664781883253,-1.69708278837853,-0.0262771835631822,-1.21544023164298,-1.55048144239498,-1.24282991742883,-0.472666022098339,-0.415315805714128,-0.172794252980948,-0.319205424389508,0.741574436965704,0.850296403483258,-0.25240350392502,0.592761710875695,0.899858165917625,-1.10013511960152,0.721913352766886,-0.609113753678154,-1.05829026893959,-1.26252553913021,0.151097888252255,1.01018231373152,0.28783796484945,0.449708743836683,0.619940818735315,0.00199917824212437,-0.10564744957202,-0.552321618501345,0.931792794648588,-0.777123119686752,-0.784597476482965,0.654059776972276,-1.26550372303595,-1.61208682941817,0.304629764206127,-0.320599250689378,1.25403748352346,-0.289969223800239,-0.0460791517102953,1.17448986514421,1.53861688606937,-0.486699681840769,-1.25434681186739,0.0280756061927061,1.34038270499425,1.40944395726211,1.07631537997045,1.22941505668647,2.14646142137549,1.35556485278631,1.42605270243907,1.79793450993756,0.302845333289111
0.703561893064301,1.80544678863855,0.314221167551068,-0.518994642430841,0.944732787750037,-0.703115365735058,-1.13615148895655,-0.608518771189185,-1.12385540595393,0.276429931661893,-0.610849479387321,1.28262888150339,-0.410487959690453,0.291852608900764,-0.173468660849643,0.252834748067554,-0.309072363099015,-1.91377181448097,-1.57044061802604,0.138083999298192,-0.938692270538337,-0.928313984613035,-0.995999437599258,-1.27053050400555,0.0334353843629441,-0.145019870367632,-1.47201632361637,-0.542102383749232,0.355488484466849,-0.694855886046596,-1.34691838284183,-1.62654437502708,0.554279145814752,-0.836797310923076,-1.16966106140015,-0.156203420278073,-1.56916896102401,-1.09705124805249,-0.216461009912453,0.038176920539572,0.194959671138385,0.0553239431462902,0.495490971873496,-0.194320419347299,-0.0664707267627208,-0.283258528256946,-0.00294403035725018,0.569924952343684,0.0685684951044295,-0.857686163659875,0.754893959019516,-1.03561746269613,-0.669056831506645,0.0951666226487729,-0.553675007014102,-0.933062742564738,-0.137985601350679,-0.945665296183243,0.326367341500749,-0.467922086029499,-0.500404744355952,-0.819004179414626,-0.461797823053166,0.179923388078218,-0.0134773149798968,0.226162852278689,0.206091979157046,0.832153513856024,0.290271028708442,0.284690526061417,-0.60557597496613,0.172853647706213,0.21194632245677,0.481174669137154,-0.358939099143562,0.729122837585249,-1.11507657809328,0.184619958228491,0.261354985211431,-0.46967721036702,0.534384664320714,0.0187028926639816,-1.04333689843559,-0.658411166206329,0.28210140330241,-0.241275530678182,-0.0465154791866828,-0.735164905393446,-0.829013161231493,-0.950494210176013,-1.411500128326,-1.12290729510826,-0.0893634036330939,-0.0442037513010964,0.193896188748927,-1.18258243779286,-0.196880440893906,-0.118083947657946,0.122437748665208,1.33154115874376,-0.14335590123139,0.760712317976749,0.430026689678894,-0.350945387996611,-0.723295249448343,-0.358159721028059,-0.481177531339521,0.0820987243103452,-0.232613416767152,-0.213326389664954,-0.618833767026168,0.426106338825275,-1.43967856416611,-0.703930754878142,-0.62660103643158,-1.40344879440756,-0.917878195700881,-0.637699292704465,-0.672353619710232,0.273000734127877,-0.159290515282658,-0.447640169952158,-0.476193168744337,-1.23872158487018,-1.32278300480197,-0.348448062518266,-0.573713487215935,0.542227371360865,0.60345589613084,-0.911080772747656,1.07268754849155,-0.00555008571932019,-0.570770510323084,0.474992262758991,-0.267738149941995,-0.883182390114915,0.650455744652256,-0.300543903077947,0.725433221288961,-0.18795281884601,0.102690470476464,1.11824009289711,-1.01433721296957,-0.160371980530888,-0.61134441977915,-0.516059948528283,0.921181413009954,-0.358700534430377,0.761796055550647,-1.05756882581902,-0.303168460175293,-0.137778209441594,0.93079440210824,0.95723872862414,-1.10589182415399,-0.404286990182476,0.679304431145746,0.491680682342126,-0.867598476421711,-1.08901808341093,0.210445212961245,-0.141483685957323,-1.57491113905039,0.327651153199438,-0.119223451565802,0.337467058155812,-1.06714623957838,-0.216394779742859,0.903240807008668,-0.742593187383299,0.987330473197357,0.612722366530741,-0.168128209976203,1.05559314320515,1.17788048689631,1.72473311958406,0.503839898177958,0.133407946961951,0.289796833950294,2.68795248287293,0.731392156896206,1.13841624840523,0.213209608625343,-0.257619536442369,0.0911089864555664,0.505516543568427,1.65977393605293,1.81876168019214,-0.270401461240982,-0.548713004516462,1.17017836481659,-0.679435063604585,0.159863153726228,0.5202868216735,0.424263528148319,0.216908918493481,0.723630493068577,1.21132075376901,0.476284219704744,-0.0326005656711097,1.08309503324528,0.826117232382978,-0.698090998287267,-0.66715578835422,1.17247586945184,0.206309557206169,-0.0805972849664525,-0.417180170820331,-0.293203804537135,-0.293380406857689,-0.141290788505601,0.127051599711587,0.125798489866459,-0.316216563781427,0.0384073574350285,0.564821236044499,1.20108505396021,-0.0476843752783954,-0.276828671626544,0.306107153664843,0.146415131488362,-1.63813140077724,-1.52713214877605,-0.635685923730813,-0.669686197684975,-1.46939732799506,-1.13514282314251,-0.1565194438693,-1.27036906028219,-0.893656129820274,-0.687887328623948,-1.29204715113038,-0.336189766314895,0.416790939320248,0.00309858757009865,1.01525522122441,0.918057055666728,0.521766553207402,-0.37610872331246,0.839428223878127,-0.295017730367039,-0.446163120974905,-0.571029300898725,-0.826366401880246,-0.875432133853277,-1.42015756097714,1.18609874605852,0.097733605026377,0.580883073337521,0.797585667049847,0.315404083185402,1.07585161969211,-0.716845816891408,-0.867526731332435,-0.295042580996426,0.796043153706838,1.23341780870898,-0.472311808637321,0.842814556716774,1.79285714460223,1.13644803301553,0.547140254958909,0.833500262902603,1.58999777572212
0.77901251171583,0.479240991110931,-0.844887272462972,-0.411598200379303,0.159215535656712,-0.181429936748174,0.0129368564660602,0.411137019154859,-0.386945350693682,-1.53859456969637,-0.46925846312142,0.613162115285386,0.22018927772109,-1.42804999593367,-0.407221015400075,0.39060481494005,0.188973838393918,0.375351310098326,-0.0560729424379288,0.583098510525917,-0.385421576311372,-0.401359124363902,-0.134202862869393,-1.11035002268774,0.319737012584336,0.0740648118392806,-1.06869571144943,-0.208141041920229,0.701867700622093,-0.0857416021181507,0.606452097690762,-0.145127563745686,0.715334301728425,-0.12461163920186,0.312441634106207,0.422853530350236,-1.10913706912868,-0.190263308888417,0.0842265111265778,0.33850722752305,0.55892091087064,-0.150230022674587,0.768375131723655,-0.0501617615912919,0.206608114224041,0.312254676582523,-0.246771466534545,0.169617059935478,-0.782562726187553,-0.04217330200796,-0.166442336935611,0.584054697807993,-0.360504334008085,-0.660273988339451,1.19764030200504,0.17723383178336,1.27373625634197,1.10901854501816,0.385636200227404,-0.310907161711246,0.631524160125407,0.00012601752670643,0.590491897113054,0.716082379036018,0.776459519179096,0.913775192095892,0.524470301387444,0.927417560841715,0.445097106550159,1.18923880975258,0.938978525295233,0.268112511047003,0.835868394695163,0.4057094638006,-0.460895835232145,-0.607853805352898,-0.187419860542103,0.603350210294065,0.136292547047409,0.0925077324938784,-0.727176842858841,-1.23733800577439,-0.465425081152442,-0.387466470680664,-1.27002570538945,-0.518107480585933,-0.29391718848014,-0.306605921351633,0.139635820718508,0.565393983136166,0.303894095633605,0.0436692652766368,-0.199033326115168,-0.186256153687177,0.262815334148837,-0.5853969977406,-0.673855817550706,-0.989741890875936,0.401904629560245,1.16181741824057,-0.103088189375675,-0.683914793595042,-1.31377762979537,-0.391626329465558,-0.860805197248598,-1.2334486970677,-0.700449973567207,-1.1100211846388,-0.749232822702271,-0.572814315319537,-0.749953082339329,0.579581377941926,0.301337431692246,-0.50241547723111,-0.919711373912857,0.82760617719817,-0.191241443721167,-0.0682171261640391,0.836313679011592,0.317844765871994,-1.72242101833124,-0.0874851005750855,0.749470096282645,0.378749568986731,-0.701138192385889,0.111801591638056,-0.695753400432945,-0.694010535449943,-1.40553203501245,-0.943166489071967,-0.389184702469099,-0.369928709568917,-0.0985177817793278,0.67991036920316,0.346855602247315,-0.469050253650484,-0.0811542198133223,-0.83791260152907,-0.601279642751064,0.221745754764808,0.245342909178614,0.794353691601951,-0.410112975087157,-0.134864491614291,1.05061331879586,0.864825550518935,0.454173134318096,0.657893716486189,0.382072223842186,-0.18758264662792,-0.279502247769983,0.356575054088977,0.815363985576722,0.145743610420558,-0.733269020176684,-0.69524349274173,0.502351220205301,1.15235088691568,-0.907370158608606,-0.134110268635036,0.269652956344172,-0.416856768034012,-0.348181802789875,0.770140247062504,-0.153201467673166,-0.27500050100918,-0.00853150819600663,0.336475750211104,0.78902752711607,0.746870763191687,0.647376108896803,0.335218343416649,-0.00927346943461967,-0.12172570609328,1.78528869901693,0.827978537079089,0.0390659965934568,0.00494862074341006,0.910087404563296,1.45602042874215,0.302675413650548,0.722297817505886,0.675303759051604,-0.391954236823757,-0.168127013895941,0.0227744358029605,1.03412447381437,2.53877768884943,0.189828824446415,-0.193753672803569,1.00787694684339,-0.255571500589341,0.522156775872756,0.660551516606335,0.411840592177588,0.431575355448453,1.34439101212468,1.50019022103846,0.588969265813511,0.631480954940404,1.82780393375799,0.345139965286058,-0.140159227443309,-0.200041729562478,0.200027745718385,0.6161819918887,-0.39621929454191,-0.280006205719798,-0.550591860970449,0.118455767402566,-0.650507222735604,0.588269558300184,-0.317059868161458,1.22894713253191,0.581701399864706,0.0436741127699058,0.428189708063618,-0.155252084310371,0.503606162544217,1.26746357492882,-0.121604975805398,1.36516187945133,0.0643326458696239,0.765672938969668,1.15024876091956,1.15497981406183,-1.35554001712074,-0.793688760569083,0.626154552251325,-1.94277148356496,0.566666482329942,0.755155180940915,-0.619873989534423,-0.424422493001473,-0.736857096763805,-0.234486317995423,0.890166558122497,-0.215798124410302,0.33688360618731,-0.0440593875818214,-0.524456041089316,-0.610380497650617,0.299170344445896,-0.597817671789913,-0.908861560486322,-0.193238115625666,-0.970719980768503,-1.39115121285316,-0.593563562425865,-0.232751081514065,1.08998781692895,0.586590209341664,-0.509456943660055,-0.391619862902972,0.154274672715914,1.3387963022005,0.982788168137574,0.548288078410516,0.895579980892304,1.38325144495552,0.436900393393447,0.594469205626764,0.815249641253332,0.0823014125787544
1.09796243096259,0.547930996124672,0.187941175775348,-0.992986352688757,1.32747240896276,-0.160942796389706,-0.997308024053366,-0.330650774080385,0.649127810176483,1.00093185097338,-0.121858993138824,0.684002539874866,0.55001471820379,0.447481092051537,1.03991293569014,1.24650762860358,1.21040266794693,0.97445469932613,1.34675536394904,0.273966753029195,1.69835115956484,0.44816151681619,0.820032342674064,-0.73368099681327,1.30388609377386,-0.366155594155092,-0.230440728173558,2.0108534816514,1.07408381823433,0.0157645092444111,1.07568473712217,1.60976143935708,0.191976288947915,1.10279178721603,0.350927789596752,0.896100831375059,-1.10281909932914,0.977289515581975,1.54280532536031,0.993327658936423,1.04250789177692,-0.0211274630120971,-0.564691177344152,-0.137372653583756,-0.383714413338526,0.276838872921661,-0.208767890453207,-1.39958147322872,1.36493149288101,0.311069790518157,0.677723610590114,-1.80369614879462,1.2132693784036,-0.370016967665329,-1.97476213967453,-2.00770287645969,-0.895537917702416,-1.85162680912792,-0.512542266325587,-1.80353766701438,-0.134914396331202,0.155572711749804,0.828938353043041,0.315863318985845,-0.0473286199736609,0.666627693561211,-0.100561332214758,-0.00842117116744599,-0.861555572487138,-0.170298631172964,0.574432631927782,-0.927890400372054,0.403656094245574,1.72742006747338,0.509144979780997,1.28205538305271,-1.76768670269558,1.60767058087449,-0.0692541751201132,1.46398831559622,0.120489051658379,0.339040220303209,-0.715645557866265,-0.418096396641544,0.626961179562067,1.37234880482019,0.899297808304903,1.2850516327654,2.27001484708739,-0.421208743986999,-0.240891533919463,0.710654568053516,0.727151210265099,2.44980746019465,-1.08427121587491,1.42595394168098,0.282129527757352,0.679420042752638,1.47742277524097,1.61132738785829,0.448344282579897,1.18665682859746,-0.244646591877587,0.42086758800979,-1.11958070357148,-0.566086912013026,0.0033877308222703,-0.273397271216335,0.300748138962412,0.721602046468632,-1.23208755611251,1.06924399202691,-0.0301080397787868,-0.996049037344904,0.126610774611729,0.738497561171057,-0.922170853484819,0.364117817301725,0.669881786326577,0.932662376677215,0.982526883541442,0.591054809306998,-1.50296520988443,-0.710075482534949,-1.76745018069733,-1.56970296612045,-1.63671179961258,1.01924511692538,0.654189431909636,0.570418672432668,-0.108508505204431,0.801909445924834,1.14341548665602,1.92070283375383,2.13961334833564,1.2427318693976,0.012911440221335,0.344615314846845,-0.117706268802304,0.679278599657768,0.301463841468793,0.874138546812415,-1.41517908709395,-0.574581575815509,0.759291489948238,0.29190341484717,0.0407056830207113,-0.218771223861923,0.311962517077679,-0.844625221480546,-0.301293232205052,0.468844329686931,0.808631811418041,0.073955191728874,0.340822588124955,-0.927530791448487,0.181132135477379,0.786439628896195,-0.135762814629563,-0.778036130282989,-0.907799434662653,-0.477770914657986,0.867965144918494,0.295044134508252,-0.55086242080919,1.63873897669914,0.750541219010168,1.07563483817434,0.733400145787722,1.06885453172458,-0.354610481634227,-0.575221911182784,-0.25013854884536,-0.488386723394371,2.09050514056501,0.0864697019629777,1.56303264231267,-0.43998317200598,1.10399053806279,1.66198793606423,1.58041977648528,1.61867727230217,0.159961931183688,-1.24519055356653,-1.06318732752618,-0.0360268640203934,-0.430582000644096,0.206612161722102,-0.777507156299347,1.66071964906423,1.37210143492822,1.13421056275396,0.842871832227615,1.52393751231236,1.91295421800336,0.754347338599169,-0.0709696918827239,0.000917856839979275,1.34384469626741,-0.30562569892673,1.83630689562456,0.506943808672264,1.04821039846934,1.93489440273062,-0.583319167948641,0.787304778768207,-1.27410363695119,-1.79110211542788,-1.84012981020613,-1.35405591199482,-1.56618455935848,0.0135460695387885,-0.813845083883918,1.16979345449651,-0.0752960378609096,-0.921805866603795,0.214989676373652,-1.06621272853603,1.61744020267112,0.0428071184307672,1.42509714616347,-0.337949637976656,0.452838141289663,-0.470632534694695,0.312610295342577,0.00965316178040965,-1.26864099625206,1.5984965315798,0.631849214513377,-0.524580583957756,1.00546514772332,0.226122724253628,1.94435398274999,0.666419935594058,-0.308825936473594,-0.058160547527828,0.537343108960923,-0.401107116570282,0.314690646470084,-0.165126860790158,-0.972254692877617,-1.39993156701818,0.219298999219558,-1.2960159914879,-1.37388700059341,0.733177355191289,-0.412133267835448,0.762180434142004,-0.0580603398241103,1.15880830575405,0.82741349946489,-0.364771681338666,-1.374444275303,-1.74866648941017,-0.100389852537379,1.6419766846457,-0.375754324750274,1.10909164511164,1.18920629049634,1.77875483178017,0.205004560165823,0.179798052614624,0.840657195568312,1.07107731712864
0.514946175943229,0.603884822538145,-0.0999608783521725,-0.0921014881982401,0.876421756808576,-1.82712426989238,-1.81079009725695,0.102807310605581,-0.167159528205563,0.490305957653467,0.60442920316036,-0.25163725752245,0.5929770023795,0.178666247444975,0.296922474520566,-0.18724667321795,-0.0382143208124912,-0.528379768851744,-0.0998732044799719,-0.296334605208404,0.276149687845299,-0.0918812059415541,-0.048765161245995,-0.793656226996451,-0.129757001098715,-0.44721186370611,-0.601739776562441,-0.0566381794266897,-0.140865649436206,-0.115263810049132,0.128600550436635,0.0560805290102605,-0.680478540008443,-0.166753133959469,-0.118325448035831,-0.186638938309291,-1.57801942383254,-0.589019483572534,0.123003221526704,-0.0215121894128915,0.396534215568349,-0.158638077002711,0.52696633476799,-0.199192632110625,-0.162095188580593,0.144214866392746,-1.13539196621228,-0.718179088971126,-0.23649647292245,-0.859131611058096,0.736180043140795,-1.51144135229473,-0.290159056331375,-0.964522838480942,0.35375803988747,-1.72179945719359,0.421089206293391,-0.906046692942019,-0.18257896445695,-1.49969441190372,0.823684406989733,0.00459967253145176,-0.15736124844011,0.0176470811753214,-0.185238718508046,0.512774616149751,0.331427935475807,-0.0174084707146102,-0.332814835008165,0.484704942633891,-0.181030500059648,-0.651033694190636,0.122684555669963,1.84408304376166,-0.0593273708314092,0.885089448451379,-0.309909201235212,0.656009265917541,1.25262861678968,1.93544499265879,-0.749123968886558,-0.811653362676508,-0.876713053414233,-0.446940664818542,-0.597264404182481,1.24486057077975,1.63413029443507,1.88896824429758,2.32370015158888,0.918508335584911,1.07635087018985,1.35685371175893,-0.525478290497012,1.0687836979711,0.256555819856399,1.63208593023085,0.728536205065527,0.371382770497605,1.79198504965504,1.62867057554763,1.05402607675966,-0.3817706989039,-0.86348211635178,0.841670065357314,-0.9114885072959,-1.08692848690372,-0.0482687430531327,-0.573904038979382,-0.246768120356075,-0.578323705990398,-0.65419858499645,-0.434389028359469,0.114812697182115,-0.183862307994916,-0.0601301211418444,0.220116627156063,-0.16931728716208,0.984084468874323,0.320291252424135,0.691026347732972,0.610745527633251,0.47735683447482,-1.77383457723218,0.307932116741524,-2.06983701645256,-1.29371175394415,0.010576888026259,0.102310002199469,0.287136948077575,1.39059129054375,1.00328339999676,-0.938516470235037,1.39933570345664,2.46023262171321,1.95629632842766,1.29230692085228,0.163265682946874,-0.826824640505735,-0.138245885551333,0.852633368040775,0.629599357954977,0.396078269701541,-0.999900438991722,0.195818584992554,-0.290723330087534,0.486258478869182,0.482742017250585,-0.690654217223081,0.119002572080725,-0.740742156330495,-0.00125389773955137,0.368617525386213,1.11651385061336,-0.160580632675114,0.735122718490714,-1.14393983587833,0.58345961624401,0.513002536098417,-0.991085181569274,0.324318816639368,-0.750660232915708,-0.971975904226304,-0.0588847246156182,0.268501041748751,0.170658618066221,1.01317767374007,-0.106919877132736,0.868565388433745,1.05798723920484,1.01603890149811,-0.135688546392128,-1.30483494765681,0.0053642282553269,0.273462773938668,0.616149665753604,0.391709475238371,1.33135864837492,-1.19714394510941,1.85828912248674,1.71739200518494,1.88007013753571,0.793362005787679,0.606772982719592,-0.351548328274151,-0.187188374526305,0.715457642696365,0.641584775374678,0.863896887633796,-1.20365749944387,1.39064282384369,1.45750576274191,1.6327848861277,0.211973571033175,2.30849407611444,2.05829720404259,0.415647680447257,-0.409656762704761,-1.06621011507122,1.81404326283606,-1.17113317782114,1.480794676804,0.280176397492406,-0.173404373959445,1.63800067906834,-0.235854457475454,0.661918188824442,-0.502350630309908,-1.21946656151525,-1.26199058624218,-1.32118016917383,-1.77069612967347,0.127568239070383,-0.581869300111558,1.57157713541008,0.870406737513657,0.0707790636842515,0.148386676851362,-0.922274676614113,1.29714120311663,0.56236785178731,1.04557054647425,-0.190175836536523,-0.00337808707646326,0.00966001639635285,-0.173142304514578,-0.00873205493602856,-1.13654666241002,0.971753951333364,-0.423376005306342,-0.953028259771194,0.126493630352741,-0.407610552133767,0.803088876109495,0.456988677229623,1.15142392880137,0.461822493852343,0.740882098561364,0.54991665672487,0.883040912563557,0.695534808751356,-1.04792318212207,-1.15157598482467,-0.0449143909223243,-0.688530365838194,-0.920142973750999,0.0684368605719941,-1.17419512064297,-1.03553468367706,-0.231887612390804,1.14857328824713,0.319438594664955,-0.141764719298913,-0.453765231684847,0.253014245787021,-0.168182232265843,1.50119112968079,-0.206359735793886,0.497632132364784,1.03469320260494,1.50408486560146,0.390348453728693,0.387630501156304,0.328781405632734,0.308734088450123
-0.671382641633453,0.429065034683359,-0.712383502280735,-0.449746607548456,0.961254359412713,-0.23543139090884,-0.570021433676294,-0.26094005816458,0.215613752915302,-0.318710179486367,-0.157470857481042,0.238452355711917,1.07528289745862,-1.07398968331576,0.318220703237548,0.156290108119238,0.383082354848992,0.341440590343233,0.748106127519622,-0.132141914109346,0.235353363782756,0.443904508106028,0.19157702718893,0.0639813428640545,0.345747198714819,0.037948070769295,0.206491504792867,-0.1110548606387,0.233679007135686,0.815174004517394,0.603763800912484,0.306395168142737,-0.483744557926542,0.410536135048338,0.340536778539339,-0.121748274060668,0.0173510247506589,0.342606402180577,0.768451202675812,0.778921584929443,0.0829520912287594,-0.0417483168696856,-0.132981805810223,0.413554104398207,0.57598023218481,0.322464443780735,-0.854687223178058,0.0694667351654581,0.233568997513376,0.0111619920845502,-0.363390768849238,-0.209280534511634,0.302178705858514,-1.20615853212505,0.315929775788551,-0.43972807895443,0.0761329552311547,0.504053869707676,-0.812560287359855,-0.35387196596137,0.300799369055373,0.208730237417237,0.820645506262895,0.455627131102492,0.480503505697947,0.848444420105657,0.159548764163392,0.110027044098,0.350059880771842,0.524272814195187,0.516600469909334,-0.00935210920808726,0.683859753104323,0.821611236223566,0.990414594004612,1.84241472609163,-0.214315479713554,0.161710401610143,0.735209973557,0.859903719433518,-0.314589469613817,0.198336491889482,-0.608680135753297,-0.523603081962491,0.534424877924949,0.686932936383805,0.367996960107492,0.894690899415421,1.54339954683812,0.35268917196434,1.08709431419987,1.41156916613597,-0.573089170089799,0.707612881053312,-0.6037947914815,0.618856701393228,0.817702901005564,0.354520373240419,0.947336156088372,0.217877565242186,0.915033862158455,-0.682808265573962,-0.567698019710993,0.564339433254753,0.00732031364604363,0.326702638224867,1.05914470784456,0.951354825717928,0.571120341037409,0.647025403618391,-0.354451933111067,-0.200728926150182,0.624146450347417,-0.100467367280595,0.374635685188786,0.875805275992854,0.122788243537511,0.794657133981541,-0.473818363567187,-0.0623203091519024,0.219039893883146,0.757787571100671,0.251636406353221,0.118070453827589,-0.819802292856435,-0.871545593199058,-0.70124402705887,0.608607052556109,0.416718639317158,0.996465899528895,0.710623009514805,0.625525514709991,-0.0485223221363362,0.822254488580961,0.903980594532869,1.4229757935788,1.26004967782519,0.209600860212934,0.305241881260746,0.937270294984495,0.694372385380846,-0.0520441642893652,-0.613058888474716,-0.940331800962132,-0.13435416296746,0.150527854031694,0.48143991802947,-0.462198204164873,0.138620338052881,-1.00923387684877,0.0627908115370546,-0.792184582735303,0.421733883534823,-1.1877558040214,0.83164589205656,-1.09935555511556,0.317632843244986,-0.140399157166135,-1.13343350213095,-0.0137469575715556,-0.430422358213753,-0.311770409563123,-1.10753479825251,-0.365825042995629,-0.478881497634878,0.814746634683463,-0.647301594432723,-0.35242921403292,-0.639053230453883,0.156909541006477,-0.789652599741715,-1.15596609910623,-0.657629148066903,-0.0735755201628555,-0.6309631398236,-0.365074238500811,0.800441592475105,-0.908511965300372,0.133747685097913,0.0368611049319718,0.300641033239286,0.282026267619229,-0.582911437669547,-1.08677840728536,-0.899853765715794,-0.236279835604924,-0.913874760028099,-0.179851293470286,-0.812434353913471,0.346410971619949,1.33655972147602,0.971946935688689,-0.282599104895744,1.34324432298364,0.958618952821483,0.29748781324864,-0.617478675548876,-1.58475443618215,0.738030377151553,0.363089006327089,-0.046468268897143,0.136664633717923,0.241139339310951,0.405120276121906,-0.277633096962678,0.795978734091252,0.0291094692348523,-0.609813235173829,-0.659197993119667,-0.424649173484895,-0.445696229126738,0.0673774256441119,-0.879301749735204,1.81071974014347,0.0751639852107036,-0.763019279957179,-0.816477957032737,-0.555418857492461,1.03234934307601,0.793604933064883,0.12710974483161,0.373063638631774,0.422589499147141,-0.896385132351857,-0.502399798666489,0.755218157702966,-1.24593479211811,1.56648012183583,0.791396184441511,-0.696672377534959,0.606061485673896,0.172455653385527,1.01499156536616,-0.135091784592864,0.554022053836869,-0.0756643918481401,-0.102201730622268,0.430501511292284,1.05549049918167,0.299223936485976,-0.466322290432985,0.225984583706138,-0.62384464420666,-1.13914936536038,-0.775320922238806,0.178215738632543,-1.24967524187104,1.41767787653071,-1.37463588649959,-0.204804541737652,0.467741099971252,-0.795375587774145,-0.744901133551854,-0.451552506026887,0.332609863644334,0.982639082147353,-0.278547846069326,0.11025113243357,0.465455767136395,-0.177358010787824,0.151068185193276,-0.232584466193681,0.223522028732772,-0.245167755928536
-0.160222031001086,0.891961544672366,-0.369040222003081,-1.07263059806777,1.66643958292604,-0.722222280089006,-0.996692293725394,0.716749108886576,1.23087332021483,1.70466650359543,0.623756068122382,0.618259349159986,1.06393403461497,0.764985644016719,1.76110506337479,0.782355701383624,0.743608180966895,0.253584290188851,0.138239580570046,-0.352604252397799,-0.305088458019497,0.711332051890537,0.052638672678745,0.275189592230522,0.252366569994057,0.00600108323619927,0.240368911503383,0.231186692040566,0.422756757628167,0.590556524060427,0.0190991204467213,-0.247642231824489,-0.889440399215415,0.621563878806629,-0.170904231259761,0.202569884032523,0.696982503187787,0.278731092957497,0.963228900580782,0.911617923207806,0.535575806324056,0.0258937925647078,-1.03080949792239,0.68607188960647,0.51392260071488,0.341317543261666,0.549635365587547,0.635098769226788,0.0963100202626787,-0.276447706911913,0.922414571554611,-0.890150866259533,-0.133077761024213,0.786460125655135,-1.11120037419158,-0.701058247685079,-1.20085389554251,-0.196231839687966,0.643532712864766,-0.75038873308003,-0.198780523713664,0.551569527769374,0.759824952875009,1.19607804807969,0.360371259659322,0.674887051916095,0.335028811137896,0.794922589173218,0.480016661681785,0.307775534425823,0.56167670838048,0.67133079717681,0.773376464920526,0.784237292248608,0.952829886251526,2.00196308365602,-1.85774780805086,0.653073340027509,1.00505792761321,0.934519604859433,0.417515315997244,0.647959001116008,-0.483915147779219,0.262589119903859,0.47848190575602,1.14895565152468,-0.258027317420313,1.48443081335685,1.99211795001765,1.04190521988338,-0.0147160253550086,1.84876150079931,0.459839653926961,1.54709794636014,1.19750027803941,1.01515502927225,0.66970387804014,0.526037250956519,-0.269500617336679,-0.511940121072619,0.788804486777155,-1.74401447171917,-1.42720965338047,-0.342990027037595,0.321377691277816,0.833779001241359,1.07649134015121,1.03638732474043,1.059177574952,0.897193234975907,0.00300857222837352,-0.199399861465326,-0.225125783342143,0.607424769417363,-0.025853563455519,0.863361462010414,0.27908843267243,0.991158183816018,-0.9880389327416,-0.739214368741037,0.710312155958747,-0.118425059881837,-0.918753934156726,-2.70636176621737,-1.20337871624506,-1.82451618626108,-0.0816657693320988,0.705438692114743,0.717379274085572,1.16034442527219,0.591311166017769,-0.0149903763218064,1.44137672996621,0.45330228634248,0.785561990309587,1.832561543692,0.8094651017853,0.787243072506187,0.498283176442248,0.129320571043768,0.129238800200971,0.411802117829674,-1.31140654954727,-0.308453776459394,0.652345488292293,0.955381301933519,0.397062716443522,-0.129815757801895,-0.256946257300623,-1.40810388050865,-0.0124138194817875,0.6422665689225,0.829263025422671,-1.68947730271583,0.410739404337612,-0.303096940751048,0.572041288061885,0.237034949767628,0.0994883200407124,-0.623626640075505,-0.496075237677961,0.658294896556324,0.419066064882077,-0.133491647211369,-0.391356608831453,1.26943063383464,0.750927837943377,-0.0316518269838849,-0.954615579822357,1.13607612142511,-0.295895165702764,-1.07541570938095,-0.250260530526399,0.812236215841952,-1.050645806669,-1.2065948110701,0.475444806945348,-0.949371193118084,-0.236745468029554,1.62368194440594,1.72079660645952,1.32474561034229,-1.10564757373843,-0.0246422327771272,-0.454093254459312,-1.0804581150057,-2.29240169802071,-0.848191603211074,-0.589465190820818,0.583009794174504,0.980622799599417,0.229669200462454,-0.829372451864753,0.343490603925074,0.0962880860047651,-0.348796702408023,-0.14267356471189,-1.40737513289902,0.0831602632411491,-0.786278088081175,-0.937036551791645,0.74636089552881,0.693644410181815,1.07565160585653,-0.503253909270866,-0.67529894967619,-2.23593749944749,-0.847006410376786,-0.729682835559819,-0.755915951753186,-0.463018808799949,-0.104626607360923,0.987429297017942,1.83462347817265,-0.967318550056249,0.524743752916169,-0.44378072564399,0.0815699955402111,0.662355097352259,1.3476772147571,0.734715178759944,-2.64116656349316,-1.08203633518601,-1.56169835297243,-2.51350005510155,-2.14401024887728,-0.831155271496255,1.0905097079039,-0.209958945268199,0.11477693686853,-0.035050570311437,-0.551360218868488,0.547859387047031,0.109286455781246,1.2570319109485,0.691834212347421,0.830134294042702,0.10045393477789,0.291713396802892,0.734999571274259,-0.541254946269195,-0.0956885956546018,-0.544991178892683,-1.03159334579276,-0.0814692107067136,0.274695117309934,0.143193673315409,-0.201336135855196,0.0483583722854822,0.888776952509917,0.153312888010036,-0.400149608769481,-0.890679819846317,-0.820019748578146,0.243206862023458,0.878772893679593,0.114708471908268,-0.208903815637938,0.00844348709994963,0.12192360757026,1.16042325388329,-1.27118398213735,-0.238852187763639,0.387237311377041
0.00153861841203131,0.178341089421275,0.0578476743021595,-0.530589532017045,0.578405154821961,-1.2120446987918,-1.27112134069576,-0.374509642484344,0.316544469909396,0.337833063236687,0.456369200715017,0.141125288297262,0.0237238301928002,-1.11846966403435,-0.466600587936268,-0.715376653568039,0.0290883289452892,1.02053003500323,0.659620779567661,-0.2980323124136,-0.0369749261141802,1.00863337302527,0.174215475594743,0.206838553458065,-0.195930747599144,0.837134652746433,0.238762919037115,-0.343318033657787,0.687002306836036,-0.203133230266502,0.384422267990565,-0.29604038086138,-0.752101093324792,0.192321822626562,0.0684908930732712,0.738588508658878,0.804526932592164,0.562186045580572,0.474026367050004,0.108623003797821,1.00217814821471,0.995170483154737,1.3759953618562,1.6053132232557,1.86344043843187,1.40930591882636,-0.687187600066653,-0.320258610994292,-0.296941382063695,-0.267805834412887,-0.791348636545512,-0.265604719952677,-0.261789735497525,-0.512851447059684,0.846890668775215,-0.570573794766643,0.881089081686845,0.751360730953112,-0.185926719454561,-0.822787831988871,0.449193294401035,1.25230630256608,0.427632455275386,0.0842897413070835,0.495151973564154,0.412831922554017,0.453636616870378,0.766901113863639,0.742435499457624,0.965735876343627,0.559352594691683,1.03081272266143,0.136740510343004,0.521900790798621,1.22932055112704,0.809538260457334,0.0677147876820135,-0.141323570389491,0.443924563132049,0.905622324867473,-1.1495634590258,-1.01244067822456,0.217726840126931,0.269204185523963,-0.799112976994528,0.774103390525498,-0.386116029443983,0.968422536487319,0.919244440559222,0.984747487100914,0.512437149536911,1.65439851637401,0.789203695426619,-0.0765729047414486,1.18234371310133,0.956170964749291,0.979269879060478,0.484856468791041,0.256332822559615,-0.3995653883485,1.54779348865793,-0.0519496322360218,-0.869202891847322,0.170967416813601,0.00740838970394871,-0.239946513973869,0.486329508421704,0.328100275017334,-0.017045822827433,-0.461126310522663,-0.420213585594176,-0.247772599279604,0.446110081797383,0.645610854723037,0.0968226037041213,0.588764163117342,0.0238706987932344,0.753000561533841,0.662531618668753,0.377882955829114,0.151874769466066,-0.102791752632333,-1.12293512501757,0.397416081950476,-0.535947391688164,-0.645811880068518,-0.3391170536044,-0.427877170824932,-0.264445058022502,0.460405250499047,0.158627742043315,-0.989726557851557,0.336967063391128,-0.904075897968537,-0.149271544266214,1.17495089118422,0.261432440604555,1.07269946687446,-0.215203783680482,0.45082831326094,0.440910824540415,-0.024473678656232,0.982966647998936,1.03032093239985,0.798813755843853,1.29048671807524,0.769169082855848,1.12392817488436,0.335133579677235,0.491882953933145,1.09422418495305,0.993958692525483,0.912689591546942,0.806046803013495,0.266932676769549,0.0702579041209248,0.500604095630796,-0.0087239946916024,0.490169555452358,1.16008442034867,0.733399871370937,0.473055463836934,1.04375116299453,1.34884522808708,0.440788986581705,-0.143417156598134,1.12738355716119,1.65458031671923,0.0238702734659035,1.07408376867788,0.706861323901479,1.24052042655941,0.813497988934277,0.441278030416708,0.29400820428799,-0.101089340730595,-0.046706751330544,-1.40600409041329,0.081975377438526,0.83755865931385,0.364262259398609,-0.653371218845931,0.365026443987112,-0.460300472796508,-0.823476900309107,0.294291000371406,-0.707890317558178,-0.481259950951388,-0.741759646974329,-0.0578361372955678,0.883045775489792,0.148902918439794,-0.229511922887998,0.166879156828942,0.170239898324911,0.547596110052422,-0.392593905510287,-0.821142466718771,0.384728928774101,0.0321305967604033,-0.426916010243355,-0.283267336560003,0.193364811419498,0.616028366515694,-0.603760662882709,0.338134508205027,-0.247781659730172,-0.954861929201266,-0.956797616017216,-0.437335714238465,-1.09891399830235,0.195345091770411,-0.66240623361277,2.40402757369571,0.215119871396937,-0.542453815113451,-0.558539845122973,-0.0932999725249381,1.52338232685477,1.71743316301913,-1.17321976874907,-0.103181054762861,-0.391803029158966,-0.167234011486933,-0.352307180726361,-0.231353073214825,-0.786297783528958,0.734960251625301,0.87269453688184,-0.47228571870214,1.1407846073012,0.13120593701187,0.78677029376094,-0.329456157220872,0.437210639860025,0.0435725027556688,0.503766370475491,0.148606543070775,0.874152909830725,-0.328796694380463,-0.885915903493222,-0.43459342498092,0.447282645378728,-0.447820493133164,0.0688690018195919,-0.675463833500167,-0.387609133556224,-1.29033909096547,-0.831340393666766,0.230471815109326,-0.718630059926222,-0.741193537762881,-0.234731455002317,0.112440710147292,-0.213737168728671,-0.0704717927736683,0.305402482325758,-0.271266995749598,0.0870869538431335,-0.18664883413681,0.863555825243496,0.402823598603946,-0.642180100183688,-0.240230936844275
-0.0248162205555623,1.06933996874558,0.674317560376987,-0.53857160247765,2.10102832790926,0.45095810287032,-0.14291721176739,0.288078234994588,0.591202409920116,0.564315862397361,0.0206699729566843,0.813962831295295,0.794563712905761,-1.48294632491919,0.0752987465385752,0.0133607717780501,1.23601250397075,1.63680282137122,0.468430309987369,0.310539714267064,0.290477049650541,1.29378767753689,0.412492131803972,0.898334255136667,0.253520872827737,0.593662825481314,0.910595039705467,0.212200457961864,1.07293363745714,0.312052012924388,0.702098851938714,0.300933412873934,-0.0673511061871777,0.260300738856267,0.727256918508896,1.31472606681489,1.21739408310462,0.806473639813265,1.68605073113758,1.10938917184603,0.723110978034077,0.925654983740423,0.0777852046720158,1.72297075658622,1.10798867746283,1.89168703902456,-0.23809599254893,-1.06624276472715,0.0967141562884784,0.109294130081258,-0.047200306019428,-0.333713523772739,0.0717096607473556,-0.506564746706663,-0.126144560965773,-0.558007853779186,0.353979986369795,-0.0851452121767314,-0.505630352527991,-0.671139958979264,-0.24607194249829,0.985724704019908,0.847988436917835,-0.544693806025037,-0.0185301451841643,-0.159318340999853,-0.220423320445177,-0.448253629211775,-0.115465771254689,-0.0976090400395759,0.717784292927762,0.966125697403693,-0.0136560368831178,0.261857974339936,2.17406048772126,2.31076567292168,-0.0715736412290492,0.268700153368599,-1.01629459475205,0.409875802653471,0.570679583068249,0.828838436684617,0.0463104636457439,-0.207422364353772,1.14254932670258,0.234262678676547,-1.04719119846269,1.12712593078813,1.94321739967494,0.113086290812136,0.442889033804808,1.05359983902024,1.3657751812816,1.40446428929836,0.325528943772529,0.842809038782024,0.359271135859189,-0.551926065790416,-0.115894754757394,-0.35676707078609,1.27504155244951,-0.222775827447956,-0.996033227792155,-0.696421480359405,0.595152231255105,1.65834348130272,1.47635425565029,1.47187986453724,0.998483483775365,1.11254056675736,-0.354485432422465,0.326538006442922,0.783426862240368,0.332346035388897,0.769102710067159,1.45676854650429,-0.119051448076444,0.555046139817893,0.232907200827398,0.0696515330430238,-0.188608127283892,0.552010149301481,0.570589665633283,1.37732240874385,0.646611418586489,0.28160142829287,-0.563639749789065,0.597856053384064,0.779240684600169,-0.113852194275702,-0.428302991025564,0.809477060444869,-0.446111057292172,0.684555833816171,1.83219489952455,1.912036567175,1.61617845974867,0.516139844052511,0.826870593898548,0.408054737971418,0.650927113054439,-0.0464127159870274,1.09387464565652,0.902636313793003,0.603944191809176,0.269862796328693,-0.113412641731287,1.17229836844536,-0.000299570104782449,1.56744119357928,1.34613696798358,0.718448883916476,0.692112689317818,-0.469003628483234,0.767373284722035,1.20987053078117,1.2782144209493,-1.0387593097528,1.8121963296317,0.830236128694934,0.155188202876413,1.36804139687428,1.61148815253654,-0.914233490799205,-0.0608818395817419,2.09742437368613,1.03094796467241,1.23325654212628,-0.110275923024675,0.240441336700465,-0.0271019180249226,0.9801486566022,0.352520217187358,-0.530461634424942,-0.206943120225421,-0.255497375989547,-0.396260937157027,-0.437251479332772,-0.133965285930076,0.937909904381036,1.62070401487517,1.05582971796314,0.704896807930961,-0.817807285563265,-0.5977566371163,0.0955259917799158,-0.535715446010347,-1.14790175117197,-0.94568384700044,0.0835079766133196,0.322645306676287,0.803457848146765,-0.264032231839962,0.409869109932514,0.239946005288581,-0.299821169107014,-0.937599475823582,-0.819197541948537,0.0469646415009575,-0.16363412023754,-0.302508070182122,0.23497721688654,1.57493109539272,0.0820798067457479,-1.35050228752466,0.529110027657291,-0.724134701270266,-0.785184779456788,-1.07240424774092,-1.00957130829685,-0.634750960930123,0.101473534853652,-0.80941684455062,1.36259219704454,-0.077018561484041,-0.915217233831959,-0.26651681181328,-0.666377127922604,1.2136982980534,0.285867200825873,-1.47989529135685,0.814763541070824,0.251816586825497,-0.665246929649411,0.061166228284888,0.978863578758994,-0.872250588919872,2.12642466027948,0.107831339416851,0.136367782989428,2.08079246663063,1.1004266631518,1.30797631714456,-0.629058216580518,-0.00901013215922534,-1.06764409471108,-0.794713826447708,-0.147762943067726,0.572453232257359,-0.885023015651318,-0.34558920300513,-0.126490924396376,2.12509713138529,-0.266332393233395,0.0272611270379704,1.2829003786174,0.198925668937986,1.35975638835855,-0.596353205708133,0.751621776374099,0.518140304797863,-0.864280584940668,0.0168592680487957,-0.427546587757124,0.216962255595647,0.969927410594968,-0.684890490504325,1.08263849357058,-0.143972475034124,0.427320140524158,0.343415350803947,-0.972255185568043,-0.0565681740704601,0.349910928113816
-0.0215149401289287,0.85776594822213,-0.705248911184443,-0.146540383469664,-0.0613142198445171,-0.235053696947705,-0.540518665802028,0.704516528870501,0.83223460164278,1.6940352036443,0.660548816429989,0.11424671173887,0.393623926042289,0.553856673419542,0.88496364820154,1.27514654845238,1.14056343585109,0.713243014524866,0.57040259847543,0.82935434076346,0.69045426113738,1.2530073944427,-0.061930130378537,0.549451505625806,0.186260134628225,1.50962472086444,0.28997989718389,0.109792407776328,1.41389018202628,-0.353443663611809,0.670218057522351,0.0347224323729967,0.0538370603018193,0.37506017066502,0.584479180402039,1.26951511697739,1.14248453031449,0.582117525812824,1.22519013150955,1.04518283705401,1.42842296656564,1.52137606345097,-0.657789721379093,1.68285619435161,1.18841612781846,1.74286679824283,0.638958657991261,-0.585813549074071,0.491539061929877,0.264232072640628,1.1312950432825,-0.0783028971797769,0.573897269119597,0.771933707943201,-0.881252712001248,-0.115448020200157,-0.581002672815201,-0.248623958928163,0.114230317226645,0.408362223562515,0.148022275959678,0.629038939275528,-0.150969212763558,0.124749127632082,-1.24286057948235,-0.962605485564972,0.428725305175031,-0.0619112703605963,-0.715150098475163,-0.339994415475398,0.167322905617008,0.810411241023531,-0.228662162756147,0.340970467892889,1.29829436835121,0.981038503537425,-1.27559155092731,-0.137246002268551,-0.202838220262099,0.238412938973164,-0.0256069710111886,0.0462571249693114,0.832236386461225,1.10668517352438,0.475508843110673,0.85162608805812,-0.408234080098933,0.890712069341944,1.16791521507361,-0.147070322965807,0.318183917016217,1.60300809388994,0.630994256408101,0.783248419318149,0.175998746010914,0.72125120336011,0.0342986489696778,0.480571042393578,-0.19961111141718,-0.0144720136881421,-0.618673938299116,-1.28572555763508,0.201080046332104,-1.00001478859721,0.0667579369126349,0.862811446523889,1.40738206403324,0.846832106192104,0.828875403260633,0.503917042639502,0.409502941965311,-1.22573126003854,-1.20145947062905,0.728487759853029,-1.04962117698113,0.0745935293237669,0.587701398405606,0.316990146307519,-0.854637858477969,0.322953404355203,8.13403312823307e-05,-1.4864739506776,0.118574173219438,-1.60856729217965,-0.816602535903219,-0.778826484732451,0.540101159879916,0.366429600540562,-0.28513632055434,0.376402039990171,-0.594352309227107,0.0334137109620125,0.634489246686413,0.15918107634582,-0.272780486621642,0.327075664101634,0.549820556324535,0.837593661867516,0.0856719632590303,-0.0528743748759772,0.332586798627479,-0.192298485147167,0.219041305339099,0.0868262242847998,0.211087227496843,-0.791014542334965,-0.620223169849851,-0.215367620011383,-0.125771313654277,0.362001073892942,-0.244008072490464,0.69092048624346,0.713415491127189,-1.33253979067612,0.81373232435788,1.32687623691438,-0.0886451504370978,-0.955141162612573,1.31197102713534,0.0309314181873127,-0.569155157559959,1.43154525325675,1.66544005517786,-1.45517515659693,0.444764673271829,0.326369485973174,0.922841727815502,-0.375787746230503,0.26571032305317,0.168534286480055,0.115551280220985,-0.518072709060871,0.310742219678021,0.641550133676442,-1.61091248538594,-1.06235422217521,0.398292798907595,0.244374014751627,-0.482277078190661,-0.956820910861113,-0.105128650197658,-0.528701996992586,-0.756886566955713,0.26197577112007,0.331656148295694,-1.03808072695672,-0.427338571329302,-1.34334656647968,-0.134823867035028,0.494304825431868,-0.854273211703873,0.268151648248008,0.193979042060348,0.061311514454904,0.419750683178624,-1.7200132101839,0.28890318646122,-0.330984320024851,-0.592357625323353,0.666387798277059,-0.955647377632489,-0.447827043224484,0.775158190211286,0.337719808187032,-0.0855714856878982,-0.134606050186379,-1.35892507965928,-0.00247125400430822,0.120031350960689,0.0269747042302159,0.724686697012391,-1.16147619962874,0.271472536034194,1.04886347354435,-1.83568190840566,-0.0459017401485962,-0.811122581148056,-0.0180856260621391,-0.615918226838547,0.709552433672119,-0.0661530188672306,-1.91970608910544,-1.04127233301045,-1.06612618714118,-1.91955301833821,-1.74018061158767,0.822670965910825,0.624868820366563,-0.686364196998364,1.21914188097713,0.718680461418017,-0.398487049039556,0.714990304591754,0.425477983524247,0.404233255385173,-0.685962292765618,0.174295456440957,-0.456615231113045,-0.401106452713586,-0.803924429654189,-0.205684269570937,0.488153057785714,0.711490508964222,-0.0214387810244211,0.389557762480823,-0.0656187750392175,-0.814978455376197,-0.161447245517162,-0.75578065505351,-1.07411549185335,-0.0435648599718226,-0.324841681268834,-0.80849683352531,-0.794984705284476,0.383435208491855,0.0576073501265713,-1.08726184427253,0.398298781456818,-0.738450364903556,-0.600841624455337,0.104493187602557,-1.68939690577865,-0.304802381845879,0.624314617533919
-0.653032588700104,0.156263501193426,-1.02463220230966,1.37216834212405,0.582744039288776,0.813673078829009,0.706387222516746,1.51139528808159,1.03983180399591,-0.564160966396039,0.776429185395753,1.45426908867903,0.0553868528411579,1.23227263061158,0.944606144250386,1.21866749045248,0.126643335170557,0.518515052825376,-0.550598299549196,-0.22308653180495,-1.13253545285223,0.372270896640941,-0.466255139432061,-0.830478565678351,-0.502136753856752,0.281789409960029,-0.528183646602914,-0.729510204829347,0.451936073126098,-1.00829761820131,-0.633460881984607,-0.508296610254448,-1.63334029246734,-0.652938780470822,-0.126077561672949,0.422489794016604,0.0763880338405691,0.286467315105206,0.281611407771532,0.746104997082712,0.931485085440019,1.10466663367121,0.854965086239431,1.59445529286578,0.871127179956594,1.64102943808916,0.322702831203169,-0.982447959376185,-0.10745961884372,-0.28618885962319,1.58296536706063,1.43130210420412,-0.589704600629213,0.617262839961805,1.04032115929548,0.960013441694289,1.2499988042315,1.40785335271955,0.385297840291306,0.953836869983855,0.148858980065169,0.172324246929346,0.0810001500351554,0.0343923219842812,-0.447424604964212,-0.244143246919084,0.295424238429365,-1.32704733352452,-0.316047028244293,0.565587717593276,0.508469515021376,0.559610421410184,-0.166382967278491,-0.315301629735018,0.651506052259873,1.11625200926905,-0.478401734591896,-1.40370136558001,-0.742096376013963,-0.918197140169685,-1.71236556958772,-0.336886727442567,2.31058364164215,1.56059346180977,-0.80797508422085,-0.0685998588136969,-1.54067295649047,0.95195308411585,1.0282448154517,-0.0740377782131996,0.520248035827208,1.43648084923567,0.059493853534449,-0.0439545250975799,-0.506757476398536,-0.233494134293273,0.150025681645562,0.459017735627722,-1.2189056174282,-1.14389287561723,0.901281080338657,0.92741263466294,1.27351313411137,-0.510027163933787,1.98779937805259,2.18832973167807,1.65963236700531,1.88031832454081,0.533461122930565,0.0642292974589805,0.894263854804591,-1.07334468505322,1.62899054830656,1.13091653675055,0.432882050674512,1.43368977252566,1.48798966638082,0.994457709565943,0.044558804747701,-0.0731486771705613,0.167402693831202,0.763340568550366,1.05282487203182,0.301995366378905,-0.334600362639715,-0.249351399430982,0.395323934748237,0.457494982387004,-2.44665971477088,-0.650991760439538,-0.315874771557003,-0.117016461809158,0.83928421752814,-0.654792862459824,-0.306413311869768,-0.751050288173404,0.408864313984441,-0.423492418973802,0.836296040016032,0.400984032818053,0.309649018675965,-0.355605106919776,-0.119122669038502,-0.610403393416917,0.0178401693923206,-0.154726243643415,-1.06793245800985,0.203919909322675,-1.05260197187009,0.29015232438744,0.0686819766433757,0.31755911461731,1.00099219032432,-0.662122802731673,0.217585700566107,0.51992985551143,-0.725926662243596,-1.08540544295113,0.423386959751309,0.478231469255438,-0.273343538909228,0.261563069170177,0.63173747087573,-0.956087063925039,-0.739373013544938,0.241341288378205,0.0628298918208692,-0.680066714697298,-0.820370088182432,0.101083100570434,-0.757121060251608,-1.0058058838421,-0.380095517040508,-0.0811428909731255,-0.816578438387912,-0.494931827321388,-1.07427005199333,-0.532953384275491,-0.811194410298839,-0.777107462981221,0.270062775022199,0.0735207822555508,-0.811310882312765,0.0638884993766857,-0.0284682757084077,-0.871903478682966,0.0791831204198772,-1.07004417095986,0.340638117122149,-1.59197723656164,-2.01281091475777,-1.35716839268133,-1.19065652707548,-1.27725042382328,-0.9910226342322,-1.68187438244711,-0.205140449821676,0.0856116847170828,-1.51714843768207,0.595627388346311,-0.313407959811593,-0.722460023729644,0.714468726806453,-1.19169127710418,-0.259358112132144,-0.236796455711849,-0.568978998793667,0.853794780906358,0.302738807664926,0.305599307664205,0.73528971303369,1.35820076081791,0.144818369404547,1.05159446225119,0.992106280367269,0.500760520701308,1.76509841780519,0.484808445853282,0.467517275684451,-0.00319844525862569,0.0159742588733887,-0.29914474358211,0.0810704485231344,-0.462730191614592,0.444271556206114,-0.711431206244411,0.635623856534069,1.16583500467679,0.496750177916266,1.54434544077127,1.54991152205199,-0.64358597671611,0.670411547826331,-0.795705060049444,-0.452729070678818,-1.14433510727372,-0.600747452837683,0.0810080896160238,0.77750043959117,-0.581274932398908,0.678120581246207,0.851951098854026,0.577298796306162,0.232575181645259,0.430149711029635,-0.538406114572104,-1.30659800949174,-1.56293746665901,-0.979067268179435,-1.65446337408446,0.527236099490277,-0.79655476118079,-0.146637857564778,-0.239711830216187,-0.620092757279742,-0.620644312183804,-0.489508440684816,-0.0572247246114337,-1.88705641490298,-1.17576329022227,-0.834967528094086,-1.13753322425748,-0.122822161400375,1.475004058145
-1.61168364451366,-0.585360131703688,-1.32507099468324,-0.618236225825747,-0.167796794128888,1.34816176660762,1.02558603778632,0.58642742577692,-0.0883698684941262,-0.348611837776237,-0.601550742932984,-0.327599483872174,0.656252921375347,-0.68197741234303,-0.0116146091977812,0.418657974736153,0.910146265721012,0.886316342058248,0.499889962137275,0.332886495554575,0.802029827250805,1.06879163318101,0.133072293356342,0.157193450877963,0.43373609343655,0.347329795425375,-0.00226065976289481,0.771434134817156,0.759886045526663,-1.03293987903251,0.588812203128288,0.768616255520754,0.0309560440610481,0.354790112074734,0.260764036211144,1.08951345147689,-0.0205841384362088,0.628819397403332,0.766078959354865,0.89220709778882,-0.0984090014997577,1.35237239329018,-0.442218811453032,0.880111831042543,0.732035036023429,1.16937553624783,0.306680712313106,-1.33813188394809,0.64693225121551,0.433934791327791,-0.267627499686886,0.92567371314005,0.856799436362215,0.305851820162288,-0.00987293794407664,0.586007790557047,0.892477323728788,-0.0909991256959388,-0.680948818090344,0.979409476115092,0.000651040574721828,0.0235725689562579,0.635260409739733,-0.0605242804038177,-0.390580307334745,-0.274670431738305,-0.346480048323016,-0.570897962243789,-0.505094382216765,-0.175952044181902,0.707799050460286,-0.217640079846908,-0.255826973361196,-0.25050611440274,1.30240785696144,0.806327735636192,-0.605138390450415,-1.42302209291531,-1.14324381776152,-0.854202643118356,0.0812891082121171,0.139836582713786,0.950991114512625,0.128271057357474,0.76867967563413,0.379682696833608,-0.154102425879067,-0.27843856924808,0.12725679493179,-0.202659420247977,0.0768886084821188,0.18449347144307,-0.368197488422105,0.783600328960085,-1.05634687912134,-0.665878136637413,-1.35160796627541,-0.592203880438101,-1.21608713014411,-0.577855705363259,-0.174484078595268,-0.385598922694598,0.428854101933948,-0.696134352355606,0.929526726414012,1.12537823933575,1.49686714945737,1.81472309149964,0.704257742112194,1.00548416170962,0.775177046030198,-0.929397039118755,-0.0788115193270467,0.698331674933444,-0.405095935465691,0.410288709514753,0.431528425253986,-0.436786699925876,-0.175750932029244,-0.691872568626593,-0.653289623729262,-0.0836841841296616,0.878327409369665,-0.201600029197497,0.0287377101532049,-0.676467640189665,-0.137645806221447,-0.238202525419373,-0.588522491473981,-0.755833647678037,-1.1939379976245,0.614131541419921,0.229441240137081,-0.459545239013275,-0.167385489876987,0.469943965627269,-0.39586236772897,-0.463904229106982,-0.0634062698235809,-0.422432137486318,-0.174457549062933,-1.31837968385293,-0.556277035270632,-0.0427746572336839,0.247211563268458,-0.163821156047701,-1.70952285313193,-0.0498136819503964,-1.42206633775768,-0.0983000365242813,-0.0304511436663778,-0.512828839709777,-1.46651394991161,-2.02682963354733,0.317486500710714,0.843459286051993,-1.1031788666114,-0.848934173979461,0.685668528095179,-0.0261963021544279,-0.65458673515309,0.521058759521533,-0.243981184213496,-1.34513426692858,-0.743102796413939,-0.947262017929787,-0.877718061753894,-1.85109042126732,-1.54736544913376,0.162158496222415,-1.38838577993291,-1.09461817123391,-0.858010068071796,-1.54369843932392,-1.08576477450456,-1.27218212798755,-0.200700832535401,-0.0942244376377857,-1.33341805757056,-0.756864221925054,-0.605877522474765,-1.20145767071234,-1.85506698473105,0.0103692840995037,-0.236541787672547,-1.09888468275119,-1.18034048790027,-0.813740202380269,0.623371127238608,-1.03805828592627,-1.42764764534779,-1.02656779418758,-1.01689014151002,-1.44205158723395,-0.815587870605938,-1.18481819118995,-0.236788145062503,-0.0367298562090489,-1.53185375921747,0.423149848612241,-1.10968538366872,-0.304827912823823,0.687671285897335,-1.0265735599797,-0.685077362036655,-0.295080885852475,-0.770109650332192,0.702316269318969,0.739599564354225,0.244178878492981,0.928198099819146,0.169795443789036,-0.211745249263458,0.0745057454082484,-0.770569242709829,-0.461962212977635,-0.37584709462085,0.265267159706272,-0.619794841450846,-0.343280108923309,-0.196554448128951,-0.639250425871398,-0.155229644865752,-0.524590529202593,-0.677146070202823,0.381247364571043,1.49256810552145,1.38109217813822,0.624446842334103,1.70552638475353,1.38410004703598,0.807959024930056,0.139298200932544,-0.158572257495838,-0.417206854576615,-1.30379619869137,-0.88613685120678,-0.30377600800452,-0.0128383722969603,-0.744790264308521,-0.00323483083022342,-0.0303364447247787,-0.159505736701053,-0.132269650848591,0.342979409331565,-0.499562320925185,-1.16270399168751,1.25186853206401,-0.79446275755834,-1.16796391484451,0.635356057656481,-1.28148163478268,-0.530705641513436,-1.25540882578344,-0.134402488012844,-1.13882894132564,-0.705304512687685,-0.357790827315956,-1.49922929768532,-2.29848831424679,-1.30352208118671,-1.88901315256817,-0.767251933752067,-0.116160588763491
-0.538607647436144,-0.448873040457183,1.00204231623946,-0.503093758121907,1.29395856018933,-1.17331137468321,-1.05456450733863,0.0726508147319738,0.703200103901148,0.911779522272129,0.281741736424089,0.634586359297866,0.458178240705325,2.78660320067781,2.32077486916145,2.45490392792877,0.843512813430394,0.165043293497772,-0.244156258413439,0.134485799105192,0.352378783220825,0.65765870069948,-0.257006532301662,-0.223923975840561,0.0411351827565959,0.644430716542952,-0.110396145144408,0.462489074734657,1.0827527626436,-0.363101639342491,-0.53741860531796,0.140332068541243,-0.462356334198119,0.392445775482428,-0.570908984363019,1.38507370797573,0.0219516003182157,-0.0214212814239054,0.999184955908229,1.4302152271275,1.31389237041238,1.20841371311478,0.934032462369736,1.11126795571511,0.956705949527041,1.17202626055833,1.76388718514871,0.633490947854306,0.911892850367971,-0.0679486807278196,2.13287967529161,-0.503432949870378,0.0791639190828117,2.39294420088434,0.20086023781644,0.161682790252146,0.452246311422201,-0.295910372196869,2.12372140315465,0.465602057261005,0.321553663706824,0.810730774717173,1.29104888617265,1.77935069736963,1.0958340886069,1.34446934060649,1.98150258622371,-0.0032031014125022,0.586550099731328,1.32439531859094,1.54632245961629,0.905568601729633,1.05627834681031,-0.308837055688492,1.44310192026007,1.09734745069902,0.493480122037694,0.758377567144597,-1.07122293644269,-0.159487771361531,1.97817069444095,1.03744337475166,0.17856224338225,0.118935508931946,1.02920474529048,-0.423843638092103,-0.800516106522723,-0.065865500616283,0.59125373650094,0.701019831450727,1.05614929260664,0.722088061178426,1.35691362719241,1.03116222843583,1.18896636347341,0.0980997610696757,0.82347336561345,0.347754491684385,-0.901681128164515,-1.57754512444547,1.29695487591298,1.34354727363314,1.87404196988409,0.015061718949682,0.41157903954227,1.11975472455777,1.17470272517105,0.431063430249362,0.906054748254147,0.30743988786728,-0.0854152959837222,0.577819062188237,-0.428236181507347,-0.114061501297391,0.62638703328516,0.136101703840002,0.200056126656225,0.185242081020408,-0.0138824884473579,-0.239823199756475,0.67293529577546,0.161029701063706,-0.458384742658051,-0.0391772695482194,-0.285433996418449,-0.238410638162314,-1.10070329026052,1.03970825353913,1.07025672322764,-0.456220176450738,-0.683533730780386,1.34871950908133,1.12997926318239,0.139211948858435,0.303307690361493,0.144206111050988,0.421987992898719,-0.884208721398289,0.953387263690504,0.342083545816464,-0.751320194311789,0.326046680656709,0.472985526976579,0.555115928726643,0.653860720795656,0.458974334833365,-1.02995267707548,1.44340712430268,-0.721852811592759,-0.0949054714915688,0.741718907357472,1.25516216792876,-0.316671833353036,-1.00188122451606,0.0556068179134792,0.699233066829528,-0.232996569976828,0.266242288829759,1.22607363663875,1.21334289593177,0.0131954157441271,0.788122889180015,0.455733057390928,-0.786295824773816,-0.900533279907748,0.789442567988363,-0.047124905095991,-0.810065882723775,-0.411098631365333,0.761052554445431,-0.865089794682482,-0.973168023539702,-0.794240464047553,0.123218905315946,0.309398874884867,0.328029959866105,-1.01441002784745,0.323440212214097,-1.02750285250171,0.0552444171907138,0.920369315584996,0.302035252670538,-1.5191797892271,-1.01897380813438,-0.897940746535821,0.0627534253672237,0.354063468118768,-0.106408055323076,-0.607903051805229,0.0814287878088875,-1.21770193978922,-0.527976479009816,-0.544759299118336,-0.752875678492494,-0.45459268219562,-0.924846464245228,-0.601569889093846,0.00796680616643977,-0.82526516030626,-0.0307497586726766,-0.579819441813271,0.758481671505356,1.46614500172413,-0.217609495699323,0.968335449734174,0.00229613364878315,-0.814627456868868,0.232041734304245,0.126691539911851,-0.0865005977634786,0.615866520457115,1.33263919829064,2.07318105804717,-1.00651313287926,0.417244001206639,2.27923354880582,2.00942296266005,-0.444519696067925,-0.0234846601983116,-1.10897364557241,0.829639158943831,-0.702745983505278,-1.11588187907676,-0.323956697384171,0.050338378672662,-0.712651481520903,0.131494036435273,0.437082058131023,0.870067260825233,0.709575263032404,1.41571230092807,0.927677219415938,0.0895724163761094,0.314253458669665,0.150671467907215,-0.0351389263685719,1.27358622262781,0.357081999819585,-0.220677924784974,-0.0336056549628871,-0.111508365515278,-0.448481491942692,0.515820110149467,-0.152029193008962,-0.436818295054314,-0.633491909113712,1.68374408192531,-0.240900202073076,1.55206973170952,0.784955204816218,-0.252995848273403,-0.302555110845767,-1.43514508012946,-1.3961659213912,0.0352400718125182,-0.707034302355295,-0.0293491960298799,-0.461292112225932,-0.97221319710141,-0.868658231409258,-0.278358343016328,-1.09127259660991,-1.0710406676904,1.87619598264326
-0.00810259976265781,-0.0756591462164593,0.291548938414355,0.758742875848434,0.0306913670366446,0.771930750743663,0.623839003950811,-0.213391109744163,0.63372055806472,-0.4723008622879,0.237637378204393,0.0949502875935225,0.692130247632863,0.0799822543919974,0.928165262312681,1.47840677089107,0.452343424156129,1.34759807791008,0.766648933619173,0.0544022242490217,0.290321018104084,0.597904402580865,0.605445503950929,-0.453780273277316,-0.105833266827912,0.184400439361328,0.243209391830514,0.450335163331607,0.48281690803867,-0.565430231690192,0.760549067816645,0.438645963109364,-0.482739453375349,0.983385987036515,0.986017995860653,0.335271591727715,0.0710789470938389,0.40319023246568,0.308564090445457,0.984645681135036,0.262991322362625,0.25826828624118,0.900093685808228,0.222605036091145,0.678603083964585,0.427814909737427,1.06845456562608,0.844754103455201,0.157282127498995,0.770566084559791,0.449596911006185,1.86847103600162,0.0597749537095711,1.1233702552957,2.13548071704574,1.9523739773333,2.29607499642338,1.95321356044985,1.27354328895568,1.64079831000664,1.16688317401651,1.83673454948896,1.54295980769485,1.36720052418899,1.54700799066378,1.37729584743572,1.38640712536864,0.373204192691449,0.430285277188479,1.1452826298587,1.54358158144008,0.680459509739565,0.713683912921077,-0.0589975233508512,0.610442419983982,0.0520235470389433,1.50037948066554,-0.448397343930184,-0.9288008990767,0.469077735230769,-0.140376023065794,-0.510753696214875,1.06863668927691,0.374257831412577,-0.908909684399572,-0.632820660736916,0.0713986085008387,-0.720298078913004,-0.723961733394637,0.969081109867962,1.65030402036536,-0.183297471858007,0.336562890646223,0.179486491306005,1.08744434597696,0.187076809632455,-0.759240403472986,-0.538634563469205,-0.833102445236726,-1.42734140743235,-0.424557218650155,-0.387888758557613,0.138829916016138,-0.17883823408189,0.748866149535323,0.10019501649762,0.998970191370851,-0.199727096736183,0.40528886745788,0.071531261372466,0.496198831400601,0.897105350697456,1.38031790498228,-0.263556928348713,0.990115560426828,1.33862885943337,0.640641697645871,0.562611775555996,0.986903643311458,1.00119929049448,0.112175527888706,0.934740054379977,-0.109586336807547,1.42065409083834,1.46639421203392,1.06568874456599,-0.361434427088316,-0.536726850521701,-1.11451536052546,-0.273183774695028,-1.16711633089677,-0.3011627189234,0.0347843165837421,-0.0959628165020337,-0.458946914927362,0.338375994616356,0.434620384935658,-0.355123822432885,0.148462265859929,0.0417408629249159,-0.199869361841393,0.393800025378361,1.15965080689643,0.848038402241981,0.358232070324377,0.0123807960205338,-0.0125179316034999,0.432178113751242,-0.644224778313215,0.873926776109503,0.195812682062221,0.16656060522371,-0.193087961432597,-0.336017634610341,-0.306022694128985,0.438467269323005,-0.140332267325824,0.284090326994545,0.308373117769877,1.34571706833349,0.272665462960773,0.406051817997673,-0.698784014423705,-0.163633609375301,-0.224729471292886,0.0331370673535211,-0.613938332764944,-0.708368564942173,-0.312101157278661,-0.0510760824754509,-0.856421222158669,-0.525917840438513,-0.580683129672113,0.236241033028568,0.174761268327032,0.139983213348364,-0.229765008918288,0.882437921761283,-0.307798920662311,-0.0660210279715812,0.313712025829234,0.94109402281143,-0.610973730328597,0.0489222519168355,-0.4001630544746,0.0780291810856815,0.316513911898554,1.14766996099215,0.824970732028794,0.121784510391139,-0.799825014837235,0.0707439020308806,0.014121612369574,-0.626184895758249,-0.200390959296732,-1.07826716811696,0.151748313809658,1.11581798126344,-0.561689242192231,1.01978507093604,-0.441850393735573,0.638942801678499,1.16162115271383,-0.0931984087749924,1.16027882314716,0.691628812199431,1.39064294933629,1.19218182716544,1.16395289080555,0.803162518827994,1.12762099097377,0.89098150026503,1.15861687735425,-0.363572904849481,1.19716732178917,1.73222203808597,1.60557635977528,0.161868384945026,0.0481080572394832,-0.0413672843603481,-0.26221154868207,1.84428747475942,0.804907543195517,1.70075768986085,1.65439517050254,1.0547377581309,0.213717006481198,0.247463911798609,1.2485696572046,0.22858579547968,1.58281011163082,2.1523449204217,-0.0923918346271888,-0.11058193421885,0.00985799297985761,0.580151493039055,1.24100539956939,0.768908639433421,0.682309905371698,0.226399620899332,0.478752767886532,0.610324974075667,-0.503584541888069,0.728806801632434,0.591364832986736,0.151242092930234,-0.523295717635971,-0.818035854237966,-0.47560405973294,-1.33908868081675,-0.124620416061508,0.107840838368617,0.582703067877583,0.758922101506949,-0.0756010604686978,-1.40060310400606,0.239422430443701,-1.02039199303979,-0.844020634594709,-0.812762323774277,-0.431512694359948,-0.0413011914827098,-0.898896094456857,0.506329629674845
0.8423493857417,1.43428364923691,0.18241177402182,0.153134333575794,1.22992728389462,1.02367182626283,0.381439600040411,0.863585361924734,0.539520072663348,0.70697235117492,0.3571936787083,1.95588292612048,0.552057802451614,2.14109606472551,0.451104425549945,0.447591147428534,-0.424893824008481,-0.865590307766664,-1.12362584125291,-0.425422261564062,-1.10260514968776,-0.554254818860062,-1.04481204379776,-0.536265243025227,-1.38254957578577,-1.57210358329618,-1.05746725585606,-0.255405589607952,-0.137982124566495,-1.42035241098903,-1.50559671612432,-0.706296091994479,-0.486420490001368,-0.624360029941172,-1.20341827743698,-0.823406734908706,-0.988278170611806,-0.97902787401766,0.292926065302405,-0.0523793659109119,-1.30132788926364,-1.00839942574766,-0.610578218421294,-1.10250085857056,-0.399251539141788,-0.178635325052377,0.828291385922751,-0.509478115690099,-1.24578712272979,-0.679093615987299,0.66669297905654,-0.653537058360553,-1.13771044831207,0.33150110688594,0.127265604557207,0.0976168475074439,1.58293994423909,0.152446863104593,1.09313441973422,0.143348247565791,-0.824144860811898,0.0744592038941694,0.430858190249932,-0.355555930480084,1.15150145902836,1.50617713740505,-0.786146108881621,-0.727296197242793,-0.555031075313564,0.552259256688239,0.194891568175025,-0.741891372386995,0.014941624705395,-0.530249794415838,-0.176163734198328,1.62600478870987,-0.507084194009437,0.342558179677897,-1.95352759097451,-0.497734794491873,0.16146658217362,0.831095277624539,0.246800623596055,-0.345407580817865,1.77969221718142,-0.96593957692065,-0.0693591941227063,-1.53703761640327,-2.02062893186975,-0.0580438606789569,0.330677467642362,-1.41448729196641,-0.342145987703753,1.08061437399311,-0.237141678873664,-1.21145162502659,-1.82551058414388,-2.03975774198477,-2.20085004337087,-2.15770514248418,-1.13160867792166,-0.0158461015036132,-0.380758093846546,-0.579570079313582,0.794255099082729,0.979594059943744,1.03583377385947,0.15276298331878,1.34291382287295,1.69850126983135,0.0516742726252962,0.985469392199647,1.39129488328448,-0.829248760456504,2.7690542233108,0.114424890145025,0.0801784584406148,0.0863620744626242,-0.117675782032245,0.00923483884433132,-0.398493399335635,2.01538166288668,-0.105234137413849,-0.886816452373523,0.242552556607626,-0.582695972378665,-0.784326748220693,-0.0608753754506187,0.532606762642386,-1.88729543050929,0.105319071921784,1.16198048466122,0.79733816821283,0.349555434528327,0.0544347202277327,0.834380730503812,1.4691130677222,-1.18147203363745,1.12898229372684,0.172339254988918,0.40948263958824,1.32265748470283,-0.865817615360404,-0.997235330432838,-0.695213366548254,-1.10083541454849,-0.573716277504524,-0.851548158201719,-1.22631421759941,-0.595316795922296,-1.21031584890465,-1.65485964582004,-0.809694881433406,-0.298997775920109,-0.938837996652719,-1.30094120375149,-0.05505947917529,-0.308353117993208,-0.46539686792987,-1.16514752116703,-0.524636286198174,-0.163662603615979,-2.12049284872519,-1.45010764330621,-0.450780649451262,0.483326691712234,-1.3373193814424,-0.794631903431367,-0.590501239420914,-0.96218819847473,-1.41797163331093,-0.929884559004671,-0.713983592336778,-1.13621729714593,-0.399491532254931,0.0676401875135488,-0.0497616839641406,0.15081869600675,0.663632340620275,0.937912111029463,0.987890919420451,1.57848355518869,0.4725906252657,-0.365368930263217,-0.667273287067266,-0.0988335208770916,0.436027319137248,0.311279482773817,0.395196506896162,0.555044460919793,-0.970592629397025,-0.0539961716946786,-1.30814751010056,-0.832275621186906,-0.53455476871899,-1.24609879219939,-0.368860958004495,0.743726035983839,-0.419976410369394,0.448992678004802,-0.44237156211944,-0.0967323111272251,1.28148956898665,-0.452849346096235,0.134239250278167,1.56780425012823,-0.320175489961809,0.707418551921911,0.312087251309895,0.605206641511654,0.470092931967329,2.18713245200473,0.0526560183935058,-0.543597824309801,0.950429990167907,0.882382039367679,1.97431493075167,-0.10274603536324,1.03959694086894,-1.07283024382575,0.745357296327155,0.565658536908318,2.83940808927451,1.5903458558126,1.61033329803984,0.914251262189815,-0.00625065154744432,3.03801676888818,-1.30230455469859,0.483192782329912,1.09340310269214,1.15266555244135,2.41306704673046,1.98684017137806,-1.21275180389071,0.636809233525538,0.943934128179667,-0.145769328240635,0.0818753960557398,-0.325371724646574,-0.22376994307394,0.0661266956447489,-0.29589428656879,-0.349965736667875,-0.631918284094442,0.489078393308473,0.0394375750050557,1.01354920169802,-0.45709783767724,0.647428161880828,-0.693757140601338,-0.00756557093352329,0.0130566773018066,-0.624952756168476,-0.721585567302709,-1.16181105788368,-1.09546024047407,-2.11377696046702,-0.976238676826801,-0.712566544090362,-1.56369255162912,-0.489835068027879,-1.2763487681384,-0.506136084531706
0.261890000637887,-0.538782421498295,-0.336728791107823,-0.220920569903922,0.0242716864600166,-0.886749257889305,-0.826106513413141,-1.39640626206706,-0.0998740497510763,0.236972410334682,-0.309811139264504,0.893296882096146,1.76928205806617,0.690873924269842,0.883378736935684,0.215485662065966,0.0581281813789159,0.191925368585556,0.563399023675409,1.49038023590831,0.212821688638052,0.848301200253467,0.57871018069217,1.10913392955925,-0.171068581672016,1.02156382029706,-0.0430795564583831,0.114801297831133,1.15256338500458,-0.159331802751149,-0.0246343262515903,0.235145176283296,0.929200860855932,0.556546024948793,0.335283596249671,0.187151326334598,-0.107121469553463,0.669532389455617,0.456170256273487,0.409474227567193,0.726118868416277,1.58617586263223,0.904526041194508,1.5147037512813,1.94709732737649,1.39358183023116,1.09780794257023,1.34915749219994,-0.5165499201663,-0.0276001406242893,0.448905531336376,-0.36521655260028,0.0621528275801859,0.885058570551848,0.592743685461377,0.312257822786284,1.23597433211558,0.49043696776902,1.54058032754922,0.978740424332306,0.567892817002447,1.75874712540274,1.38430001719007,1.2356373665463,1.83643298047779,1.78948417476466,1.30002055479318,2.13764851808228,1.79793889355965,1.62349575785119,1.40091259129257,1.52683905710778,0.553439891676675,-0.179669936792234,-0.102367171078215,0.22687975174404,1.38238311786362,-0.782551370666504,0.228070462925626,-0.137199571383304,0.797343354800613,0.443503953284018,-0.859389384687678,-0.80991812027407,0.688899859706395,-0.429154030687902,-0.311924161496654,-1.41548835014004,-1.66028721840768,1.88928432422973,1.49595462585952,-1.73311634574578,0.0107678728446372,0.143016835829096,2.03988137416046,-1.1818266664329,0.400987618557409,0.191574375856307,0.256422190252893,-0.815260535612892,-1.56236818878531,-1.3715750746142,-0.35330313031145,-0.129616496646541,0.281094643108749,0.465443938044718,1.1869374074529,0.340602730417417,0.993739760622103,0.627045277205248,0.308599772885756,1.46468894612284,-0.05426682372784,-1.00842019909303,1.0982527244362,-1.34074583176161,-0.1881868838842,0.0102687478393561,0.128490027096511,-0.414617762148954,0.427763903822982,0.521107084804436,-0.0374112847254175,-0.0651918305523289,0.130767153991502,-0.735925326091535,-0.624848627007707,0.481938157676875,0.772683670911715,0.098569419086146,0.955039881699644,0.786474783583902,-1.419184583589,0.0231600492517846,-0.911135259065791,1.12152542010179,0.980047269898367,-0.0465713624373561,1.490828243289,0.017238052576165,-0.733400686843124,1.11461566079039,0.828560680465638,-0.0294511240769098,0.236268570125314,0.37328532923542,-0.0446669296071953,0.640705791546596,-0.193411054239103,-0.27557314672956,0.594769182772524,0.615095171154614,-0.0929144895338043,0.387542057466703,-0.666268342905454,-0.314778901986956,0.324612926235041,0.718856667142239,-0.146620599119481,1.11562378806876,0.0194267356556137,0.276694721922124,-1.14350824094939,-0.168911650398543,0.104106278669042,-0.443159713097585,-0.38201284396709,-0.576781086759925,0.196846811609834,-0.0653463293667491,-0.0921734438206581,0.424137516990333,-0.340830524222939,0.646699110701751,0.0379700492909715,-0.107127132104066,0.351707003756592,0.453027264297384,-0.193404599069872,0.663345696398151,-0.2516104388986,0.851881454333076,-0.913325573681974,-0.786395451174281,-0.681982889627566,0.693904341600113,0.291999946251788,0.642159118827462,-0.558077669077647,1.21539363169015,0.00992701108966781,0.518362900263802,0.419884272920948,-0.474119844339538,0.475831857017199,0.151789756037047,-0.401459662686571,0.282135892791008,-0.253072209909932,0.320947205249577,-0.801883884526905,0.647198577434785,1.05342134655841,0.439224333315942,1.73841910914348,0.597308654843672,1.11604547879614,0.247504397897778,0.634111165629521,0.972308330448225,1.21945449946623,1.13380997615446,1.15602940966205,-0.796283153367911,0.323035407955679,1.75404555610716,1.13779389876986,-0.074533645489938,-1.00771427298876,-0.493712206781761,-0.0261046094357668,-0.215345115201308,-0.54524166864004,0.282795322843534,0.376846379656646,-0.522211171540218,0.203528858856119,-0.818592046987816,0.667731897156679,0.304079732895472,0.841864278547826,1.17925689489421,-0.254518772274124,0.176426246265602,1.03731515401328,1.67348225016136,2.90809882841309,1.87668185111106,0.995779329736311,1.20415612471607,0.322152429728112,0.272274353027192,-0.590995445085553,-0.394513465796427,-0.829590297738518,-1.71714542290476,1.20400554841468,-0.316213655194507,0.0338637422722496,-0.289691831084707,-0.129793258308959,0.128950534798734,-0.383249269556386,-1.34012329560333,0.996256358586719,-0.987395219862482,0.176992374988069,-1.30597077633259,-0.233523934540614,-0.692308077417602,-0.603386972643952,0.00256751186730377,-0.0707086854753965,-0.455134220827761
0.520714311658016,-0.18445323635105,0.997384736579224,-0.746128609399048,1.12549111661384,-0.641467136821969,-0.409847504364203,-0.990590643731656,-0.734688467302792,0.817909817225601,-0.61966598372018,0.705581629665966,0.81239107931373,-0.152507221728153,0.0693118380504246,0.720694246274757,0.78778569357158,0.584801522022528,0.496167027523539,1.73691051948855,-0.541823839314455,0.771175943620205,0.0855632581151617,1.14105036664889,-0.0670094918695302,1.43378377850015,-0.258782629712602,0.674154157514994,1.7314870126985,0.0449057595595014,0.797385608068129,-0.0581904305146796,0.315236741059666,0.544627218630752,0.937958817919922,0.538995842697833,0.580187702747008,-0.1180325848165,0.787015264429058,0.777266740420615,1.88429082799736,2.03929659865561,1.60265617684045,2.29436422456441,2.81673281611962,2.66817390262686,1.24548580504253,0.81045215841005,-0.173872094397169,0.842173551484674,1.22641285685852,0.242125728316047,0.0765646873845277,0.831810434884542,1.23021127971486,0.320045793820235,0.557186291647027,0.899082059028634,1.05417180976919,-0.102505267675634,1.25330886377914,1.6074319822102,1.99613687525038,1.36811004243406,2.24500278616403,2.08177839579761,1.13010366067914,1.52789122138123,1.77190686781502,1.94974213000742,2.11377733801501,2.33654901063972,0.673728860689,-0.553538209948018,-0.740831076167863,-0.395527549985928,0.6302144868978,0.598260847119694,0.349694953656959,0.668386207627033,0.996360928457575,0.377008231388372,0.087516454794102,-0.559116966606135,-0.132841088828303,-0.372301493990302,-0.779016098214428,-1.25531400235154,-1.08364281920348,-0.182860054572182,-0.419825965889437,-1.40047381361216,0.579297520571092,0.169960607807705,1.7314832154013,-1.24911651455378,1.16858971681779,0.869616377731142,1.10728186417303,0.530567577259263,-0.319351472830086,0.128137942768894,0.756171823464859,0.268637497220439,0.728524644704801,1.00706231466051,0.820170372141437,-1.0216515072919,0.443357036016041,-0.169890743028145,-0.128486666117079,2.00420613295165,1.90164089494699,-0.38335018142525,1.12168540159759,-0.308623877752382,-0.172735152279288,1.3768955309689,0.00258263593648112,1.80483509079526,0.773501131702326,1.59170786001894,-1.2759302959512,0.490310340649652,0.473747074862034,0.0276827946616924,-1.28221289071371,0.587295061377869,0.484595099252797,0.462564271997814,0.937725917094246,0.257418173066085,-1.00103421702681,-0.657184769296067,-0.81245722708028,1.68560046758853,1.22140888508472,-0.21947939779288,0.729584953365252,0.279866612122316,-0.297147956977534,0.871348098799835,1.11074325850551,0.853307094922399,1.8874590624394,1.77944515994508,0.194034304647579,1.62835048220291,0.403098913748449,0.714381244946817,1.17511183238388,1.43794912068558,-1.40112216446339,0.265248220441022,-0.0917936686754474,-0.0823055973829728,1.1249647023404,1.77635688105381,0.440494897066093,0.860756197825743,0.482560375537456,0.779155730981253,-0.0403993508586439,0.123213001824518,0.369433472132703,-0.607093610958696,0.62500363771702,0.196938102186661,0.752908187401693,1.34532361081725,0.519102243713501,1.13798995640786,0.371341184297232,0.205253396822557,1.08468021765108,0.064339564632254,-0.500006730242957,-1.2178103372789,0.283756530058529,1.44125744503956,1.05425958904763,2.03327206991554,-0.0335575159457787,-1.28192954336546,-1.33989243074584,1.37002349341223,-0.547496728684567,1.03200080568314,-1.43375308400478,-0.214659500428377,-0.384589630959855,-0.444470860603319,1.36972370224491,-0.447509786566606,-0.227404600500317,1.69177137731241,-0.72584479042139,-0.654149845001645,-0.209622494898353,-0.737711612699244,0.989781013747368,0.459572360743075,1.79444308501404,-0.0121471857063439,1.51170885474939,0.428810018294255,0.456824132366841,-1.14787098355803,-0.830524319494485,-0.530657763173511,-0.867884034134641,1.65464945199582,0.491655894184801,0.595168315513614,1.63970978497219,1.05504082484215,1.03690415278843,-0.319655335165585,0.301058313956636,0.277886434332972,-0.80639972474797,1.51258566134033,-0.00173326710322441,1.29083186226544,1.39080058251864,1.32250838922101,-1.18164614799305,-0.743537782628209,1.20238444297519,-1.15987979413036,1.01284632664185,0.159112329108068,0.0588473972762095,-0.605179757210456,0.568471622666838,1.55829682117233,2.39354364469529,1.61665380127305,1.1855682810738,1.08624946059316,-1.70571224888779,-0.350308661354346,0.55519132885807,-1.05021801319695,-0.868892177356645,-1.03014698839212,0.240053988928603,-0.687821821660272,1.01840016756444,1.40594522842678,-0.29367730700996,0.647139392641761,-0.841759525675667,-1.0632398418227,0.117568896030496,-0.212721702942491,1.32419199726912,-0.941731941590051,-0.205085137549584,-0.347927350264398,0.272210103901006,0.768761901835324,-0.962821786874665,0.0936129469036642
1.39575851056082,0.676998527580477,0.595974633961701,-1.00577130567905,0.996869832185722,-0.985256575998853,-0.743470497705077,-1.00093218131443,0.128881015486311,-0.786897669876057,-0.496225292176141,0.391663662740612,-0.72528455131076,-1.15399810691338,-1.67501836159621,-0.757455552257034,-0.778075447966636,0.0656692143361782,1.00924908783519,1.07761845235243,-0.265282737654481,1.1171430891164,-0.347306092419492,1.33928037925448,-0.326238860139643,0.752418939624164,0.234289030150777,-0.526532321784384,1.00015996189089,-0.282958857791614,0.92904143273939,0.680171551858241,0.860446998622506,-1.04432634578618,-0.757555857334808,0.0220228515766527,0.0999596333409657,-0.323449837140782,-0.366328259546635,-1.00504532344144,0.697860492203352,0.225416596868538,0.000822472496762045,0.8477123684674,0.451512284749301,1.64609966539181,-0.179251059023375,-0.689418306218828,-0.409158711566121,-0.749751108316918,-1.07901309566848,-0.955044058755699,0.326929601632232,-0.402164733113485,0.0519937562582561,-0.84535747324481,-0.420478269241507,-1.20939929812662,0.00649978201390758,-1.03215498030035,0.547380191939645,-0.114104840798449,0.62138261174299,-0.471006504780412,0.585202675954336,0.7449997188208,-0.46985284508939,-1.73510823689779,-0.15786762276014,0.28507841686347,0.549870790538948,0.838913177972862,-0.197378675864637,-1.17621631323283,-1.56195340756329,0.0969536234115729,-0.581291434791948,0.0213488337406669,-0.202529337710449,-0.0567918296682885,1.12397078260569,1.14233256006408,-1.14293010290304,-0.891794047391329,0.803228788226205,1.24510700797017,0.503508174614512,-1.32103919527052,-0.690854478923068,-2.68225185203505,-2.14351557264993,-1.19157024683564,-0.179502296828722,-0.378828592139485,-0.366638024467205,0.209867608969655,0.260118476437509,-0.0136502234010416,-0.207745346598641,0.134190398894179,-0.994285556295866,-0.150127042740722,-0.642789080416038,-0.289863492996388,0.0329342206873258,1.130408300062,-0.620076754193148,-0.926766452799857,-0.119896996913327,0.632844491455365,-0.930942554295337,-0.22073353283299,0.628853541155953,-1.31183146907946,0.241287729934198,0.407285379021025,-1.63236511165299,0.183620828214593,1.07456238005074,0.537501026536659,0.176712758309887,1.83460535646074,-1.00587961705689,-0.503749256640453,-0.177726900937541,-0.840308319009848,-0.469548616422596,0.496522890323355,1.20145513272504,0.943372686504041,-0.411030419915522,-0.33062147238635,-0.872029301292968,-0.0775513811129732,1.28246210581957,0.929485875127983,-0.2698954642234,-0.802162853597295,0.248911106682188,0.530370161821632,0.40021240826068,1.67469845514262,0.3070160219873,-0.161844479958353,1.12746620400929,1.64268605626069,0.0299995028623858,0.869001172482672,0.523143851544971,0.450851849846852,0.927196631544175,0.804732975067688,1.06512281106474,1.02308842331033,0.777703607930388,0.451652875868938,0.733251176707158,0.953999924152712,0.932397550792738,-0.479936691567549,0.776210435570445,0.990779783661731,0.122239557951424,0.469246220886661,0.797147512911902,-0.602873742388437,0.632175793629555,1.40545197078713,0.213132345946951,0.92805630933121,-0.178054394022598,0.514718017199266,-0.0388762646867846,-1.67450490013991,0.466563262944024,-0.81035406313886,0.714252368874251,-1.67962302289216,1.54814465731423,1.44582939073215,0.904474204044501,0.804574521545675,1.43179965044164,-0.698005583005868,-0.570767368045487,0.0491983029967287,-1.44902170297193,-0.264970828871714,-1.43119940528077,0.870899352087402,0.620607824841247,0.952570712120777,0.549758938983774,0.671692727828522,0.82678814957985,0.661722836382179,-1.1542043978122,-1.06719240413557,1.03900667596822,-0.712999327309291,0.774876484310824,-0.924886039346816,0.249811139457289,1.01430396838394,0.40811473621224,0.296720460187201,-0.595631967925116,-1.8228946796829,-1.21542088919127,-1.56798083668972,-0.99583959397175,0.960692070061404,-0.971358777162947,-0.644589467241165,0.35784944168733,0.173344136075435,1.0796182192795,-0.84791570402391,-0.328374276120349,-1.99346066323853,-0.881416005218902,0.958731434528798,0.406749524049354,-0.893984490004264,0.0462907877717769,0.818702177576029,-1.02299980142024,1.02089441309284,-0.0554148925306836,-0.911618548222232,-0.224147526258403,-1.06462681720106,1.82099816413237,0.684631365716162,-0.744589962791931,-0.217846579142346,-0.331358487046792,-0.315677322756363,0.566742514444929,0.141825998365301,-1.81846825583835,-1.87188119907003,1.89396173358911,-0.415113295862688,-0.133058242499099,1.0638889237571,1.41794386601814,1.40325343114038,0.363243248819789,0.209972498127678,0.113312740486722,0.210500462062883,-0.716314938708208,-0.395524605915355,0.69443207785513,0.894104378861436,0.607661622771651,0.792249245761959,0.752929872335702,0.47605767508657,-0.133265158174621,0.818429556142352,-0.826533981755238,-0.431452384095184
1.63836275284023,-0.00433553588420465,-0.156860582169143,0.509258647092638,0.415923554413257,-0.995829906314023,-0.600379177928869,0.410879742324273,0.37089203877267,0.711202770036874,0.628471525834299,-1.75611931391542,-2.07166993470457,0.10729125924733,-1.40271455548747,-1.24761645269812,-1.8319079653545,-1.1416265839146,-0.236497545764203,-0.48480624620188,-1.27473909840511,1.25824492745044,-1.6297682373374,-0.465574772442118,-1.85655723372883,-0.587042850813096,-1.19857103845277,-1.49072517645198,-0.820862697256988,-1.38255071942574,-0.369454760389537,-0.835339921688843,-0.592129058565606,-1.77827324043513,-1.62472889053136,-1.46024908411743,-0.405475729758252,-1.75105976199497,-1.97499438762373,-2.16839918470634,-0.40447494596572,-0.188948154786519,0.0808838901714758,0.0210265747001248,0.230688864262091,0.599364987179182,-1.04379539742506,-0.40479961109114,-1.86813935758904,-1.63239529675103,-0.234037588029076,-0.930543363617593,-1.19804989369185,-0.603253067092367,-1.06695769668818,-0.388979359617756,-2.14988178258498,-1.1691817194494,1.02788583329266,-0.52140045244499,0.0503397014586304,-1.34593147797211,-1.44554219552841,-0.687361523467796,-0.900904013470515,-0.674379399399547,-0.275526084430768,-1.80229033861367,-0.80335919900288,-0.178819675955532,-0.735034074176306,-0.260090831071993,-0.414851876557315,-1.24986340738146,-2.68590846154002,-0.421720388500234,-0.170087150573561,0.336176020631734,-0.832682713455488,-0.661909457100035,-0.842874248497198,-0.374060026890891,-0.832590586468089,-1.02535925477432,-0.490632166453327,-0.00652640490993521,-0.442573804040918,-1.59591023430571,-0.500212404366575,-1.84908287230715,-1.73188089602267,-1.42843166437062,-0.730935216939542,-1.29373052440734,-0.670176383215399,0.0325697882543637,-0.793020573822789,-1.34395607550493,-1.0397650585226,0.383992011903392,-1.59836842095765,-1.78589267977623,-1.78704376363125,-2.14551332187062,-1.2132879129253,-1.74501456050579,-1.94471544360674,-1.19364759183269,-1.4102033002316,-1.32763063777549,-0.17262809840439,-1.72149118223624,-2.16676253797991,-0.695972856705829,-2.60535609769237,-1.05619203122256,-1.61642993350708,-1.95176766283724,-1.3442153795681,-0.737939906300107,-1.20971265523129,-1.42572091972061,-2.43979577483993,-1.95437470294193,-1.03233777049875,-1.15028845518675,0.842289424820915,0.0138116604547843,-0.664522299058379,0.580021100647061,-1.29750745248606,-1.05571850020077,-0.19682516046105,0.949443743930666,1.51092439138802,-0.452798364825055,-2.09023527876786,-1.16278241503943,-1.16816175092052,2.15164792682825,1.40368772768647,1.77699885948865,-1.11938094000774,0.428740547967375,-0.623495432485106,0.703819385739813,1.09117907337095,-0.663985398687758,1.19242797767767,-0.120348581056049,0.727189743976531,-0.0853584888171877,1.85304013894948,0.54946847380888,-0.0259827092517447,0.462879503456159,0.829253245265807,1.59426399942896,0.137797087100239,-1.04011968428781,-0.0193500566162697,0.135727698529686,0.398985968072695,0.241174319855296,1.60036209479587,-1.33072980998644,0.323124767992586,0.949622812747974,0.731028097917637,0.54484746385302,1.53667474796908,0.504698884754823,1.09164095617035,-1.32464810962223,-1.23060207801251,-0.79976042003962,-0.255013846826362,-1.23212394614179,0.518473528846109,-0.231780826433282,0.339166317124528,0.193930281579175,1.14923466598398,0.308881101135983,0.88557487721625,-0.557207083887836,-0.373993421988827,-0.250248901843347,-0.373584468796632,-0.266917021791501,0.819645415102068,0.412275361279882,0.474838446525134,1.3895703015919,0.166007932775814,-0.0115259671818068,-0.430852659979362,-2.0276545432788,1.28962331923252,-2.308090780404,-0.24419752957064,-1.61642789434657,-0.87254996279616,-0.0795315898661094,-0.0518771889444109,-1.77354669558753,-1.26459695057888,-0.612062803899593,-0.350632274411074,-1.26761697547384,-0.595731990060039,0.0508853660603231,0.184259343702298,-0.930383511177801,0.0541710806967147,0.983163076749173,0.260968559998283,0.217382849026754,-2.0084715151412,-0.188222927684999,1.83114295238479,-0.060878917598182,1.28261695567142,0.945583695427845,-0.0544298793667997,0.542508336090329,0.329493381599448,-0.76512774047881,-1.00302496880958,-0.304920911401816,-1.74352215374224,-1.88508915320412,-1.24181311476746,0.280453567113972,-0.391306651622689,-1.57796374856097,-1.3611823401423,-1.5597599030404,-1.99584696373212,-0.807631656659816,-1.22106466905134,-1.35259154660053,1.24401718683313,0.695320347777726,0.625725128820627,-0.528861918641089,-0.266223169521516,-0.206991649622489,0.996189593160354,0.935033899390132,0.445421724256179,-0.472002624616143,0.336052447634907,0.306947104886679,-0.907372861657931,1.18910584578961,0.401766351099205,0.208967904997143,1.43495471108664,0.762571328434917,-0.63128849794026,0.177403764899614,-1.52676630515147,-1.50251044463041
1.56823363566311,1.34752273589503,0.165967451707665,-0.537999146368782,-0.256571724983589,-1.0388674644579,-0.678897616894899,-0.563319157596704,-0.790626760778424,-1.46395003457698,-0.3537591430303,-1.48886340995687,-0.748163299442291,-0.202956346676315,-1.66480018081544,-0.991011054090766,-1.71398461317354,0.0756561108146069,0.819413201733767,-1.29822169016414,-0.139167790791239,1.89511696641133,-0.135712556125492,-1.68059279237248,-1.42364582645442,-1.09613800266608,-0.733750122255851,-0.896751515443211,-2.10925075609144,-1.18502550986964,0.572386201187728,0.492357421342429,-1.65487373559017,-1.21784931430038,-0.243002567218695,-1.95229780403377,-1.15897303812667,-0.146299039029071,-1.99471523488432,-2.05982801850335,-1.50134880130758,-1.07415157159379,-0.435422214842866,-0.955920834236656,-1.15701749613664,-1.0824102386871,-1.6211416958454,-0.16663315065397,-0.507113691399673,-0.0623291377459431,-1.17952269293034,-0.536449055435161,0.309585679322673,-1.26180811599921,-0.152470310331013,-0.751466943424329,0.0423929919353909,-0.929605887180031,-0.921581277818852,-0.790241367039412,-0.196404647992963,-1.20072266996336,-1.47317600619802,-1.21499139235963,-1.4078548010703,-1.43482383190028,-1.25107856720636,-1.83673467035871,-1.32420500269301,-1.00778963178025,-1.26697387871267,-1.07475094819302,-0.660234945035101,-1.80416609937403,-0.511713910451021,0.419084182988244,0.100871028655152,0.258784264951195,-0.812828195791251,-2.18413808710735,-0.548116125347714,-0.576986286949615,-0.539983883525328,-1.07220441986774,-0.369167016537496,-1.13351269870659,-0.812728700541529,-1.02567141703696,-1.36395656283242,-0.287908244718025,-0.0400789081563207,-1.41419039232925,-1.55211825366331,-1.93084958355426,-1.6688409723815,-1.35001759587272,-0.340046101679487,0.186707366891172,0.0135748593654236,-1.15304505628311,-0.468516272526045,-0.0102582692555343,-0.592217335445654,0.543940523196607,-1.25820838658455,-1.71449243884671,-0.886413826912536,-0.914983564429292,-0.305474736902764,0.0567845767065318,-0.565600227519896,-1.7753869383827,0.0324436041721346,-1.46767284651714,-0.523079401855333,-0.210317475329766,-1.45104195147468,-1.32630909280201,-0.794245377171989,-1.0771335604353,0.287931600130473,0.077956483696673,-0.599658091242601,0.392070428233113,-1.23007745323452,0.124502054811342,0.623207322102297,-0.165756297455409,0.200424905932728,-0.883824838270175,-0.725361491655105,-0.932005642985036,-0.784866122911831,0.252736088733815,-0.000679382650892222,-1.14747346387058,-1.69303560716594,-0.233457937253602,-0.687504548049551,2.47860340407685,2.43260644187263,1.42653049141978,-0.786900758594622,-0.37648750869307,-2.1254316109804,-1.62244822540021,0.0610526676840945,-1.1239648362332,-0.0531950252148805,0.296376865039175,-1.0717877084233,-1.50970365671628,0.458845262976556,1.13456180590059,-1.03533354652162,-0.726197847202367,-1.43304002799072,0.11403195893634,-0.893156312009186,-1.29829964943071,-0.0555661888901935,-1.86352364133661,-1.14130235951222,0.048494140658942,1.45644626645296,-1.46558853982673,-1.78858617449677,1.21480946447053,-0.16335295087749,-1.14669737161961,0.875836938986408,1.26987652678736,0.892387443399647,-1.39386628345337,-1.19877468603832,-0.578939925021198,-1.12615475801256,-1.66845797310263,-0.174522859347603,-0.592784142638757,-0.497098526382741,-0.574832273357402,1.60995089313147,-0.209003200170325,0.168818123016494,-0.989978272895125,0.0262977048952276,0.608878720997524,-0.42794961299819,-1.15216842308181,-0.428842472303702,-0.842251069706805,-0.793847223788967,-0.0541732963728106,-0.801386599760159,-1.46258740932383,-1.46628991599522,-1.24066506964792,-0.179685438991124,-0.0501841273872791,-0.338898160930848,-1.76206988294653,-1.61598341362349,-1.25467101420788,-0.369019201449836,0.481144307641973,-0.600247023097499,-0.991585575931229,-0.858364181509019,-1.58146893716601,-1.26331209993532,-0.382729191824818,-1.34970219980659,-0.423492454891736,-0.109250976812915,-0.602802169146881,-0.00755558939520343,-0.766505778017968,0.112832691281471,-1.40068031167153,0.375387491516319,0.84459015466514,2.00935485479962,0.253962721511073,0.248000584480858,-0.0412511076320457,0.358124287234228,0.615067853145216,-0.278648140550652,0.055353285690595,0.0326881401068577,-0.169535371977712,0.864837733578222,0.919149263369974,-0.789520106433307,-1.77327517015851,-1.59569106666735,-0.969671434152192,-1.07278545576061,-0.865978439022232,-1.27178307060633,-1.6705401005588,0.900937756909075,-0.0154604756591518,-0.211972318580912,0.725548050637984,0.265780150330591,-0.344833610211555,-0.131874118714249,0.18551557418522,1.49055501331597,-0.472357841449817,-0.00617526785092997,-0.422080806924668,-0.863172768063049,0.282435181622844,-0.301176737763819,0.360899230847847,-0.0795755171869916,-0.284859296131765,-1.58707835052801,0.281889164271683,-0.572162046007861,-1.49746420492843
0.339754423061226,-0.593768251798134,0.920893290108149,0.120546165146872,0.456059772912284,-0.528830580704376,-0.354483748987203,1.15666102712618,0.813793293963301,0.64027813955688,1.01833464449622,-0.465969744971911,-1.27562500017915,0.113861263640597,-0.0138077569545281,-0.410623886082652,-1.06687411752582,-1.46723653322517,-0.930265308822328,-0.804212223312327,-0.609424916719709,0.0702317158869255,-1.12233276012007,0.37797750314021,-0.780407537395186,-0.566936638166654,-0.368859846510703,-1.43089451288034,-0.887385058680263,-0.50441342461872,-1.23878332710819,-0.519654510484208,-0.148507363261619,-1.59685625902863,-1.44761434905865,-0.794819701316732,-0.439088216882249,-1.35919762752728,-1.14568662731661,-0.864548892887117,-1.01454351981595,-0.708463253383289,-1.206634220358,-1.13597636820325,-0.967884592182131,-0.865217818816695,0.135205449734723,1.02283704869296,-0.655372342545623,-1.34843619051847,-0.504153417856242,-0.553380779023121,-1.01667516716892,0.125013288130882,-1.51413256748721,-0.383879764568823,-1.71310413793226,-0.697568640494531,0.628781991513036,-0.286175059249135,-1.12340162113575,-1.38646021603284,-0.745356722990975,-0.76318286421543,-0.376092815349997,-0.507605813126659,-0.181190632041294,-0.525216336463239,-0.558349920775893,-0.45763006415603,-0.932413869720989,-0.312228430576295,-0.77091898733046,0.0527170599028542,-0.815651169167178,0.495380389313854,0.531544398696697,0.783346515714329,1.65780066993884,-0.593460227477633,0.15648263409323,0.279596584384351,-0.119835333677258,0.154869515315743,0.230611268902356,0.571452508022398,-0.775295002738519,-0.123689624705339,0.327089733617034,-0.786668058362701,-0.769761179608525,-0.310543370730233,0.312028498020492,-0.721600723391848,-0.510849312293058,-0.281673271470615,0.20888512974137,-0.187091720852965,-0.624702890629456,0.119651529308021,0.0559830526638176,-0.96458005242472,-0.334770685535256,-0.242221159922099,-0.220298291233619,-1.08384490621769,-0.21737513968017,0.322150209857382,0.340422840474565,0.271613913661403,0.271063466056184,-0.824274919161455,-0.939475785332415,-0.0649896322397524,-0.9735828952647,-0.227860647882806,-0.17692308696679,-0.389901263963092,-0.762619704020175,-0.368364543829486,-0.0862015315118492,-0.129546310268768,-0.843399702880032,-1.08265406044934,-0.654262831638723,0.330687087968692,1.05840938441629,0.914365553694606,1.05620401579844,0.493657675430361,0.658908853159969,-0.739462788640652,-0.0504069909166579,0.114609615319057,0.709863172494943,-0.485773115421607,-1.21978626301531,-0.347269370353756,-0.441078340821582,0.31376037137977,0.037066097444799,-0.0888257853136115,-0.565771628847922,0.671610983296264,-1.87141790763528,-1.8038511385187,-0.509169398837245,-1.30482566665147,0.139548187653427,-0.186979372071648,-0.202004924694774,-0.490991517394981,-0.549330903692956,-0.395445797419962,0.575383793850689,0.497663660755794,-0.387198670305328,-1.24595806290175,0.348892358652813,0.0267325552651349,-0.0810368772893972,-0.0495748238332564,-0.744841848734869,-0.520152813132428,-0.268312897294917,0.814567862466019,-0.340886304669565,0.630187717158662,-0.662056203824345,-1.70969102056129,1.08287255305195,0.265708368134513,0.765996917855158,0.571960938334473,-0.911450982917999,-0.309376272452856,-0.355580346717331,-1.15819058400865,-0.584926824814149,0.201182122643967,0.514012771256256,0.227565971330091,0.157153503845861,0.946406011888114,0.685944106049789,0.286841175170221,-0.300623110312559,0.29952104357217,-0.092101273526945,0.383100607449278,-0.487614273687474,-0.479474350765968,-1.01561712844788,0.0466344876784626,-0.208980567678608,-0.404783147918672,-0.716542560994168,-1.16001853128785,0.0163739882015981,-0.67560420625846,-0.610677910841972,-0.690024383085241,-0.936514481722507,-0.24161927741003,0.105361377637049,-0.45385772293055,-1.22942240913222,-0.546643316581838,-0.0897084491252665,-0.805734581787481,-0.120132688459366,-0.364315809011427,0.308242413615086,-0.935853777666758,-0.662838203910394,0.573772889757361,0.370024056431746,-0.0371366889710583,-0.387754018890486,-0.866615976931317,1.26892861083184,-0.356045776456936,0.787972227730935,-0.0541515080221952,-0.542597177057683,-0.0175434854385466,0.681905736911315,-0.628646853709281,-1.59059351687505,0.28464527018995,-1.60656037289658,-1.60767538069207,-1.08508320870066,0.731992483953151,0.340513761095468,-0.391806697592917,-0.157041936882441,-0.10534945782246,-0.948800055580655,0.470734049989261,-0.231376862638942,-0.669439710280424,0.864564322460487,0.673631675586165,0.89326554654972,0.651536690891809,0.772319810588944,0.360831720009582,1.05426068954556,1.48812604083657,-0.207053511070067,0.387787670683222,-0.0646523106272106,0.768389689391522,0.302786256408872,-0.0670344624291377,-0.278853285464901,-0.413468362283099,-0.0672221542886263,0.51413371445505,-0.447432866948119,-0.55862128101403,-1.00510433550684,-0.557255393549802
-1.60932673336493,-0.362330612615805,0.574596930855958,-0.330558713417458,-1.03408584220635,-0.286365773006579,-0.312392572031069,-0.863101170578349,-0.140226784910544,-1.60946631149732,-0.793514584661681,-1.34154813358143,-0.0717363433162895,-0.650810621373076,-0.19636846387043,-0.00749197443405905,-0.179410290525099,0.378356988997734,0.32112514581262,-0.43764263298082,0.956970152646144,-0.519638697865017,0.828230554140738,0.473776941119546,0.447387147218896,-0.431884951606013,0.36672471985215,-0.280865800450806,-0.853104587577029,0.82595212754747,0.899856776408428,0.892627228051932,0.140326678307493,0.133866189827138,1.09742130083528,-0.354152676293607,0.505325371080459,0.890474583488939,-0.630606772548677,-0.136134116128298,-0.517231379881077,-0.774800837571989,0.134789250956898,-0.891530104820617,-0.728471244163476,-1.03797676650503,0.146892429760802,0.798789849687861,0.0885509544166593,0.906336865710641,-0.646320084609173,-0.364757515708209,0.706387876536176,0.349362934291323,0.686283865509238,-0.305210498001805,-0.179712305580004,-0.174836497863433,-0.101964273495779,-0.790371906814346,0.295172060579669,-0.800976035826468,-0.0203884144643904,-0.313438460488158,0.0319875457601031,0.265189729656859,-0.216703349325977,-0.416478307242866,0.213311160104113,-0.216492615794827,-0.213195805698822,-0.171931357320988,0.0136856544712627,-1.24128972913928,0.259082198512877,-0.175738452964158,0.736516895403015,0.473105108492621,1.42619558454544,-0.51019704496281,-0.659255923268241,-0.45868997096344,0.253571305905271,-0.376218834862253,0.164132359114413,0.354618083126851,-0.594915473893837,-0.467212125637778,-0.884159698442642,-0.136765693894324,0.247635986776827,-0.456213386111223,-1.91457141337616,-1.58319147155664,-0.761397951983933,-0.343358624915576,0.883950647692717,0.888069921007555,0.271416081726463,-0.203783665816242,1.12131974249991,0.719918332445657,0.60576091149475,1.36221029733796,-0.600130493237567,-0.910957113917997,-0.0450984750250464,-0.160153373786061,0.283816882083007,0.458124917112823,-0.750809709542477,-0.535352771064066,0.337255608631385,-0.677525997567914,0.055063599675984,0.858249893512528,-0.333270971343579,-0.100360605843849,-0.137840432962327,-0.869078005244651,0.864892048556641,0.0275632900104547,0.15302015847558,0.522321848390314,-0.632425179253092,-0.562005389339287,-0.251685248787596,-0.234717807269507,0.192906048737907,-0.132514359053735,-0.059693211788819,-0.669814386330385,-0.199617908989053,-0.752266579473125,-0.887202618555013,-0.760926008826039,-0.375028596057334,0.195565656672869,-0.437800616351854,-0.0939358284179522,0.460255005656843,-1.60108708410177,-0.114113602280856,0.653656222348394,-0.483985094732817,0.136923785429677,-0.892474408566194,-0.661422728259999,-0.134096307989299,-0.326197753833259,0.618471858582957,-0.297295216209592,0.431073580091649,-0.116434656520758,0.383636260180067,0.028711143597993,-1.30244494026765,-0.770638546296422,-0.564739946477617,-0.0716007647243938,1.05261093804188,-0.52542051639886,-0.284712836955338,1.05348747861475,-0.275491784538283,-1.01039422784073,0.231158165152821,0.670994356564626,-0.609018589235363,-0.432774107722596,0.176117725146195,-0.125994208966685,0.468602900550225,1.26792715745622,-0.947093147324451,-0.28086178684584,-0.953548009083377,-0.293492067814334,0.133373704000371,-0.706605919032993,-0.551926721782928,-0.40629034111416,0.226808699939167,-0.330014210911664,-0.583004231625101,-0.0678642849889449,0.177167692876166,0.533781886303204,-0.199508772776797,-0.226946024427618,-0.481937926797706,-0.356976385047011,-0.204237777199506,-1.11541908698988,-0.560687095676409,-0.0618023956974638,-1.26356519748979,-1.09098201318394,-0.678028359784731,0.585900439340878,-0.00964911206842798,-0.655599603099388,-0.914103694351385,-0.743629859581537,0.71344128956292,1.1273223875403,-0.13597761681734,-0.575561769932087,-0.75106781566883,-1.27343842889313,-1.19543191563261,-0.521196311819617,0.0837610001458401,-0.624916655015604,0.214771295986305,-0.141933647539936,-0.475072753992166,-1.0343196937039,0.659708083713769,-1.04591206171555,-0.348400275103726,0.458574468386825,0.734944010525971,0.343114547460911,0.649814155851399,0.162120402573142,-0.500273198382141,-0.14192620243281,0.104500271936216,-1.06674911374041,-0.706121985091948,0.675452255492893,0.706212084814189,0.621545621646625,-0.0891282590340445,-0.22672349386765,-0.479573545769452,-0.0395089004727108,0.000253941917013955,0.508068572493338,-0.918184754415793,-0.801133141876497,0.0612738879747023,-0.529240124048481,-0.569330928685783,0.62435358860808,-0.364169882255015,-1.56705822407395,-0.646965252735108,0.309954145174034,0.438737621923609,0.368853020891037,-0.19949170197812,0.100782364354905,0.83527575182384,0.13197332713915,0.960404742154464,1.06008512309738,-0.371845911761033,-1.35089565738688,-0.106200494094085,-0.150501783633461,0.315683377746514,-0.121042839912517
-1.14668179474404,-0.862970077926078,0.600023922089934,-0.0256927586990516,0.0820936511557274,0.522536544357105,0.233916255896431,0.68959569942825,1.11303821916681,1.4275295383014,1.15107242148592,-0.59382332709661,-1.1656068306013,0.465629911230699,0.52201702786127,0.326734435198279,-1.20413675538188,-1.18502962220809,-0.974678970408458,-0.345589456932048,0.00714255707488361,-0.90129171728607,-0.441600228462562,1.10166476060165,0.170094733534322,0.720228428622883,0.931966915103369,-0.463845020383715,0.16164933071328,0.759052247118392,-1.18698717557453,-0.28070851222391,0.381005242776615,-0.32103611484349,-1.08043104010486,0.611128415852962,1.26370352806968,-0.543083112297834,-0.969360986092374,-0.706489704362971,-0.883006503574894,-0.435015288952241,-1.23796112681994,-0.57809813336718,-0.746020991396574,-0.87222184148777,1.16437675988711,1.22583251007238,-0.0974366360959963,-0.354874214905049,-0.51111984207235,0.102276095816524,-0.358144247203532,1.17283037775036,-0.922515309322929,0.205787988963804,-1.31945021857656,-0.56874829892496,0.232312022260107,0.202416622868681,-0.852960291180092,-1.15387256758031,-0.0481121613263108,0.0997447673396689,-0.284774822742694,-0.372549221680673,0.237613239504635,0.367480942785141,0.48093886689055,-0.722247936060572,-0.0925070979318242,0.26706818143066,-0.178203677340155,0.144996906636529,-0.467514476239098,0.125413860049126,-0.834669562346623,-0.142958754144658,2.19784154622637,-0.279520939740079,0.649820792951054,0.501519910432475,0.780280462525215,1.21155834702906,0.241169493204291,0.923694997938156,-0.373661329964107,-0.280152811635786,-1.06157930849099,-1.01413206572979,-1.58589828667044,-0.0986509567340501,-2.26852152553088,-0.308151723799059,-0.997891656526503,0.100283688708313,0.33616113292066,-0.540614697904681,0.155336420379205,0.637442129211834,-0.365317414205908,-0.985704552603142,-0.127450409666199,-0.0354772172011828,0.320758082120926,0.39602020559879,0.0921529108328839,0.126292156862144,0.798662531828758,0.416483710574259,0.229296885890604,-1.35209755503817,-0.564045030031108,0.779644714898396,-0.498059324591762,0.626375583513666,0.416538657977848,0.14568228673043,-0.369266475012614,-0.672689820823806,-0.420680841402593,-0.985063487729787,-0.590449850250489,-1.67531778541967,-0.190770016745016,0.17820838570349,0.978694406748654,1.20694935041783,0.855425497026976,0.878664116748507,0.0301413364304417,-0.684630036486168,-0.113450943604995,-1.30998607161145,-2.16932633564232,-0.96859146617197,-0.596801759115315,0.106785267219513,0.0350255807169089,-1.27497807662267,-0.592060531709738,-1.77783381077016,-0.793044735798168,0.0287753086259473,0.332840719285767,0.310983358051758,-0.465170468711071,-0.61795565956063,0.750457448638565,-0.0861623668700362,0.61671652110563,-0.300294503666837,0.79766503496305,-0.784490162482953,0.942668268424654,1.07976283287897,-0.581812619573136,-0.707311624429583,0.124038545220648,-0.474771652715422,0.986151656678497,0.829895482008158,0.560958461083299,0.609929820994273,-0.00972856916455417,-0.425307560706136,0.966259197896031,0.476236863215672,-0.591779385291223,1.12138822809633,0.308976972259019,0.107976374669374,0.058547434915798,0.910983392793386,-2.27395078315356,-1.28718978045925,-0.168460273665722,0.619890108690566,0.397550855295834,-0.687198905789028,-0.0477034467333869,-0.247923033621775,-0.579487466524474,0.913277110376348,0.620808059316146,-0.714617619805901,0.142559895836163,-0.353327325618017,0.64139730665928,-0.203585030910053,-0.886641562314445,-0.0263437140038278,-0.499718879159483,-0.293106316580343,-0.64541770820293,-0.0133678827235811,-0.144038635897565,-1.24411177147265,-0.152149095759813,-0.134927115621942,-0.776256528488418,-0.545393679612674,-0.952536087816941,-0.446206975087322,0.557809575813783,-1.52395976145454,-1.29994206803407,0.324037537206472,0.322092346280242,-0.308109324697959,0.48300564999717,-1.19132292443447,1.53681430328266,-0.852922900808674,-1.72475913171587,0.0476531135725052,-1.46811259645015,0.261243238770773,-0.502861244963028,-0.605266207256834,-0.65015024537283,-1.69772260443759,-1.116005191938,-0.680541917282123,-1.7596459688747,-1.27436620829767,1.27244355705079,-0.361142524226582,-0.871376877633384,1.94744881531162,-0.00570652025693202,-1.17124661637063,0.199650930062098,0.439456705813153,0.897271434227367,-0.108693420219627,-0.0200203114578603,-0.120614414423428,-0.16475842646381,1.0370797308349,0.202915634752584,0.0933905130192251,-0.214316694679848,0.521580555803739,0.818953558147427,1.3791380766239,0.682275684257889,0.592821900862704,1.10929348315937,0.235940258076323,-0.318653791354135,1.0471303813484,0.186690436559477,1.23521685446962,1.12012256381515,-0.358683300314908,0.840016581111459,0.569165040051421,-0.732841711521078,-0.560526485289957,-0.46007704036433,-0.124445486124881,0.364808663644701,-0.654485979793009
-0.787085887136907,-0.854769313415208,-0.905966921132647,1.03299577681101,-1.37757436947703,1.16533377725296,0.956737961357304,1.17031033751288,1.04333546719898,-1.00548023104689,0.617525023742914,-1.45227318484475,-1.17052541068216,-0.767305663541687,0.0229232577050329,-0.544953772119087,-1.76665318545076,0.224251419948079,-0.117868179656718,0.114668092270696,0.741684530018087,-0.485788093881018,0.627624484913659,0.661349023233233,0.804559358365349,0.618750686366522,1.29157011060811,-0.80193976495077,-0.0402050383040423,1.14545443608147,-0.0967462846291112,0.674121954299333,0.502771966925129,-0.678978883397389,0.0455183239256505,1.03483713425047,1.32672768229358,0.551836681862078,-1.42531901111384,-0.90627805691216,-0.2888046979594,-0.695830603237767,0.441151706463389,-0.858001578240646,-0.839012420453192,-1.1687768833937,0.923804410215074,1.3510043192112,0.155440670290742,0.254718276466226,-0.486282468158305,1.00789165175123,0.0844929268392672,0.853240551123693,0.589341510416814,1.0596571953967,-0.00462209277987731,0.946907503967413,-0.25493212088068,0.689447631776121,0.220997775776658,-0.29566387514321,0.217744847439265,-0.365559934987349,0.762962830831299,0.189687352174209,0.480134479310241,0.604488436154409,1.43312949025113,0.640696891387812,-0.0341225993483827,0.579553972131352,-0.256834696749096,-0.291604839646865,-0.0824612640297406,-1.69306145279438,0.0967390174265359,-0.780027296970292,2.29536372220541,-0.791022995533816,-0.409163282942122,-0.90173360314186,2.32385434648581,1.49821368635679,-1.61338150545329,0.971118256871236,-0.147760807778961,0.540636242479988,-1.16042223133136,0.137090469771717,-0.141751046757615,0.328036737819185,-2.06080333259865,-1.47894919418729,-0.646019729556802,-0.0573109766936861,0.717519129192403,0.725197778000604,0.793940141375391,0.477083639689014,0.0110604206387504,0.0437730572085452,1.08676857130195,1.08541377300681,0.428245348600983,-0.120017806091261,-0.237520455187795,0.370198714219578,-0.989169550572314,-1.07110985051246,0.494277177887706,-0.957866623715017,0.110173690808645,1.23957479013008,-0.530897838179463,2.00861142369632,1.57174496254372,0.76749015055389,0.478530387851292,0.29644552060614,0.0396529493416135,-1.64528784708022,1.85634747019599,0.263106819750671,-0.556118099067345,1.5516093538121,0.748991853048281,-0.707597264384649,-0.68263805800762,0.536172196164609,0.813830351852539,-0.996525728822042,-0.725276360417545,-2.50592070010492,-2.24393686111143,-1.8591433969009,-0.0492613363584635,0.30342134401654,-0.874997690709185,-0.639105840919844,-0.61340588472947,-1.09836777963328,-0.791692275786828,-0.613595996027794,-0.132350564189601,-1.35425580278818,-1.16468255227133,-0.813475918913007,0.269077085659429,0.0537835167370743,-0.331095221816144,-0.892995180967755,0.605123156915319,0.322511681834071,0.343663751315867,0.260218799318904,-1.00984486546799,-1.22592282470744,-0.595760907425481,-0.381799768179325,1.16407996630789,0.126008837974367,-0.0530330781769009,1.10009784050807,-1.01038199428488,-1.70290443732976,-0.361213432711792,0.78837323397678,-1.21321102240256,0.261521252803175,-0.75210905782916,0.226470410852506,-0.296072298371906,0.349445964328966,-0.852791364764799,-0.0161582760998625,-0.386262832396312,0.337606714727587,0.153122667068166,-1.98959554250674,-1.93091899586977,-1.94867903737574,-0.840630790078222,0.963157113721634,0.444175673351072,-0.00135875567312527,0.805652884561804,0.27169470968808,0.849186872599683,-0.569220845698964,-0.802232989061951,-0.983127457886583,-0.05667871396126,-0.658989300859028,-0.296023007676491,0.401017558888469,0.61277162640107,0.686488044626262,-0.996331507941097,0.476283294706377,0.463583796737656,-0.440314695213721,-1.94304830913678,-0.44795730410328,0.912452148462437,-1.43708400943811,0.908438956244082,0.852209619771375,0.74476794011331,0.607377439705836,-0.324153461423211,-0.767891742580826,0.625953343768086,-0.427397986296244,-0.331367625879148,-0.453373605687136,-0.984219593214695,0.498491924642231,-0.823117523575442,0.258890226582956,-1.7081097992278,0.106769737727527,-0.757287928924125,-0.79068588322959,0.0628392139041905,-0.126431347160069,0.730915163295793,-0.720171032413716,-0.186847432072203,0.19464379236342,-0.143915219903982,0.237779577009125,-0.777283548639027,-1.23148754880641,0.671830810124118,-0.161511681774418,-0.488998137562598,0.229552270558167,0.611771623945035,0.942868803980128,0.920315286735374,1.23969683041911,-0.57982180371686,0.995766848868669,1.14821065066067,-0.577388955404436,-0.792925098547755,-1.61832012714013,-0.518569576235359,-1.30407407005814,0.358543072305599,0.867849268791011,1.39583253756695,1.32138475318487,1.15469873161675,-0.115804828489418,1.28871693097595,0.919196873990923,-0.527859722931571,-1.00396776483005,-0.117602150216047,-0.250285061967543,0.633070565570142,0.253465985529944
0.157174995149521,0.0635956685533465,1.11592092830085,-0.534001817942133,0.965530954636268,1.21246366616994,0.529981790744761,0.334971002418533,1.6140148333545,1.56239440338787,0.318500855257077,1.37923075102929,-1.19205969287097,0.353372855186656,0.839991372676864,0.203883551461124,-0.613570630103871,-0.928111151133686,-1.03343818461757,0.149348891561849,0.534191460076965,-1.33343250059241,-0.382587303523419,0.731893850592586,1.11052295174893,0.765575199223303,1.16068367198851,-0.658937676972489,0.0476099897146932,1.20420824690222,-0.889346561822464,0.132728681141093,0.662331972990224,-0.611756570660424,-0.82873997426181,0.875929764104965,1.12803278444166,-0.0316779465978601,-0.197335294315441,-0.00802433546875874,-0.226245478050063,-0.766194090688333,-0.290633832879332,-1.52460522393623,-1.21581210313557,-1.88020540000573,1.69579781097178,1.09054963584469,0.405446110625901,-0.197134327074871,0.469329526756203,0.00584518404304011,0.147809579071313,1.08760437237197,-0.0943530894846592,0.587127771163432,0.125364912806422,-0.110793523914951,-0.75609640032318,0.12105786108118,-1.34059982100165,-0.0860442339298253,0.475801526487201,-0.608190657595277,0.673741036159208,0.485074970763525,-0.128627930782753,0.396106006827575,0.909694849250881,0.0120851978049538,-0.0023008634375055,-0.122124169024939,-0.295865107421418,0.866188656454668,1.06442781491738,1.1258943915938,-1.43563793449445,1.15071614026961,2.27054870341114,0.0975230814981142,1.62798991702174,1.52108592382144,1.15129114764363,1.12190857665261,1.30274534944448,1.92205573041589,1.0247267210907,1.35592079173221,0.893113393239637,-0.0174335248012451,-0.211063303224355,1.29214893575791,-0.523745613435702,0.436264153908156,-1.36736385185796,0.962215101306995,-0.935057091609437,-0.253508229786509,-0.747630557226153,-0.469859228392343,-1.22704910562505,0.175741112684871,0.395809568268673,-0.921846693832737,0.351244867103564,1.02436960177699,0.733785646609136,0.964281091200445,1.37267203021438,1.0934342209834,0.184086746200863,-0.748288825120052,0.432460072628267,0.80945459336486,0.220720156346895,1.77035129338986,0.936627552376919,1.37233732924122,0.902555339888055,1.28266929462384,-0.361393628655587,0.409482729713123,1.32805043402069,-0.893882586834568,-0.0522263929720854,1.02102626953978,0.508243208055871,1.71712554258043,1.70287672443043,1.19178657773415,1.18642872979201,1.49698030828912,1.40887304327009,-0.849414940257835,0.00854510568367219,-0.96394827813302,0.9594789287359,-0.642227006160435,1.03551869025508,-0.263820681175351,0.0489727819001544,0.0127758121728567,-1.46721281533034,-0.591016297703959,-0.990087953401863,-1.37382401093042,-2.11046173551058,-1.81781249132989,-0.932335844304445,-1.15924365156594,-1.7258219795777,-1.3538136311245,0.399318872150472,-0.31392427155143,-0.184312485548608,0.261218661570149,-0.416330154700401,-1.61048815134091,0.0438611269936317,-1.88428415908877,1.28245805887075,0.0907505774624746,-0.399414615189526,0.456881142347462,-0.995725154994785,-0.761613643541915,-0.397982931445183,0.990075409867818,-2.38344513685401,-0.497158479955169,-1.62520223741879,-0.541430832810373,-1.36433919834269,-0.0961257800255291,-0.786732656564284,-1.25177109834334,0.336399945073562,-0.881095983380833,0.29443465746791,0.353157494039095,0.578391967693111,0.427110892125076,0.30103198032386,0.652042031560464,0.207933452554885,-0.631168999167764,-0.693732224335936,-0.003376081321233,0.296290059890471,0.0287724244406046,-0.752877606565381,0.157303329829635,-1.13583129388924,0.0234449825296891,0.647174570384477,-0.388135037248535,0.0930633976432134,0.448293838741145,-0.474189794289857,1.27685828368644,-0.416126670457454,-1.02471888939232,-1.14771849340358,-0.0188831884444364,0.706355461339939,-1.13828273210346,0.38903240541875,0.018983473837792,0.399468597136029,0.362096401731484,0.503955690797515,-0.0125101520643908,0.504527232532941,-0.283531693283143,-0.925743393567204,-0.980858433416814,-0.853477296834199,-0.0983296568001063,-0.467840221200678,-0.180544925334271,0.829834738689314,-0.0975282469922831,0.340931175522251,-0.745791444440993,0.199351898814994,0.140757722015203,-0.28507996407256,1.48569291560416,0.0830111682110953,0.692744154119135,0.741473965576435,-0.102487814502098,1.27704437995516,0.330664406664578,-0.0262559830075852,-0.0829835912894068,-0.435816569770754,0.0188392928883811,0.991844810467502,0.752592711128229,0.801166707338092,0.470837172367559,0.424716008029977,0.534298456100536,1.27813468749567,1.78656100536963,0.439639776640895,0.673676554030964,0.525225285311318,0.724889941556262,-0.172005656015046,0.905397445317639,1.17969491110897,1.20938453426047,1.29628701317525,0.133899163139937,1.03959166781335,0.974377382048992,-0.776997088422945,-0.729744273676282,-1.08430434064061,-0.313568568155362,0.268338028377746,-0.226110732908669
-0.157308099041425,-0.653702493672044,0.440223790926388,0.695139713207685,-0.398476342432276,-0.922496449941906,-0.863934927643796,-0.142406204828151,1.46650204249545,0.227312019544045,0.542241562964521,0.673649716649328,-0.572117378058662,1.12464361487396,1.13412781747798,0.914583049932395,0.482001430498485,-0.720017175185195,-0.880637022571349,1.05310602723965,0.492959300780675,-1.52337862055241,-0.0763288432198025,0.778445174415687,1.04890648995567,1.48579227171734,1.26838047442732,-0.0427906649433117,0.468641048940657,1.03021829393955,0.0969369151929228,-0.141322067511705,0.723794482058064,0.639598175184959,0.00218258098634345,0.927022037728797,1.02103646430465,-0.053658777032588,0.285531397406378,0.789429285584489,0.758616312219316,0.131111557215132,1.44833231006859,0.23171577419683,0.454148219994213,-0.230576356598258,1.22648324776736,1.42462596519686,0.679171943286652,0.545171103025725,1.06382497235209,-0.126524241589804,0.468208884014837,1.21390751553523,1.88977287743421,0.618277009360876,0.599774655662413,0.682836818532354,0.685922404563877,0.670845870514719,1.20721661249887,0.647933005953927,0.688026376626571,1.32612597398142,1.67095294846147,1.16068561033266,1.55987005516593,1.08369106447301,2.42778669100138,1.93062463378893,0.851194213199501,1.39943353386545,1.17962767917058,0.038430126726304,0.418222743866638,-0.0151767041940185,0.682211777313528,0.38965506947602,1.56217096423798,-0.319914876188223,0.431604684597226,0.292774585910819,0.674032083662887,1.20326421170073,0.0420432458898398,1.634881211248,0.933831357068541,2.05781167591402,0.810526300298372,0.238856121986864,0.385515200772904,1.04228223675204,0.119436526976796,-0.725301704481976,0.202535308331419,0.986607846140239,0.955426364478163,0.832908494222587,1.08601674247618,-0.0996401164609213,0.230086549693065,0.371392765590854,0.681207777645475,0.761138994470388,-0.0619974709603421,-0.280455474128761,0.131297378168927,-0.179896773134309,0.554290049732235,0.121708008558795,0.205152873007277,0.654492145086491,-0.146930574314253,0.861189032125033,-0.112159957082625,1.05191401507923,1.13916703129787,2.11862829514656,1.02874189424572,1.65482284637787,0.900818273775773,0.0549710172117249,0.75456027494395,0.4876507110014,-1.03111305877255,0.125369140420203,-0.183669010887844,0.617273376400434,0.628642564379877,0.915392689680008,1.33528454343978,0.880817121188116,1.6584588166248,-0.751322653178826,-0.718442541226779,-1.43691413440058,0.575162891441465,-0.0585701274972572,0.536682894506559,-1.45571936742127,-1.01204372549831,-0.545455597104744,-0.313216089159061,-0.0374068724384533,-0.038874637865265,-0.369958978371441,-1.86746224230582,-0.378496983565276,-1.76373634561737,-0.560717415417031,-0.665926313933649,0.669986893535651,0.245897688850671,0.505038140665581,0.128928844425456,0.310924592743328,-0.91148168080969,-0.955020739068776,0.124521544916433,0.57583836951314,0.795597848320578,-0.301832800313739,0.154815757971862,1.32698879307528,-1.44642976009236,-1.00197914115915,0.233254203334791,0.675095018533729,-1.30462157458041,-0.360429345513606,-1.21212090097698,-0.770954038107648,-0.843047649424922,0.448830162943141,0.394367522646213,0.069195842944,0.726833227192099,0.156661317031559,0.491501902056994,-0.239551676803283,-0.172161159114777,-0.113859431133535,-1.27142668437066,0.381938362136449,0.0530691809086374,0.52677857835502,1.25712564717089,0.528941889123412,0.784081585510309,-0.216171600795923,-1.04452600361964,0.0724506228045489,-0.632755161535038,-0.406136302463297,1.16991230619351,1.13389433094819,0.805274380251647,0.670237416535539,-0.768174853616007,1.27691183175705,1.42497983445247,0.823926179698324,-0.822260782849947,-0.345301387813449,1.47507247041865,-0.873467914101936,0.719298818453428,0.614788321174839,0.679830372515945,1.07270369583838,0.9556446957706,-0.417675855811725,1.25833280048643,0.483313054512697,0.6391151589012,1.04246465725534,0.356377716337557,0.641511895375478,-0.341091357904435,0.536234406577993,0.0126913905725965,-0.601894992284758,-1.7835504416159,-1.22866921663706,-0.846103833119343,-0.528147691456252,0.145999914917561,-1.07253729158094,0.873914202205254,0.35838966496816,-0.659852964795523,0.364526588131834,-0.480758494915842,-0.907516457459493,0.706390425959773,0.976255838813722,1.29853835709056,1.56853561669305,0.868496931237191,1.68822337290725,0.846311733090757,0.912180243501014,-1.26943246374615,0.389879345495346,-0.196611217877828,-1.37206430450853,-0.542799738262497,-1.07513922649766,-0.0498059967798548,0.386351083015308,-1.24088195286072,1.36904000898794,0.894651410493966,1.42601309880858,1.37156913720548,-1.07832128268656,1.49558693036107,0.0514521476789666,-0.759667077594016,-1.47179980862142,-0.44970964282767,0.298356610545163,0.048657773887043,0.568034678061626
0.1418958970111,-0.577939886439966,0.854318337343877,0.223549831296117,1.06666289993689,0.816023076509673,1.0797502048685,0.773784202345935,1.87979942528437,-0.113738634697631,1.28887842171094,1.69783264560687,-1.71870595652244,0.302039053638035,-0.0829777722229399,0.347448291891519,0.130360543179564,-0.649906517886725,-1.44988776468643,-0.29368470122143,-1.13318402686853,-2.18763145770387,-1.01114978712579,-0.15275105234902,-0.546324348604435,-1.00617098705609,0.393886278404687,-1.27666074720908,-0.727573357608774,-0.0908585305676873,-1.01292309835342,-1.36558167086466,-0.466930988339631,-0.792430895054607,-0.897175344698862,-0.417014212206958,-0.319539003584243,-0.688514741684804,0.259962798664536,0.320727006356749,-1.29473495213463,-0.911102743814831,0.276387491972108,-0.796309896422575,-0.264206854070784,-0.719235405530547,-1.01746757682528,-1.04656240171092,-0.905015339148139,-0.595410898822777,0.420751438634738,0.777311069889028,-0.798515034164845,-1.2120317477646,0.530868046379185,1.23095069488569,0.951778781075142,1.56538945227401,0.347662344140151,0.960164594963543,-0.428450814267572,-0.803993427664466,0.636496849267895,0.439509718879201,1.29802085376925,0.754944075710048,-0.415661876727695,-0.638837121780992,0.936709587418568,0.925324448730258,0.365405615035124,-0.436988103213162,0.447660478300736,-0.60831386390194,0.309404461141384,1.29214778005004,-1.20797567697288,0.79272253851351,0.114399503193425,-1.86274302567634,0.974596838979883,1.08531820997098,1.46997114478457,1.52939481653317,1.70846503148504,1.06775627955557,0.741372012233763,1.13939420834971,0.832741264822237,-0.946942448007032,-0.528524245788676,0.792929636015321,-0.0927544803858994,-0.717572371457111,-1.34319523668154,0.187979488098393,-0.518294036602041,-0.146460523199101,0.0687178244800554,-0.476139041838904,-0.435303708934285,1.22462381196327,0.883036935574804,0.530335800562878,0.802137234239886,1.00667464059604,0.685245410346107,0.503150910874307,1.02987623284623,1.20565870478271,0.636295797952173,0.566956860035021,1.51719036418555,1.00672047347135,1.13542932725987,2.04966505206607,0.857290302165446,1.5188349930804,1.75069032700815,1.40037206634767,-0.113828211961205,0.915682148356688,0.945952652971331,-0.589745149271612,-0.0718928198515232,-0.0509406656392942,0.585882851599371,-0.0324131362309873,1.19871890807803,-0.494502707215448,0.809687076818978,0.848766024690853,1.0397047669342,-0.185440617822495,-0.471493796683372,-1.81845796710272,1.24814902507807,-1.34098108271556,0.166241568613712,-0.983195084983029,-0.566751579884329,-0.261193735746104,-1.15245863004657,-1.51477186376731,-0.351953417364093,-0.466707018076187,-1.6035664924069,-0.737476054482402,-1.6158125197226,-0.78952882556292,-0.831738875133675,-0.502788569207962,0.287046212829707,0.0120612097513879,-0.275495790619484,-0.862188106095924,-1.40811196021583,-0.948238022886683,-0.502159240760548,-0.690736136446208,-0.345478974200156,-1.51833533630834,-0.47288739921469,0.138325075037848,-1.20947443004807,-0.501729139164508,-0.324170186962239,0.556840510369563,-1.39638689868374,-0.73083498027019,-1.48489965652102,-0.457176402752055,-1.43186334128994,-1.1453582021672,0.653727061763612,-0.380213945765544,0.258999215912956,-1.396220224774,0.640051591967806,0.239142819794406,1.1298039852874,-0.0119095315510732,-0.0151077430544189,0.720924174081139,0.179600644694188,0.368786975280108,0.643221037806432,0.275826088496206,0.978913667378966,-0.788672499280524,-1.03338978038072,-0.53988299751871,-2.2607626691646,-1.23860967427877,0.898534775261664,0.85471832124869,1.03520780528064,1.31209763525731,-1.63649959159849,0.205939046435704,0.978398374004917,0.243649453558711,-0.999326872712265,-0.939756525950563,-0.755198528298472,-0.830272966223508,0.538007048288169,0.956577865383696,0.709039732638286,1.08029199145411,1.21737121041104,0.997826662359824,-0.120127328368077,0.673111509790174,0.433908909674689,0.130952436137101,1.08280642511133,0.739685141057172,0.290912391067903,0.551510070685323,0.415896213507886,0.355385480635092,0.475133811325452,-0.261733289010427,0.116962650183497,0.737977641985618,0.683862300071471,1.38981538547167,-0.125815088169333,1.13289895001534,0.370393332891029,-0.248238640818358,0.954311480415629,0.536797092452975,-1.21410140577635,-0.0179504536862652,-0.060515112038457,0.119929283062612,0.94375032168121,0.181603674496662,1.12369431290187,1.39499239900149,-0.868272589926608,0.213348572021598,0.161725903939469,0.125925210721193,-0.15443631266062,1.37206713371545,-0.59626499225307,0.381407019067937,-1.76483589070896,-0.123930864133037,0.796226583563981,0.56315668467119,-0.496797275842211,-1.44191979473,-0.269542451344086,-1.06649483358348,-0.956405029067199,-1.19224648809898,-1.77080551877968,0.12901436926948,-0.743660883884393,-0.998274015492931
-0.374509232076556,-0.317584919206289,0.599158063264353,-0.110704925735227,-0.527449853939054,0.327474770166202,0.274728401855168,-0.0447313303093144,1.85765139623571,1.22621825485244,0.866298325205496,1.37188228164016,-0.314665157976814,0.69511846626906,1.02806483919909,0.89252586073857,0.797270422815156,0.398505838751224,0.533858283838342,0.566327359436385,0.814141647739175,-0.247251648036041,0.398884683051231,0.646439329152619,0.219882007678677,0.573914503946461,0.842541576700263,0.832464450068056,0.124151186742032,0.111029960386687,0.820564419191774,0.161958230825423,-0.0309885402626454,1.04573601505642,0.575459692873149,0.817642524136663,0.209634010250327,0.292060603717978,0.800865624102506,0.851724471794853,0.550390327317138,0.488219726852096,0.260382768270716,0.389315179842826,0.49203868161275,-0.0664559731690111,-0.560023322640751,0.127627637430514,0.314513950085624,0.577069631869525,0.828229683513247,0.896399866056695,0.86753047827682,0.152641183850817,-0.351592831765425,1.174032324034,-0.0322855732394986,1.22846860229322,0.460338296535413,1.34637221126858,-0.249216270133144,-0.2353594402327,0.961236545455552,1.5377701082424,0.768143929586567,1.21239871533331,0.408341687122367,1.08303210129168,0.528894785520569,0.0352703904941351,0.96501329674887,0.453957596708082,1.16981941997007,-0.161793296372529,0.663480903822828,-0.0779467245683355,-1.25686805805278,-0.0186942631410744,-0.178057132338207,-0.906874783398784,0.444392090133872,1.13753806255895,0.748563579534707,0.81109937928786,0.967457583849414,1.41440071849029,1.31342726299421,1.14324952395855,0.848812989176136,-0.480100261837886,-0.294884513214487,0.725942161320271,0.46162926042501,0.205306696875156,-0.539950125000562,1.28518766482874,0.16641101153613,1.02888750026572,1.81427039603714,1.03060092244584,-0.563857248843874,0.152715487779503,0.269785418007743,0.611293716917814,0.0664741632705725,0.298634494214688,0.820136044608478,0.163644891220727,1.0622498951686,1.06095508107113,0.675878477544649,0.994660007082538,0.136527780551829,0.513763950249514,-0.216964281800958,0.785283906219669,0.485806857727646,1.21499476837702,0.718978840155965,1.11648188272218,0.64954359987475,-0.458603514308391,0.918013446950515,-1.48180762801598,0.0294601277450118,-0.653107581671749,-0.0971024913082876,0.779311285197462,0.456758289624636,1.12841616542457,0.825147884224894,1.36303387509085,1.12175859128168,0.0137306512872227,-0.306441229032521,-1.38421676087562,1.11861937839683,0.763838948182031,0.0377047964698316,-1.42735632123016,-0.925167368244447,-0.472353561073968,-0.491612312138242,-1.75414280375897,-0.209519850831501,-0.402972828726351,-0.658584387479685,-0.434766876542853,-1.2407038523761,-1.21079868882842,-1.57018635639094,-0.378037680836561,-0.293073353068177,-0.792403459806873,0.751653122510497,-0.497733687343784,-0.743306406331575,-1.50629547796243,0.21606293501638,-0.762355110786932,-1.79331257596263,-0.978034090412094,0.359282390167608,-0.9538889631616,-1.44869499772986,-0.259652094124232,-0.0838443640522538,-0.395084687543408,-0.623140703245612,-0.68894015482644,-1.3528214582779,-1.84955929069532,-1.20230523546332,1.21357231075838,0.483922305720349,-0.254561479176436,0.9610828423411,0.431202787885779,0.722129183121356,-0.32343396907043,0.17057571149652,-0.406182098179751,-2.57921702116429,0.0977419184565656,0.154378450752632,0.622621381965492,0.647743343253497,0.104834715788464,0.596553783751174,1.03300252181651,-0.744948690654434,0.684308077940374,0.289208151884012,-0.367828763791272,1.24249742721804,1.07510502119859,1.16792489516149,1.17616373688752,-0.343709446770339,0.674680918944293,0.725756000261261,1.26663217856687,-0.492138173207812,0.717915550847524,0.100709193814928,-1.54461469681543,0.690162021946491,1.17685616431671,1.09924142493884,1.31719055810135,1.58672064662821,-0.223491320798716,0.835968085688583,0.391475249517381,-0.901132262621856,-0.0992872088084735,-0.929242147414651,0.698709131404993,-0.847737221408639,0.972016846482228,0.426824942451903,-1.73338265376693,-1.14256701897172,-1.04329109484091,-1.63065786766275,-1.99914312617586,0.254373987777439,0.251825515465312,0.382156877851939,0.42476557498321,0.145963662525315,-0.0185569438564878,-0.663535841042413,-1.1817894705823,0.021396691997605,1.29859717453484,0.891712460439182,0.703538151562929,0.956527915089814,0.220367767674478,1.33455417052552,1.79613360828546,-2.77060277691499,-0.433219228443707,-0.502542349649327,-0.308537391987401,0.00934692357839202,0.086756503297735,-0.277837238847424,-1.11864139665283,-1.14258405417977,-1.0106296933156,-0.00618470054298483,-0.160755912758139,0.772748937672842,-1.11235956853966,-1.03020379391142,-0.346921291092248,-0.407665294753276,-0.953970799084938,-0.581545915280537,-0.391705218999215,-0.396461059462107,-0.365169117006791
0.455825087519665,-0.598371221055911,0.246390755804524,1.35592675115832,0.195232984271898,0.0710083803934265,-0.0361294990002291,1.0634369744264,1.9223213004737,0.422590717590314,2.23557327090738,0.273843207025988,-1.12375232211986,1.49003980843818,0.69925049388753,1.08482575840617,0.0725728784769061,-0.807328803727979,-1.0562295083582,-1.29462135569383,-0.980793060986214,-1.76946625230306,-1.00817643031375,-1.09592218106242,-0.862214265900441,-1.72722141958626,-0.407255130044925,-0.257921640413516,-1.36193455120787,-1.33693002931732,-0.745451119012048,-1.39181799406123,-1.62546686434693,-0.198526931648286,-0.525268390764551,-0.842934895559543,-0.599739795464167,-0.96087434098042,0.219241383947926,0.534949456726159,-0.0589593870540677,-0.722523416817149,1.18903930840892,-0.41050283998316,0.327925426592202,-0.129156931342984,-0.374791446717321,-0.876122452697256,-0.539379353898495,-0.413897612837129,1.84789670118213,1.10696305658241,-0.945487282476498,-0.0771470393162374,0.814324964539314,1.61940135453008,0.747385224571138,2.16601215986547,1.67579740248156,1.23593944102021,0.253604754719897,-0.232386707881028,0.863921517575921,0.541226644704271,1.22334662952573,1.45939338524621,0.689660961031093,-0.631239182359454,-0.26575349112781,0.807860649475741,0.998813183597232,-0.660757886968923,0.0834953615212666,-0.56863098723655,-0.0189209074612407,-0.519525016601535,-0.274860736051375,0.675795722856525,-1.26848442544578,-1.00146267611552,0.495097731559413,0.283198128075142,1.40484457381602,1.52992518981266,0.0195550415826688,-0.345808660308079,0.118934045685075,0.344775891744528,0.366747408903539,0.403194434067941,0.526631578647335,0.895713189270006,0.425935731517228,-0.308494124117908,0.449350307580428,0.265302964931357,0.0467304066578451,0.844018538710973,0.59693149817269,0.724975461958733,0.331523454764818,1.47768741641757,0.582306651941827,0.129479984630166,1.73150117481736,1.19335791667232,0.328784928265059,0.825037595895109,-0.0749607927108267,-0.0564999123459095,1.45386305033565,1.31863885674797,2.43771437134796,1.13981183609408,1.74692349299946,1.49649463565536,1.68477477242915,1.67291181506872,1.75503428921712,1.29435837769159,1.07470359194782,1.78642261250331,0.943388741874572,-0.159214028474147,-0.0263312368908343,0.317677903242797,0.526366482308027,0.702963732651834,0.125142892913627,-0.614152372238912,1.10326328007646,0.527228337207653,0.800444201809503,-0.232152180822893,-0.0846090938807431,-1.61002772186558,0.726555101523931,-0.486191494398067,0.155680286056121,-0.519753118571345,-0.808264504084493,0.557078193293856,0.231235566540272,-2.15472190085681,-0.0259854708939142,-0.536096381840226,-0.939368478293019,0.317952677500562,-1.2739917363028,-0.617595352115739,-0.995780488115143,0.380600903577674,0.745539561512991,0.301440898070589,0.138434534319238,-1.41259090668991,-0.588267219926879,-0.098356484102291,-0.499541499975784,0.379867121053183,-1.07073506991468,-1.4249248395213,-0.269001971630553,-0.418595420081708,-1.59181862166439,-0.230028751452429,-0.538101531006778,0.29289995895887,-0.630813125661457,-0.54036453770971,-1.3029389209629,-1.09784142334935,-1.11923654295553,0.782083308262948,1.45833308959871,0.464140872439464,-0.610978434091765,-0.883475699465142,0.997285741463126,-0.161280569696657,-0.147006451236212,-0.376888453003076,-1.25119831428707,0.547047419680122,0.669038948345711,1.18557350586511,0.962826797436897,0.94635015228296,0.97956069757365,-0.5684180710898,-0.993201096514541,-0.63168238193391,-0.702724054700457,-0.641786607394029,-0.00459943868798422,1.23751108877277,1.61581890698176,1.47202421159399,-0.514804881647666,-0.830349609103366,1.38121580511719,1.68155863114656,-0.281399466378567,-0.66652275513647,-0.360267037520463,0.192099859998807,1.45518503637951,1.20591778649344,1.10891573499482,1.50111596413306,1.0111723967452,2.27345597294056,0.880837331830259,1.3553075869037,1.9874730254051,1.46208559792177,2.57142180274188,1.24598386893873,0.718006725911527,1.70380464630185,0.0367530085216188,-0.343043148660576,0.119102058633568,0.123824240859525,-0.162628866101922,-0.753901570077563,0.520988522647393,0.736302520936668,0.0589588404480868,0.787793698164027,0.27489949584888,-0.0872818081602149,-0.304236523903546,-0.76954701636941,-0.77015277450941,0.559140252784007,0.398554046530667,1.03835165641838,1.43961184189406,0.132258014903928,1.58768161507374,1.74044595582948,-2.33819833030516,0.558943048273572,0.194825391437664,-0.864244328273249,0.168802185858505,-0.706301314733897,0.130577895862492,0.0818306333588851,-1.39538572197647,-0.83843920611317,0.145964916161521,0.576980866209477,-1.29552244649536,-1.33671255464528,-0.616353275575929,-1.3171426787108,-0.851115527798082,-0.506177063219498,-0.740936429176889,0.393840832630684,-1.37664650179398,0.151356798080211
0.421676482063239,0.607550822355084,0.632252822889208,0.237822475920089,-0.310912515697506,1.16850228131242,0.296132197095716,-0.192282430966,0.548489008479517,0.346937413662137,0.00355314036492704,1.63216169180955,0.108963507612416,-0.473506747117548,0.0367041953916399,0.134193342214837,0.790359842746987,1.03455660002391,0.375849437843947,-0.487063178219341,0.168522299726416,-0.458400169913392,0.52360914706976,0.607501972428756,-0.0406638906052793,-0.660464973162829,0.567230088019467,0.0688233427865324,-0.708629356691022,-0.349949114691862,1.02021066816827,-0.115863695976414,-0.762773895617986,0.404536708540497,0.597114238168808,-0.581878683018937,-0.029581691852178,0.037935847196235,1.01126481180085,0.804562559511915,0.118799082695664,-0.139387364620365,0.0516452668307697,-0.0502493396955692,0.837438925406342,0.33918375063643,-0.800192326548285,-0.5778458082585,0.148646952369417,0.334292958739863,-0.607625007396337,0.47527501101228,0.59120648731656,-0.640933565748704,0.0120673003667382,1.22344916206847,0.306424362841742,0.898005263501141,0.311502786669884,0.669872618831251,0.914771874428378,1.09859750188346,1.72187197043944,0.512801022261121,1.02910780700087,0.921808001612376,0.237705797326356,-0.399271367532458,-0.0942922470505894,0.37398546256491,1.54085777186655,-0.0236597883808757,0.273266703462061,-0.078024496509628,1.35211773039933,0.48205464493961,0.690225268003633,1.05008274403286,-1.18775268233291,-0.0549665668627393,0.2366286311886,1.51034521738901,-0.308431998531732,-1.02893471513674,1.77880880625325,-1.26622213214141,0.341869986122971,-0.312587326689595,0.672824780904303,0.363019233054584,1.1388007159919,0.24297781909936,0.9355514068766,0.621777914585765,-0.39652179652728,0.468498388999104,0.204211131263266,0.261906295800814,0.313995930806265,0.646500664727028,-0.221611756733341,-0.287551676318429,-1.24150278821839,-0.743903741374631,0.593633433397236,0.461095339867272,1.34035813303231,0.316196579614674,1.4186792670198,1.87630004972772,0.238484674149275,0.842952750336326,0.987242539836221,-0.428185249112254,0.985069154790161,1.62047304763709,-0.237636291388039,0.462303449968903,0.846211984400634,1.03539076539433,0.80887452051359,1.01650359988022,1.53740902446308,0.271328447825896,0.481845401056031,0.335877698247176,-0.506471271135487,0.690132102874813,-0.183956718059552,-0.557429582841493,-0.889559937648445,1.88652783211304,-0.256157390430871,0.209352340363098,0.46460065470841,-0.418034653569468,0.905486088009801,0.512261634948833,0.731740695870036,0.220248153630418,0.156183194042685,0.457663876866673,0.470295535971342,-1.58774039055191,0.481126447433532,-0.317272969590067,-0.303718856051784,0.789346413217818,-0.794747119657283,0.0205714221804831,0.0320589968791524,0.4261769819739,0.0625902094118655,0.68663293725798,1.2064602626063,-0.223180751936692,-0.341642786678296,-0.399748732919142,0.681338326053472,0.623118014794006,0.205049668810568,-0.849152695306421,0.551062016409783,0.266197660284908,-0.570117286777142,0.87038729621942,0.0492602021104596,1.05859876423133,-0.431853025483499,-0.175858419349132,-1.45557520392541,-0.134295577674251,-0.222128303766345,0.614051115557784,0.965663987572414,0.79390907014268,0.291613811890221,0.182285764226055,1.29454716609147,0.111621618270138,-0.148631365637798,0.0217877941921059,0.372967424936287,-0.413932560609567,-0.0292629820505178,0.327489024368286,-0.00701117509507758,1.12180389204823,-0.648094332824664,0.223402638743303,0.316693061581562,0.564204066300506,-0.139421189027298,0.550555407661724,0.480516318473747,0.768334610353772,0.820877881340145,1.3735200871027,0.339043556761825,0.904147200074333,0.742789375287529,0.659393401322057,0.139325387530387,0.0916633947385629,0.63009276839912,-0.591413069936047,2.41080151527456,0.442282783224186,0.524420684047007,1.33661429106604,0.982608516744413,0.979603809568386,-0.152467633616677,1.51519911345761,0.334770452280791,-0.206652824464791,-0.383631248559066,0.257626879833434,0.098581185576371,1.5495522399092,-0.976571026558983,1.42901296309987,0.327417329397939,-0.200655798418286,0.274340805611386,1.51595671210331,-0.717555405799373,0.831956168051628,0.772295772065807,-0.334459554038876,1.04904788672664,0.485446935317939,0.417507619232729,0.373755585166383,-0.0454188152451924,1.05569182471587,0.813925293313976,1.40054256881592,1.66550895462711,0.483503665515059,0.869910128120623,0.666964298991221,-0.413560974685341,-0.731396341247287,-0.209132190470671,0.266620971890336,-0.758753152183159,1.11565156771215,-0.718968167976356,-0.936635091923222,-0.598995471119598,0.0174632348381505,0.0829144493204489,0.732316311666532,-0.328163994452434,-0.25785097275931,0.083841522958537,-0.0959795551810396,0.241804021494126,-0.182578868058398,-0.241671130130775,0.892477494886178,-0.163020040854069,-0.708038428518418
0.625491458611662,0.658636672039841,0.919353314449356,-0.80638469062111,0.4962903852548,-0.694078107809929,-1.12572516002639,-1.29611274911193,0.773103721655862,1.11013461225625,-0.293131391568504,0.692329167323622,0.0353979890075997,1.02938272494231,1.87564342176284,0.637721721909262,1.44654169880607,0.831804435046931,0.529198634490843,-0.334114007172541,1.27541908818545,-0.171787844524227,0.934043934840981,1.12046857064161,1.03712025616692,0.18324835228309,0.671137283831696,1.48354116893423,0.427107286728271,0.302280959070568,1.09074674898766,0.820117462776179,-0.409029366586966,1.32070939727867,0.842189537304218,0.207578065200242,0.550347506032768,0.380875632822042,1.27398690369375,1.30045819804606,1.00210988964231,0.112922022033433,-0.932991115279219,0.172577430271233,0.691178454368245,0.199085245514727,0.32316729186515,0.710811797631875,1.70763701832436,1.21452093155627,0.632089441397911,-1.44253327026041,1.22346168488774,0.500975918182628,-1.62888304359704,-0.662852086624264,-1.32829816312601,-1.28509621707669,0.663365695835192,-1.05085675391874,0.535384937618056,1.46621627814853,1.03924629093676,0.912733193458033,0.167134173882828,0.796922753247029,0.679724448301408,0.591693605953641,-0.0367237423718766,0.266196965852054,0.908393738080703,0.554239481181717,0.282807985260525,1.28135677007504,1.58016384860099,0.98964864124072,-0.0651423091575687,1.97453404593835,-0.342536494007575,1.0076453727225,0.695623484546096,0.907516298366458,-0.659333185877557,-0.74488877811614,1.63660439029927,-0.968731829892572,0.0245050153914679,0.0744071699960962,1.02688864790679,0.993180199091956,1.0757236370626,0.840534677409489,1.81038201198146,0.932947072140223,0.855450685794664,1.02826974235794,1.45361995803841,0.59814305280663,-0.888887863693041,1.05359593533788,0.444814529128395,-0.37223067323047,-0.306600065128445,-0.553486267176122,0.690860559736411,1.63514632278338,1.19601178031857,0.639863284372255,1.2330940463267,1.08143377318344,-0.262290715866614,0.504575613146652,0.0630708801799978,-0.827552548637563,1.10955471605585,0.557241955281885,0.135155589651489,-0.169768938958405,0.332711231482838,0.100916118255429,1.65366842585571,0.762440964187545,0.415979895891442,-0.951211675995138,-1.32312886732345,-0.369066459114112,-0.626108358939097,1.02550246084488,0.341862319109732,0.522105949978464,-0.0748434654478937,1.30582600693343,0.340111716391084,0.297500250236265,0.16910255823455,-0.17775402258856,0.746078134827604,1.02555202771569,1.35642558778922,-0.337219324941532,-0.567730362530359,0.394801049545239,-0.120014639692188,0.118798380104339,0.81698663818938,0.433128869784932,0.228340325569577,0.580111312543571,0.0142808558097215,-0.219982184505167,-0.0512797505509883,1.40534388566489,0.659371536315032,-0.0683016348235642,1.16684460313528,0.399578401255995,0.0198392197458064,-0.279853825006176,1.26912671075542,0.435062649336985,-0.753178492383036,0.166165459330534,1.78069772201472,-0.920889911059626,0.0191463452293878,1.32608602426395,1.45214988905164,0.591487492711262,0.221295279568825,0.593231642855798,-0.554308440961534,-0.747599881422345,0.0157267931357286,1.9689191635214,0.501254530193202,0.680814944831145,0.441576206793468,0.790856873697745,1.20695495984497,0.448116655746314,-0.408319638918887,0.0795367928339496,-0.56600452713037,-0.782080145637049,-0.884192047943437,0.211748351200737,-0.10667293691691,0.0260775698339645,-1.34804579976848,0.677820487097339,0.778416039931352,0.599924141136664,0.598372850526071,0.864995002574149,0.145033959523611,1.00778025748895,-0.645466926014858,-0.101588567552595,0.819127618253332,-0.426360682978319,-0.117490078295851,0.969176097108293,0.456018533231603,1.15758057367702,1.24250648664939,-1.01566406682916,0.513668724778118,-0.892533320217524,-0.759270746112434,0.263363025576172,-0.224134469056128,-0.00723019368188976,0.631285356421905,1.17417702596319,-0.387534858177006,1.11042484143836,0.0643319762679237,-0.142280743880211,0.564980712570654,0.665253045523686,0.551312501231222,-1.07355581814586,-0.882304912962756,-0.567962999604195,-1.00647764548056,-1.45954527117602,-0.906548154479259,0.873963543510513,-0.365372092158198,-0.606368352737664,-1.06959935907522,-1.04597485239708,1.73718808026153,1.29705953205521,1.56949568470686,1.91822938626179,1.72441365372389,1.16960502687996,1.2478028521311,1.50350896517718,0.413696108060486,-0.381345590173604,-1.24396531573926,-1.39246055691584,-1.58580186812803,-0.464951446320654,0.149600337569255,0.0339164813761002,0.485746075340072,0.278794157783474,-0.21048563097661,-0.0166920290406277,-1.15673654685917,-0.80238884035869,-0.350588124818464,0.0855726154177483,0.266884292586974,0.625381491690659,0.634665588807616,0.808027817099679,1.28798870819458,0.498359086422426,-0.184906466689907,1.33904740039127
1.02419538347888,0.629758199484533,0.0488190958661883,0.778386064294703,0.104982043814804,0.544786912039504,0.885603208594079,0.166402578387805,0.597776653729201,-0.5392322961803,0.54277407223158,-0.177773778168583,-0.00710726696712772,-0.53702995562832,0.909235463694236,0.216133186522768,0.362563798810594,0.407431259266906,-0.0447536832872563,-0.812704645194898,-0.50879795291657,-0.631245154988481,0.167883762312243,0.0410004478039082,0.0143950323089906,-0.389238853913741,-0.196076628537797,0.296473429122697,0.147466888732941,-0.402846496725464,0.188191411591264,-0.547589760783874,-0.698504510061323,0.17447592850316,0.750969364036154,-0.338812088199607,1.01258146799572,-0.448811823266551,0.254795736754847,0.617404778636422,-0.407477201862043,-0.657096787660166,0.214934487681478,-0.804052820461791,-0.652751033027557,-0.612516999152882,-0.38312272750295,0.185846479952959,0.292539240092406,0.870272164340686,-0.264246746431217,0.835415814306456,-0.230591373519399,-0.16533751669092,0.146610692908348,0.00538598768535207,-0.490510239706871,-0.0339763076164789,-0.232812271391165,-0.113519025910803,1.18634756236159,1.84506157696227,-0.0186629370807081,-0.221952955762896,0.109941059397603,-0.206674308290429,0.606232331587683,0.284452886003889,-0.586331744462525,-0.116730225037876,-0.27326877734579,-0.0328062574659877,-0.353583400382201,1.53742000141588,1.10297145119216,0.0252216600612991,0.358692170460859,0.947859876883821,-0.5765500481325,1.58458459962668,-0.47588691669106,-0.566460527920024,0.582843141096635,0.299761885094396,-1.10736061491042,-1.29471466046766,-0.505112581608346,0.37866322114439,0.852252008888353,2.12377914319298,2.31232906744206,0.604971302945398,1.2020579564201,-0.347417982774694,0.856494046523823,0.253328074126597,1.00344824017312,-0.0161806858485755,-0.696699331093999,0.865352946398865,1.49836434280692,-0.333911188602489,-0.0959102341410657,-0.350157729289102,1.74165984693489,1.12887451273008,1.25297766172812,1.30564805507108,0.832832615756139,0.830315988866294,0.706424649469701,0.424310373008601,1.39428212531696,0.238602993636272,0.783502749016089,1.60240527314959,0.920653215964348,0.641590623801391,0.58048522214237,0.433012638049285,0.489537666353322,0.797584162350059,0.980383798737199,0.494463870099302,-0.0896253598487526,0.47092162309775,-0.328098021232182,-0.192075244468553,-1.12681760724369,0.466771775333375,0.417012531388515,-0.407603905785684,-0.338935252933425,0.0218830217802713,0.244562021526062,-0.253922609841196,-0.293899636041698,-0.339820718329628,0.439569086349159,0.848502598301583,0.420737415372386,0.735184058447742,0.174446237930369,1.19082304463067,0.936805215457868,0.970052913020855,0.958725619390143,1.18163462733207,0.442761863243377,0.343578230623633,0.958686569527339,1.07797392434393,0.768017298460633,0.73479999885399,0.361366383505311,0.669669055189043,0.214766016970896,0.865153424691402,1.17452430601302,0.52362559796571,-0.51603922101726,-0.0502626990253188,1.6278846154536,-0.904991919269503,0.155661005258158,0.633210053520236,1.22245227614433,0.490317018921927,0.421483707251624,0.544397185169997,0.942438164291618,0.66019579933488,1.00107569609127,0.263097950056555,1.41087345687952,1.2187086825396,-0.255410880750235,-0.3855490883793,0.510340413883765,0.439922174849144,-0.622607809877562,-0.417769622512697,0.220993600380389,-0.0227518248694825,-0.172014756645577,0.209812024317281,-1.11540278458506,-0.606475783240241,-0.616266920143939,-0.217219387212287,0.587458602163819,-0.450731945705711,0.280711169836105,0.816209919757075,-0.242761981739367,1.07421056116008,0.0488684919268769,-0.153451696866777,0.538320148385555,-0.885289465374577,0.00960351891145029,0.492956447333207,-0.683340997185425,0.90096835240653,0.244492198560071,-0.0811426272376916,1.48169278291649,0.237578854713125,0.271452008703764,1.07147936606144,-0.304929039907584,0.291166388793395,-0.0804388994688978,1.40953301034615,0.274458871553046,0.0627739473218219,-0.180033256334453,0.820896263963919,0.570525008352379,1.08117965220341,-0.336124919551202,-0.153574644806191,-0.0163492695412987,0.572590917066938,0.627846951011212,-0.340266528059189,-0.816493128039125,-0.929993110719896,0.517246489293437,-0.576990940473026,-0.78658095322276,-0.57163359593913,-0.559571817288417,0.0249838397264315,1.43686971451593,0.954922064909713,0.819354711520514,0.437861121436738,1.60702570891931,0.587881985419141,1.24345858171857,0.161966189722687,-1.07611721624769,-0.638603854926813,-1.07469237355453,-1.31731576806255,-1.09342302150722,-0.688718929691409,0.104254010650055,-0.989618234533065,-0.0316401023302652,0.242265811868798,-0.351719898302138,-0.250277224236346,-0.965835625250374,0.145789530361065,-0.0188375383351786,0.168551804360748,0.2059504838739,0.947574758236639,0.806860032342382,0.647252631871293,-0.302328502629126,0.0347249034573381
1.15935878187822,1.52714161044167,1.26467559685756,-0.481900320673711,0.695595962108133,0.358687332967733,0.171009963770057,-0.215064323178054,0.0736102576446774,-0.119601729783711,-0.692487633303124,0.543684553558568,0.364334300131729,0.789204348008639,1.60577877465203,0.493506464033346,1.44743324308259,1.13438864288593,0.527319878062466,-0.491276948145533,1.17144278493208,0.164635209033888,0.296242549937281,1.00136163561941,0.678299908113398,0.00544521026292387,0.68785168179902,0.838406242097021,0.564212135709043,0.411268531258752,1.13358184944834,0.647477469366528,0.342508782434456,0.518010762845643,0.733094562642515,0.774065445896091,0.776810492724144,0.247704554327094,1.49389490396373,1.04523203011961,0.500315726451037,-0.871422791377015,-1.37638861004211,-0.835710558895697,-1.73928975621171,-0.886856909769514,0.338138934678745,-0.472626500230426,1.53853245857119,0.828992436091603,-0.0803677901802748,-0.727116772101748,1.0497895313237,0.270758610615243,-1.69640528828926,-1.49099893608163,-1.37965361553273,-1.74048515062471,-1.07938885094752,-0.890218272837538,-0.477091238433757,1.19898595306737,-0.733036497942108,-0.861091580475776,-1.25248098148499,-1.55683567125314,-0.472192892675643,-0.562342670332165,-1.54179187663378,-1.57140652902696,-1.06104008821193,-0.900503261107184,-1.36195519676747,1.89102282796619,1.92953480081009,1.51852597152569,-1.01314670866255,1.86260049606586,-1.21747391805687,1.42950299060931,0.107502823590511,0.857864943366175,-0.473279421248837,-0.916200096131112,1.54046193745202,-0.265951527717963,0.0429619890484616,0.900246058299537,1.25442629291655,0.678001824998622,1.03543838883261,1.07033591918977,1.47977628695197,1.41597132489048,-0.625964099625307,0.728541154523631,0.783640664213865,0.190310287420217,-0.534222700242164,0.416045744289335,1.04194605555073,0.998920515896113,0.00436255117793518,-0.709176518867,0.84779985272993,1.72531320326681,1.58519187523402,1.18029160056026,1.72566905105265,1.73810755760549,-0.24229658070886,0.674867214840239,0.236972050058562,-0.429643436755483,0.786838726770881,0.162129897658845,-0.183336849783946,-0.256352802654475,-0.0328971810522647,0.523353868595644,1.20946515773133,0.391631274581181,1.0090523190086,0.338571521603624,0.915443929684244,0.381704378064965,-1.03371919260094,0.353586689779281,-0.250928894915285,0.151762083885887,-0.45607776275793,1.35600014047584,0.914537395422574,0.191217739869108,0.854922859018092,0.707063927975624,-0.134597270541673,0.356118707982911,0.228972718829779,1.13409728838861,0.849400820301597,0.63106983634115,-0.0397889766697746,-0.231101119514108,0.0860247268350386,0.216445752845084,0.473055446720634,0.0765106718405131,0.83859123237275,0.225988854522005,0.142631947738155,-0.408277698143015,-0.592854851021946,0.514618471477584,-0.203585231082271,0.830499098148901,0.344268625878197,0.598720937933788,1.08424843578452,-0.591380603308235,-0.309273339888914,0.494831610805052,1.55286210087261,-0.891030829754264,0.418190855040844,0.355788954849052,1.14512907820776,0.0326975883574977,0.464927213782699,0.167456650626014,0.407080013937443,0.310043653577288,0.155605865706275,-0.516168124215491,1.4296653274328,0.30284754611686,0.9378458148088,-0.069078354521167,0.0915057615069904,0.733009771294431,-0.231504423443288,-0.197732042992685,0.256557622240157,-0.528808998311677,-0.758730361655196,0.228988683410681,-1.26463038316699,-1.86429802008284,-0.945684723471205,0.338080719898542,1.37051701151054,0.192882754904234,0.599385497867976,0.995102942241224,0.147087824734001,0.797951540376648,-0.348130817382645,-0.113432060235975,0.93804622499761,-0.509719644238275,-0.199102738722708,-0.00565668101009781,0.553312245440517,1.35894585798709,-0.0625051742770679,0.46163075571361,0.255409199711179,-0.831587353686405,-0.565615186603055,0.0379932878493024,-0.237307779395441,-0.26952320292102,-0.519401917837883,0.319666714525341,-0.557695267939906,-1.08637739460921,-0.452306825844761,0.0223901615410137,1.32976042743664,-0.948616770143727,1.18798144813496,-0.161101517585305,0.779042099152576,-1.14636009667034,0.201480340331294,0.271140251900479,-1.79030031954863,0.325480357740899,-0.204182607619643,-1.35535426357035,-0.398920350842787,-1.13697818107886,0.357025998137283,0.0773774935489078,0.502871772970394,0.242719358074948,-0.497152334630962,-1.36730954217554,0.359960761294072,-0.808611502001932,0.261424689803786,-0.977266404888226,-0.676277226913118,-1.04903262976077,-0.82432949082613,0.16893912713523,0.0628946679500332,0.947457285575334,-0.0307902494939449,-0.130005197784573,0.393141748744353,-0.757291250427794,-0.539451864974424,-0.7930994703198,-0.422418096334705,0.919269791193758,-0.63101798769699,0.95510694152876,0.51956193821106,1.40618819463689,1.33941699065274,0.314396628405395,0.121746593763833,1.53492824520755
1.43314661696771,0.057235904142442,1.13253061661557,-0.404571596948552,0.852281236134641,-1.26962216156644,-0.439292743962831,-1.03879639854096,-0.840713594036067,0.333746500906287,-0.357272292973596,0.162032820956521,0.0782063943838062,-0.701819235251098,1.01680902825656,0.36279388934852,0.524454476377994,0.693140522296,0.343561396276297,-0.217726905189741,0.373046757854889,0.217265867867881,0.161620768188449,0.657046866066065,0.395074294353105,1.14334661310676,0.46630063119082,0.0168798238033887,0.733475944035761,0.14881683613502,0.200675885141536,0.0436861394615804,0.399427320149582,0.509077362855318,0.0585750947304962,0.770432267007616,1.00847560379357,0.217749334999485,0.608174183129013,0.41869321510323,0.634408752915102,0.0449020470446101,0.777140166332812,-0.0350511867656373,-0.395590307010857,-0.195696983427577,0.291487310177148,0.271680991726636,0.495277185319013,-0.534430769788086,0.450415767043195,-0.764005895146927,-0.245378501750263,0.206650594863818,-0.532180761080988,-0.833140775616934,-2.02984710946813,-1.59029844203175,-0.504100269278404,0.625038151977819,1.36923264243712,2.13849262459968,-0.672941882397408,-0.377133622052631,-1.6109894347898,-1.85342805732171,0.931278681470322,0.110896203179584,-0.57158192756823,-0.320088327860043,-0.56193381656423,-0.0979114266474776,-0.087301342820982,1.74723480624866,1.61903583174039,0.770751876650488,0.547647773657188,1.28154970214404,-0.690961619852767,1.55954092760113,0.125318159233474,0.047373894623645,-1.53487480064168,0.0390637371313932,0.554014234081355,-0.422945953778714,0.477905465672244,1.19475077804288,1.57798001276194,0.981590777412616,1.2640832022813,0.992334408415314,1.38632448720771,0.234171912749096,1.28386237183821,-0.0875319293413306,0.83267102704093,0.0897421321076397,-0.246392339411018,0.737389768688051,1.49067240801234,-0.00650977631064773,0.0788538675338795,-0.839344472772168,0.550918132258732,0.409031968865595,1.04275184345255,0.828561781650207,0.880943668881539,0.422140167985455,0.232998422954868,0.698251075734088,-1.28212315766423,0.912248301701222,-0.0693970282386512,-1.54866978860937,-0.370058582351567,-1.36692306054494,-0.224216486799469,-1.2696749370215,0.425023060147218,-0.558306386548608,-0.290911262165835,0.831007999103067,0.691663103691595,0.618410786345711,-0.509460539867216,0.249688793372729,-0.520844873895125,-0.421361046720591,-1.35756203197104,0.516602529496133,0.501376800088442,0.214100951278076,0.678608151415867,-0.158084866614903,-1.44572169454538,-0.606356826166209,-0.192567323235394,0.599244683263672,-0.211434384153635,0.969096023050108,0.918672600383367,0.609552530895459,0.0169060064507909,0.663645695035477,1.90179380350702,0.75624268667458,1.38222458703591,0.691371157205522,0.721158279387132,0.139957176210799,1.7689386100862,1.13353116300814,-0.961024742390024,0.754214301001163,0.735767857475858,1.36425420542332,0.505953395279362,0.619897006661245,0.0591398133798244,0.747409903141319,1.3926226475944,0.16044179949474,0.371879086249514,-0.162954884818003,1.06402239579185,0.423601655715401,1.2550148807819,0.611766886934821,1.87361648983778,1.14258197041333,0.88819468073589,0.173375046646508,2.15173495645197,1.59616359944816,0.0639135567207071,-0.638051255815708,0.312092142182838,0.143713504055583,-0.122997104678733,0.137501770747359,-0.430411331108268,-0.269201773810643,0.234128775848995,1.48401440434627,0.243700309140009,-1.28667273368764,1.07736843978453,0.0428623679530951,1.17082842158195,-0.0650068191481728,0.720979321222104,1.18309089078261,-0.191468449017545,-0.223360788045485,0.185627613122328,-0.702404096765444,1.11590498874522,-0.362326706479343,0.201665289196234,0.427414634092886,-0.530962898242007,0.296368056778396,0.0397543297108374,0.820627329464748,0.041549996909094,0.437327554382935,1.04510306024055,0.889572222755996,1.08343333630665,-0.423498097216257,-0.124410020873278,0.468683249627271,0.299412943626172,0.073560842840302,-0.170552780639736,1.13275827888759,1.25434552948828,0.330399586137692,0.532485832557921,-0.159515225148931,-1.25678516216427,0.734012791883912,0.794125720584606,0.0703825843524914,-0.411794698334288,-1.97394550282474,-0.539444593182475,-0.309709062954491,-0.739836257473692,-0.605081069368706,-2.05738277275392,-0.801231741010424,1.51187220933555,-0.163820546117924,-0.668545996286802,0.610569564624481,-0.281509016215951,0.743262220430586,0.297431396844491,-0.320060781361405,-0.950495546989356,-0.238527993117505,-0.833519656074024,-1.68286598239707,0.462720176210397,-0.346289078301006,1.51651073846526,1.26571885165129,-0.397637434750622,0.287684285318899,-0.734350363545157,-0.272632682203883,0.339365974614677,0.663926235364847,0.178844359784825,0.869586379528413,0.591795684661418,1.36493813698535,1.35475023240493,1.63874576687448,0.127242091949837,1.04919267586022
1.39154936142567,0.993061831698522,-0.523672990569749,0.416515288366915,-1.61793147402941,0.240388529501334,0.724890574795082,-0.291211048962786,-0.213682363983198,-0.775337440731266,0.0157702312271801,-0.742019275741982,1.1018512757692,-1.18289009081877,-0.357594999041995,0.268896956076841,0.63825807509007,1.78751040144555,1.07546929044011,0.173600066412918,1.02448118365274,0.468266305753606,0.340555379187701,-0.293313420331305,0.923708050310145,0.185778650788379,-0.248764937004581,0.526578595519016,0.0245807320644544,0.715856571366065,1.22229051714165,0.753368978104287,0.632838666085759,0.132290348449696,0.29445269406976,0.497029648999674,0.642832991430673,0.647395019628451,0.538856446922974,0.023145918175401,0.313104916113372,-0.163161591199126,0.0770157820621713,-0.222549270577812,-0.450832863274352,-0.650220433774206,0.389895246535215,-0.120174668318837,0.465801987366409,-0.0806166813098648,-0.305265360055207,1.47743893466581,0.719365516040314,0.6369617630208,0.719021491671223,0.599427815851379,1.02495780094228,0.707578631033369,-0.299705491836433,0.831959003707028,0.972269290928423,1.82908172238591,-0.309044247981873,-0.559641532932894,-0.835700562476423,-0.810940100191488,0.258757413231358,-0.59048544780242,-0.433050293995454,-0.987991950247791,-0.496419147281169,0.129001333106795,-0.370882323054565,-0.673135564101346,0.967004826988199,-1.13717769072203,-0.547514055246856,0.255783197168559,-1.16641701857512,1.22632787265518,-1.38569463523808,-0.548551654515696,0.44712595414879,-0.646077487210859,-1.08316523792902,-2.29901024648492,0.263414548959077,-0.439022239858269,-0.189654460986307,-0.474931473569293,0.15578028719742,0.05807157620502,-0.748083309067641,-0.484210284789987,-0.219976900772812,-1.50277941812492,0.111277896162524,-0.13999666804466,0.0569301321359262,-0.35808058660753,0.143030442539392,0.965882408877987,-0.145083924290436,-0.570897138753786,0.365580601730803,0.785433426980458,-0.0988805354612598,-0.0766892503188501,-0.0710804767450898,0.382659074778485,-0.0824243603253146,0.0866206758885817,0.567869315586624,0.0237485892599945,-0.48649122611637,0.722280086432342,-0.185691076601324,-1.89918456090591,-0.283517069008296,-1.56786565821654,0.543305741816868,0.677087872888677,1.45710501893327,1.70457743137838,1.15393261653776,1.36202750367244,-0.357492694381334,-0.865108844154037,-1.62216013966931,-2.02377979419631,-2.27763783955178,-0.793116812030815,-0.0217682475009921,0.638720920349181,0.462254859876165,0.216907042837256,-1.03425271597791,-0.164631953780111,-0.843338947068775,1.37791903804613,0.601768570548626,1.07362341708929,-0.356177006701349,1.42715434032524,-0.405185700887981,-0.422168425439631,1.7839938493336,-0.291003594699849,1.21196199779397,0.708594536141319,-0.274718804431485,-1.2268888344812,0.438926087774097,1.18524540092997,-2.85522737427465,-0.420338332466772,0.936871194320571,1.37933987863535,-1.43599720740181,-0.797737114413856,1.42068557671275,-0.281426440346653,-0.43200502531952,0.901590053012208,0.789035311563844,-0.700678707875681,-0.741491490824147,1.0474919150461,1.48307066685647,0.0775604094282507,1.71041053775146,1.26378725793276,0.971523982293579,-0.0666484084529421,0.931780578920583,0.904055388362913,-1.86204934812724,-0.126045166310919,0.239795981528057,-1.7735154251377,-2.34341870414104,-1.58145006447391,0.487634223583735,-0.515139634622554,0.0749538307491798,0.737047850902205,0.530405341379438,-0.47095762952708,0.773183385728139,-1.08830407961463,1.60028905140151,-0.465625095741174,1.2525774798176,0.914111719692812,-0.667532872095671,-1.65745475957831,0.192159783347749,-0.589545182914949,0.828678043530211,0.234072141729598,-0.56729508552947,0.326304399004357,0.0774039505467123,-1.46492818035443,0.148198014518992,1.75941009863479,-0.104929848004704,0.61278632442585,0.422026584257489,-0.113336927333467,0.157899350912743,-0.425600364051668,0.109175325863992,-0.38738951120308,0.20229284304428,0.187386773945487,0.330359688378964,-0.291980444700223,0.896370349480081,-0.14673515350343,0.13179711063946,1.73580565830488,0.492525237446062,1.662651878809,1.42016655252049,1.03181624700763,-0.193496848582266,-0.68637741441059,1.18755092121863,0.249969175889194,1.53448785931748,0.183898730424869,-0.485906309147326,-0.276020738798357,0.196322827566548,-0.487034431405651,-1.05669092322716,0.0103879446939202,-0.258165141082467,0.228545298573429,-0.248932199418994,-0.675928691399241,-0.0833673319257113,0.353198107693371,-0.421528485279801,-0.302396787697175,-1.09645526816891,-0.645396705874695,-0.546666064134404,-0.950824925379484,1.30635766152252,0.776340240172789,0.765765420559015,0.97406434826752,0.208344927027088,1.50198270220647,0.468362895600649,1.47801315136739,0.818204001082964,1.31228965188691,0.973902170494865,1.28711766421328,1.00122935170036,0.909244508252968
0.427580041929263,1.21151498870443,0.344589375922058,0.292557126445955,-1.20119568163914,1.62977512377814,1.75569344198314,0.985752288350872,0.136014732556172,0.619874322113678,0.366902002901785,-0.518983732641837,0.71966953622581,-0.574277585015194,-0.148882722167806,0.449368611709265,0.394543867106095,0.267222061507188,-0.469390927552128,0.431369601490818,0.33999804992711,-0.321715687652358,-0.371093931884539,0.0708172340019568,0.532932562698918,1.0980189965185,-0.292141650799897,-0.126745204586613,1.51546076544781,0.287849208281676,-0.457100030277636,-0.64953898600913,1.08206120514528,-0.265243677539551,-0.858829350261772,1.51261471228997,0.491810385697782,-0.391579818989555,0.751935989756983,0.655739365691863,0.225711853971758,0.100755637084927,-1.50414631104468,-0.520427066148141,-1.01436570699956,-1.01735207722307,1.36984195261526,0.107550648677586,0.184876809481671,-0.761379322045134,-0.445485956734864,1.37042115694385,-0.593654061217891,1.02868892630068,-0.539204344167904,0.825088878493426,0.0620944330748021,-0.00205050087669199,-0.359531285512399,1.26604418999216,-1.47503620054056,1.02831735789891,-0.175742513632851,-0.233075201709733,-1.01957347667314,-0.743858569274342,-0.18835831779815,-0.361491866325064,-1.16022383672186,-2.32918351062351,-0.872558260258555,-0.733015844081395,-0.496635060958989,-1.28210746566766,0.161785833769855,-1.37540218322198,-2.4502743257991,-0.966010282037691,-1.29170510870919,0.849684976036266,-0.0216245530960618,0.314727819431219,0.552933920179489,1.08510287982992,0.225886635702637,-1.93398004762097,-0.946387543668199,-3.02190361538532,-2.03853033187038,-2.56397257486019,-2.22144708717907,-1.10809531863199,-1.32096603390988,0.434995209140507,-1.73988699266826,-1.49269667506879,-2.4144363661549,-1.77065505444988,-1.66207355371432,-2.3993991598062,-2.33469914418076,-0.759173002194022,-1.41820903274932,-2.27002486211559,0.181672465141688,0.741300703412845,-0.624624113578823,0.27946095238674,-0.842331137029088,0.0248385277993195,1.01132327102235,-0.249852134992739,-0.540910379771396,0.3708796736348,-1.34510670384228,-0.0574940874607253,0.227168871818752,-2.27212212242394,-0.272571054218413,-2.84316786610207,-1.29675095304485,-0.0615264099864506,1.5500773312957,0.210723662476374,1.51774449086927,2.1366438107879,0.0585861974027361,-0.349942443836245,-0.863890632801157,-2.0184475805411,-2.57135108369484,0.0121500550051285,-1.3713462934704,0.291659174145506,-0.260342562137566,0.853503389509728,-2.01252179310882,-0.0324497211036402,-0.907281545502905,0.26523226314822,0.249352332820782,0.569895825097263,-0.579294594397614,0.679769290256639,-0.150189399737715,-0.0983430900608525,1.84567504928209,-1.13777872580555,1.86622309146453,-0.365578254350672,-0.398186605519857,-1.57212938389344,-0.600659145358265,0.180438417307926,-1.6827083762451,0.0672996048179615,1.24235824630364,0.482547914501606,-0.808236283385085,-2.3012502037677,0.603680505307967,0.692364252331869,-0.922344692919574,0.26643535831652,0.200265328442204,0.317141739716209,-0.103461531873129,-0.345413747058872,1.39069861496984,0.228970465705858,1.10817324309276,-0.0794183556192212,0.180980552216959,-0.684883137161667,-0.759801031481704,-1.30798262797989,-2.36601375754817,0.412401508019931,-0.614516934386539,-0.890432283759726,-0.871829027824558,-0.72420347004447,-0.669919992783219,0.448737282478894,1.0927044852578,-0.0814203091824985,-0.916672399659295,-1.67327257985921,1.40410687198795,-0.805441124476711,1.04872055086628,-0.857438896675832,0.755209901784449,0.140223759647032,-2.11339390788515,-1.85475019115411,0.623553773322785,-0.172926991188866,0.268089941159764,0.307887643162358,-2.26136275021934,-0.642865510461078,0.466831571064562,-0.942811012628721,0.176305987190139,-0.430627260474718,-0.889231840629838,1.15340154356743,1.30686097652906,0.82495631714323,1.07857823293321,-0.677725506711304,0.427602676328379,-2.08588471579046,-0.814081575663183,-0.463915053968173,-0.557147355951244,0.250327898999858,-1.61567118588716,-0.745309043734728,-0.0538065192742584,0.520442155794516,0.308338895177157,-0.56301552936548,0.505720307190622,0.300963741697198,1.45005844679996,-0.261954401679427,-0.0485019313139811,1.83687614995262,0.458340833677852,0.38889695263174,-0.106260458486182,0.194195500542085,-0.993744848522032,-1.07570697173114,-1.20016093112248,-0.94122470685001,-1.64971163465873,-0.0670530478159503,0.537333710385014,0.150261123593289,-0.112621754505366,1.14076112392613,1.19907207170107,0.202530753311705,-0.306874812271559,0.841688642123929,0.229804478459785,-0.596938247453421,0.744121081830442,0.559036959602181,0.833312555629908,0.982490617153352,0.569247319635984,0.993191949868209,-0.246899182249778,0.843757541325159,0.273683166496282,1.14349422152829,0.735060361275723,0.125227445146637,1.09129184886575,1.08181842497322
-0.127764176163333,0.272905138815657,0.937169761726784,-0.265514009249462,0.301185747591368,-2.05610373946061,-1.47066610666229,-1.32261661635514,0.16092029237776,0.550087946518752,-0.318357094375739,-0.132598360397008,1.46086719786142,1.51153212368935,0.0541660266507193,0.973841011404679,0.716885255588426,0.862037863205822,1.14550145057542,0.250390009807577,2.19771721353625,1.00835969104794,1.25099623599293,0.0233311604486583,1.99111334980719,1.07086410740798,-0.219905438977757,2.00159448451562,1.36710603738213,1.61121483750454,1.21452514619514,2.21900619187112,0.404005959311825,1.09736444367012,0.775646678555533,1.29066761087667,0.260556314937661,0.778902129755615,0.613590042549725,0.572065792771561,1.34323453016841,0.220440699461651,1.11614246506253,0.333635384803284,-0.212259140482246,-0.616284424287701,1.27356132646631,1.6257952201155,2.10302687992142,0.615048755215021,1.06866214865866,-1.07583178999723,0.935699809474284,1.24724946756894,0.551641311631492,-1.24347237167083,0.196145070734391,-0.930003518122642,1.22952547996341,-0.955907591505871,1.59697154351881,0.913540631675967,-0.470607986055256,1.06345530656962,-0.0385175902277504,0.406973247133464,1.67285250766278,0.802317843140802,0.143979874709894,-0.142269336436194,-0.018706403429632,0.687659786709786,1.0703343014834,-0.80933248345795,-0.48911187536405,-1.1693711450275,0.202181088706272,0.261816855821312,-0.047097212958818,0.846890182946329,0.737008217299113,0.504695232901945,-0.529915651169821,-0.872182697174648,0.184623600056405,-0.843245027039419,-0.562044635110221,-2.20508214788024,-1.95202818012268,-0.575481018653707,-1.34876916696766,-2.07242355450839,-1.37784603951183,-0.211568677846406,0.286076780878065,-0.265945783225853,0.177265726500262,0.399790215075647,-0.0386490515700783,-1.44262987517315,-0.102317613888717,1.26983367404154,0.764833448735684,-0.465783927976759,-1.54094281535666,-0.571360526938788,-1.33754804553914,-1.08165190813509,-1.04754747871657,-1.08754057726912,-1.09761494330865,0.11742948652421,-1.27735878777566,-0.908165806212981,-0.285224508760378,-0.746931400296391,-1.22164263259392,-0.691349994732039,-0.670651492315565,-0.152927751351309,-0.202651537494028,0.575357241250085,-1.78429654760936,0.0153647152899723,-0.432610364105952,-0.538431152165711,-1.43687574126202,0.151998313840597,0.732754690440389,0.17681962744531,-0.551606421290811,-0.387870904525187,-1.91153837398315,-0.383273754722858,-0.457222201650329,0.864370820850519,-0.493757713727812,0.577740488805725,0.496204982114596,0.854918918393574,0.0530579764195893,0.238076519270245,0.49692685447476,1.82300803416348,0.597879591360591,0.91053877816063,0.561509452318856,0.793988767908884,0.988478339318391,0.558409291315255,1.0133152247523,0.685385264464069,0.905304488148448,0.354680739748618,-1.23449768303179,0.50260755104227,1.35588685273511,0.271559288767022,-0.620505751508485,0.257097765188055,1.053834627573,1.06732840370404,-0.616239850162835,-0.181375376987708,0.463348360619441,-0.0964510721307869,0.459330081961338,0.255527190371146,1.40537054401047,0.891210503894761,1.1516049286689,-0.189637270588595,0.708546901229031,0.632183919744597,0.205526313121865,0.166130165402797,-1.03298156793209,0.765900066766575,0.470173685568855,0.140918048266541,0.0808667977584219,0.573594949170795,-0.215771760599601,-1.53629318944562,-1.08924988990329,0.529894016371683,0.114927364240957,-0.632132924256176,-0.223317127209523,0.535712548077438,0.91753776562495,0.291647781889328,1.59194412326516,0.516523598751061,-0.578884500339814,-0.727021897702331,-1.18140303468219,-1.43092369232163,0.622111410992285,0.00194845055831385,-1.37491026575724,0.474147243045064,1.03012589472543,0.65320835552769,0.763054752346604,0.598397600400584,-0.916710355080771,-0.710730654242783,-0.806287728121308,-1.085716164211,-1.10431898818987,1.25628883697395,1.42978276501296,-2.1249136755331,1.55516797082351,1.47032593142489,1.62691756360443,-1.72584737088428,0.0823613475650452,-1.83846543677673,-1.0346297843168,0.422569347343104,-0.0962251482035341,1.23767833044496,0.727881202123754,0.745249719208209,-0.00588143681634825,-0.0628962414849502,1.16639030368451,-0.447858594514826,0.78347494785559,1.30277612098124,-0.307970571060886,0.0957852843458603,-0.122673817221841,-0.468261673262686,0.0333449197017867,-0.568726485447768,-1.32927281294115,0.372947233506148,-0.810006810868863,-1.09852309285432,0.354255798407676,-0.56837112706248,-0.905890705228413,-0.0443927002865103,1.54078961467127,-0.208501592164775,1.49609960579565,1.47495714991541,1.82155546528518,1.48878302734973,-0.638570063406178,-0.152014342522658,1.22124468084815,1.72797127124096,1.06955232633067,2.38789899875669,0.446801889220624,0.841084820384449,1.16061090594099,0.299938407878859,1.78011626496654,2.07190618617446
-1.13133337568948,-0.380130109712059,-0.476120594202395,0.257930886407643,-1.95366757881088,0.864561907032732,1.11074949803693,0.0431328685985736,-0.438315602764215,-0.791465617127812,0.132155061967156,-0.691790835813388,0.752738078573595,-0.954056268131394,-0.833760375537505,0.582972141428406,0.338991009268491,0.247767636923902,-0.0981047318091183,0.267496433783537,0.180072033398272,-0.53805160139917,-0.232184897783238,0.274721661390389,0.370896664493134,0.250622386641562,-0.367331163862595,0.437321605367452,0.950090781031783,0.844677788265617,0.249548182792562,-0.187549272857597,0.685830686155292,0.319801525886794,0.552270875243039,0.848328104044963,0.246101557017844,-0.230824435043142,0.19792672313964,0.534139875192718,0.498982960304137,-0.523172982279086,1.37992480294332,-0.0677892758494844,0.153488822939217,-0.165246937259248,0.775783657531877,0.589952092868306,0.133508509281637,0.513288437903758,-0.918839632815836,1.83100239140281,0.0502413072535402,0.965661567557335,1.18610678057956,1.16817965183885,1.6181535195699,1.92345715280378,0.583077636394793,0.977282538698739,2.01946875566434,-0.433236071536449,0.70877851209675,1.26281897445746,0.374673977461194,0.627496918611493,1.50776296132435,1.28158574713937,0.730777868595073,0.183194500528868,0.715010547313428,0.461602029977263,1.471013869557,-2.03196180157304,-1.53391773080111,-2.92528792830167,0.944298745036794,-0.137435926687415,-0.0249506351495921,0.0302741850173901,0.308954980687376,-0.130245128009155,0.705629836736847,0.325208197085096,-1.53792945385556,-0.984130127684615,-0.295614133822727,-1.5737530156395,-2.88950076498156,-0.343815337366767,-0.588692416474249,-2.88570451662907,-1.35439568368742,-1.96563779233643,-0.437795403884755,-0.655889885759668,-2.06937531707922,-0.973509926919202,-0.661529222439532,-1.60459776423751,-1.47820504855261,-0.373595721673366,-0.288162869474917,-0.74346976378476,-0.802628297168975,-1.36858796883206,-1.856819943894,-1.78612695688508,-1.77006917018095,-1.18957073850029,-0.00845916712080994,0.478783768322955,0.134298689301086,-0.344073760071947,-0.49470155194967,0.963261585732685,0.812104737466254,-0.994330933421752,0.864413256958745,-0.904327943430965,-2.27227971380411,-0.516860184231005,0.469574193869385,1.77999160327987,1.69276850500666,1.67506798384934,-0.478943313340282,-0.78428081330387,-0.951413305001781,-0.899231277154922,0.027227064447604,-0.9111341602369,-1.82403358032616,-0.751932537960044,-1.08721297204891,0.204575544424674,0.130558428580264,0.299525855711676,-1.13789677670301,0.0642818554416673,-0.459795801514524,-1.02218513819557,1.80953979263458,1.05173654239857,1.41481214560088,1.30015653134191,0.143941516679191,1.59989371628972,0.557743024698055,1.20160391586433,1.49482392158599,0.976029198013795,-0.637965330825013,0.295517466100878,-0.550810364358854,0.373730362703857,0.20635251667324,0.13871723788628,-0.511497023511104,0.85193899185248,0.755509015050446,0.70030071455987,-0.347189964350848,-0.147825141532266,0.159805524750803,-0.48735846937301,0.432187965865873,-0.494199079300785,0.900284365538076,1.23943521547263,0.610728943040977,0.422522198319415,0.593922458145771,-0.0324821388084018,-0.784680246092542,-0.153967742483153,-1.17699376435297,1.17541595708785,-0.0345427665408411,-1.52326370180757,-1.25578936415789,-0.193996817427422,-0.545485972507588,-0.195667404539574,0.00604715425390851,0.0125492500690443,-0.303335998594314,-0.351931949851474,1.55742621462085,-0.103880390229998,0.346537088773919,0.422899227082226,0.58619477456571,0.0518039945782029,-1.04612044166773,-1.27374328840331,-0.227765876124496,-0.477472166616433,0.169863584125897,1.36277130555355,-1.77049460271009,0.76748847116673,0.296231812602296,-0.561659957262286,-0.161356452247162,0.37058339876236,0.27233335574296,1.05498775603116,0.847730743407731,0.420872404011602,0.0928416432282817,0.0395807559426525,1.07046127139336,-1.88185226585931,0.366139022029354,0.0608073097788323,-0.339592313704183,-0.567858046201424,-0.82234369287749,-0.356384287615734,-1.20408730080181,1.44230256543019,0.445123373605667,1.66290622084532,1.92057041245738,0.984226897079872,1.4151345994984,-0.706151660851083,2.42835335502968,1.07795076314437,1.90566988327567,2.21953471528882,-0.595066148084972,-0.291801047948951,-1.92297810621861,-1.11933968893917,-0.0810967455488592,-0.630167381944978,-0.950733733340779,-1.18492228967359,-0.587321917008931,0.983873514830764,0.457408072871056,0.523851640278121,0.568378998703071,0.0722600596539434,-0.766386397901192,-1.11504824414088,-0.521817517706678,-1.10251181022413,0.854713384821408,1.31719280067222,0.504301963524391,-0.00327098309479014,0.69865660615831,0.712530947187138,0.476159367411963,0.699057479653185,0.0696417600205883,0.195982233728396,0.370245629173909,0.143391650044588,0.965189491962292,0.469645196233992
-0.183611093123094,1.2899950815041,0.467249396618222,-0.849957907944413,-0.939297483990112,0.672142504509445,-0.064501187307811,-0.771737275546493,-0.374183445308656,-0.0166225745732044,-0.625502535297108,0.0427395493043102,1.38381972906966,0.715520266743698,0.513117487984193,1.16221292054225,1.88496173214045,1.07740516481456,0.879683753079091,0.588733193969138,1.69353649660228,0.783140262272523,0.743685339733204,0.256108061534141,1.59594527905877,0.250989009414544,-0.322188950416014,2.23714481908585,1.03829173052904,1.33752780808078,1.05156094252718,1.36992999639305,0.627286054177557,1.11110976756681,0.935273740094714,1.21638516339545,-0.0562892903086038,0.627339079235781,1.87075816618731,1.49321792497409,0.618716345386979,-0.245392799545622,-0.0759179578570626,-0.500669952321002,-0.258366860601264,-0.291766129562778,1.55802704544109,-0.162264019905527,2.07320342123085,1.03659624481121,-0.00170431646877493,-0.578672668032919,1.34067659976956,0.813911561544913,-0.338582720945318,-0.558077243001336,0.0229232852293714,-0.212439648800837,0.201211715451498,-1.33006970938869,0.541754413537056,-1.98117911640022,0.769145199010908,0.252081370877011,1.1024932428194,0.712490082965319,0.401741768266687,0.797652769240657,0.511986871380599,-0.0276505958247955,0.318139601813344,0.298261955659824,0.0862649262922101,-2.82675027023029,-0.582027204578805,-1.14070089260321,-0.25537526618383,1.87968347713913,-0.0849259017401683,-1.69061228742221,0.450448343780126,0.119047875444825,-0.96869994004619,-1.27974742074864,0.659861572168688,-0.528151234170618,-0.968612539074616,-1.476146504737,-1.11306653304975,-1.72322767580273,-0.928719407600476,-1.72217537388141,-1.16771151987551,0.334608800542601,-1.35550970597578,-0.845927689155459,-1.17031892599698,-0.55534905921263,-0.625414830660856,-1.21485023478849,-0.489170693469493,0.55171325888206,0.375436756310947,0.234697893352132,-1.45168852356798,-0.774206142430824,-1.5691312281224,-1.7887278151894,-0.830576208090237,-0.239335399669638,-1.23871998186691,0.0257623242954345,-0.175165737289293,-1.34673526760275,0.617888875452477,-0.296488966431856,-1.0923596476118,-0.460309240354751,-0.801966352668549,-1.28334001901401,-1.03667194585742,0.305445468364698,-1.34966092614146,-0.0628799886086918,-0.0614186298003295,-0.540779975352671,-0.662572529181402,-1.00030846987103,0.956697087199563,-2.075934946534,-0.167450733371442,0.0121153086285415,-0.721345398675599,0.635625830311371,0.808279681922586,0.740280448971009,0.910555741068007,0.899862846645498,-0.369937823859071,0.862444665386885,0.780106975888913,-0.235329179618147,-0.39086284614267,-0.571666980633879,0.794227720747655,0.730486673655106,-0.26186642425288,0.569872269053378,0.68460117697004,0.716325210846906,0.769026694890993,0.0507575188190077,-0.439677506720144,-0.0153714352707939,0.252515325659709,0.663098008747608,0.653521676263448,0.436228877337229,0.0675515739831956,-0.0485794155959304,0.731896466050074,0.88394280347758,0.0450822990526789,-1.07453657196413,0.963606313869399,1.50306024047993,0.246660742687548,0.181416670935898,0.660778605914128,1.00029343786635,-0.257327794673453,-0.218567847046352,0.445643997510862,0.165241849891461,-0.852199810050148,-0.340959441520195,-1.51306806076704,1.32690516300643,0.525929776978293,-0.93177177340667,-0.120030653313719,0.363541471639272,0.788460582741992,-1.00855272260993,-0.712652619205738,-0.0537661523956395,0.538362702322807,-0.578666968873462,0.0709294625506382,0.740191060630753,0.0274209770819683,0.49611844771563,0.791846739428863,-0.033980246258116,-1.48835418141408,-1.34674808773552,-1.42648053536625,-0.915904331288199,0.202560850509492,1.34813716493629,-1.44367402859591,-0.219265122325218,1.90855928813628,-0.644120776597037,-0.394662434414407,0.873416313219815,-1.29259144919998,-1.17531047197054,-1.58374910061207,-1.497935599007,-1.66786861557319,-0.07606093589428,0.360025225734054,-1.79069854365578,-0.274815778763741,-0.503858982714895,-0.340758081064712,-1.93643765344868,0.634481949071079,-1.96761768562337,-0.351340939685188,1.45618067304505,1.70121455773295,0.514770320729952,0.501555929838718,1.23364516525045,-1.11854987704559,2.19482891169723,-0.0155437238633792,-1.17880191404795,-0.0303715921732735,-0.395455516019673,1.43032667169702,1.24525011822952,-3.40206663700477,-2.05121181672841,0.339084384754154,-1.33261456388695,-1.52329986980158,-2.46605652942587,-1.58524950969655,-0.824219749208868,0.79518734893701,-0.624773994103957,-0.668701820811749,0.688965736885082,0.221079161045694,1.53641899982876,-0.938836074656963,0.469535145785781,1.67103421253255,0.647722137879688,-0.837581098041173,-0.991113363210962,1.21462452181768,1.7489819041549,-0.994398947349037,1.85196986558845,0.312830874533308,-0.0345544918376737,0.882073890704237,-1.40271230365906,1.09478206874767,1.92333607771352
-1.74596692670357,-0.0277710641709122,0.125878505360121,-0.130927038297733,-1.10287013043771,-0.0758832961801137,-0.0826197473470494,-0.632042378841376,-1.55504102490895,0.00792055878704172,-1.14033113064759,-0.4455353929346,0.293406537142421,0.709423099719607,0.12413529806544,0.156797357872324,0.532580805582861,-0.210563275455918,-0.0298581219545302,1.99260512488636,0.0504663255831619,0.209788181745133,0.0395932365389979,1.59431829890685,0.729418249311535,1.51398111366363,-0.161966426869298,0.745734459162708,1.58670948073151,1.16021125062957,-0.196115408031565,-0.200350646136583,2.02492570051761,0.22956319515954,0.0476525065668931,1.57981610542833,0.398121150300036,-0.198467992183088,0.422600912697988,0.470776773271434,1.44131632410774,1.36952292006199,-0.0842534198357349,1.00673012228541,0.778630591623885,0.398974155039608,1.65757765612706,0.44254863853932,0.252148593657137,-0.0752405698682051,-0.45008340191854,0.238949769877017,-0.279844118522182,1.42172755285749,0.0272497486907277,0.59221013684595,-0.575111988078942,0.514082993965856,-0.363699312308852,0.111570458822122,-0.162964025090564,-2.62531698953262,0.508951044306777,1.51198742417899,0.83549428791193,0.73488547654393,0.35230739182194,2.21561745609841,1.43440531110774,-0.11977684521956,0.594014507023273,0.893836405251777,1.51940161773986,-2.69988378464402,-1.32980975310064,-1.92165777678222,-0.215557742865957,0.0692841852720715,-0.2832611067842,-1.89505790408616,-0.067117421036124,-0.722895463084964,-0.744019021548093,-0.637247871146344,-0.164739474085269,-0.952213548547583,-1.25195746639938,-1.60339071347601,-1.52026114673393,-0.513031047666241,-0.828250941081648,-2.44608930711985,-0.375179169283599,-1.3652231675991,0.091619100438798,-0.805827259578831,-0.99215995695748,-0.925088469323018,-0.0861193693507675,-0.4944755304485,-1.58574957628785,-0.928021638473664,-0.608284188647754,-0.579440499078574,-1.243058883592,-1.31939105477406,-1.78342200666792,-1.72922971421816,-1.51464743354268,-1.16233398280432,0.00374221809515053,-0.348924914229891,-1.13654900697679,-0.620277809856578,-1.13334349902868,-2.58476549320443,-0.467397410288886,-0.777866093144532,-1.84570132411921,-2.46594676290484,-1.27251219167615,-1.63449771118203,-0.843429381860627,-1.30546896450463,-0.988131678997369,-0.933787628988107,-0.440119648635049,-1.34116789565496,0.100859478257658,-1.01771978811522,-0.471701185374561,0.0656869355585432,-0.734371800211765,0.0347110331208641,-0.000749200663167179,-0.458334766665801,-0.519719369707531,0.492400749772504,-0.855215298253554,-0.662806162233346,-0.712900745676664,-1.67414968558763,-0.655440734492865,-0.699911084672965,1.11264089490574,1.23660584213906,-0.684037712386635,0.655202141453517,0.837312673783971,-0.442097578824215,0.58984613011003,0.656215485771066,-1.50803422289588,-1.09589401091955,0.27345854530625,0.337161310389965,-0.595007822220752,0.017768565932696,-0.126816189138951,-0.241218114159326,-0.570710235334745,0.833221385112635,0.415160733492835,-0.650272587489988,-0.0626316076511835,0.0879832752085228,0.642248299576051,-1.39559043936674,0.586662488800804,1.23372673341265,0.239357268063157,-0.730368975612977,-0.207150227769364,1.19573601120001,-0.757152250412716,-0.281986351761017,-0.785171452308207,1.64678660199063,-0.754622012195514,-1.38191821562943,-0.730124178490536,0.173282772977668,-1.46163716860796,-0.330511800188611,0.346121045978866,0.532363207968295,1.49390253666764,-0.639693825419712,0.384417279904667,0.679837840097787,-0.0696294112238402,0.710029307011932,1.3027510324056,-0.359964394685876,-0.833812387789935,-0.79211353782638,-0.299732866389541,-0.199825335332227,0.0992644866567403,1.17770927293098,-1.3991379443365,0.182316166605711,0.492449273180904,-0.975753156889192,-0.0404362709996553,-1.19649570489301,-1.49038836528377,0.508392964201816,0.21620602195765,-0.0783715295227589,-0.00595392032391168,-1.55878792376956,0.79241369309589,-2.36460930754498,-1.76771732128177,-0.626063569493045,-2.00229242824823,-0.660119239295353,-1.90131343292327,-0.371157893815966,0.800977755801396,-1.65104014736069,-0.694949345810804,0.210627213681917,-0.236808106060391,-1.8053643221153,0.75169567034764,-0.381149518821708,-0.707010111806315,-0.43395625592092,-0.677540807438229,-0.257075184926771,-1.23288167954558,0.466803561301917,-2.25563280705187,-1.65755053458327,0.914494116749054,-0.909568631885215,-2.14327743446356,-1.8863416670566,-0.757440346325585,0.345285692088412,-1.38927633564425,-0.301400478657386,0.0901185786827864,-0.310606173741817,-0.101903119355827,0.0551084248138493,0.274525734393141,0.425962584277457,0.278966341009234,0.37346016590732,-0.357552341621467,-1.61168323159148,1.82109604497949,0.399577180574983,-1.71609050840622,0.894727173503219,1.20735253636637,-0.0922246866846535,1.04306725928392,-2.0820379449442,0.579273292829723,0.862698473688153
-0.474351803702149,0.0551243586712133,-0.160572448733073,-0.58490193903686,-0.86927912506259,-2.11220729856397,-1.47217979399707,-1.68536775901347,-0.888169089870417,-0.590826536631264,-1.14651954362407,0.180076335314036,1.37548009700762,0.546599238741441,0.158964180653925,0.154257003023259,0.857434457221005,0.855686193704977,1.02586364377282,1.11883523303458,1.46419438453327,0.918364220944085,0.429906801355545,0.0725398893324056,1.12252586862421,0.0608577459554584,0.191764862658123,1.57021648229236,0.524781070664472,1.3428665914109,0.873653353254756,0.586509546484104,0.379544293012172,1.22105533460717,0.470961010863968,0.610647112978072,0.534803830669066,1.13063430200382,0.400825438625642,0.216333741740372,0.676727526048954,1.14646983065292,1.25780993738913,1.22175730976453,1.26766588998595,0.992194218790117,0.805785891640973,-0.0544999099731859,1.30231277803483,1.31439871279676,0.962497000515419,-0.976771999127913,1.02269654295902,0.353379680901338,0.840692951760824,-0.537895091354226,0.31714255936687,0.28644038204908,0.560874621778304,-1.02892065557628,1.02722694994487,-2.00907446443861,0.722547996886891,1.10154820054286,1.00782887475586,1.51236977555344,0.441263053455389,1.1986492888243,0.851565934873672,1.36492667743026,1.00523571542396,0.763405462487701,1.11093023587974,-1.69909912689183,-0.849621165095727,-1.4585424744369,0.884271873708009,1.68911471240245,-0.321052983037496,-1.51424047897858,0.0658152329844573,-0.478712095145804,-1.4113376997148,-0.731169400656244,0.0292139655246429,-0.981934963393815,-0.922622533808065,-1.11282613581413,-0.577480336665592,-0.149827223561443,0.458454360851008,-1.56150722452298,-0.549516464310225,-0.464212113737941,0.136074276517069,-0.983367766598442,0.197196387037028,0.843898091639423,1.08550341883507,-0.317452895565246,0.507084066081507,0.668209037261193,0.682091920702233,0.808390583434638,-1.36234945918082,-1.11909299059881,-1.53139880621209,-1.70791040336736,-1.34785139579749,-1.04593576289216,-0.833061315947848,0.171356740795661,-0.147214081154138,-1.3437951188554,0.34982354858576,-1.28427010201488,-1.12670918881407,0.0656661010083962,-2.25163431167852,-0.579662064269272,-0.0179310770702865,0.308562563450444,-1.49390500059096,0.717936864195017,-0.71668711879184,-1.34469155525052,-1.04463544109092,-0.327065555788928,0.624224703245564,-1.01559140140961,0.353666539185312,-0.0783171618614221,-0.955483247778977,0.941287714676008,0.879138110590993,0.322773581204639,0.579748971946025,0.76564216968075,0.57911412653068,0.909829384193092,0.188165251352909,-0.0009157693169088,0.392072170206621,-0.103280678552129,1.19542016884482,1.15589942824817,-0.406828434483029,1.41102194480347,0.362125459241659,0.818274337495763,1.19412916604037,1.04245714399875,-0.735731052325276,0.141923423738775,-0.032356827349131,0.218006547775719,0.216290876672547,0.730543064073489,-0.101005157032101,0.732622396903716,-0.504521219040386,0.543162239329803,0.606836127530156,-0.228221787167151,0.832121471488174,0.779469185626048,0.776369922220418,-0.364555184855152,0.772255028766675,1.26011491386968,0.100270878426307,0.219146411986729,0.661645751142443,1.10791005085216,0.258824781227696,0.677567767180086,-0.792194924429805,1.11044266015655,-0.368699815081601,-0.714173160113286,-0.0907461471419462,0.255463054684316,-0.367005939549195,-1.05136522024921,-0.957577130733421,0.361737018433128,1.27519733315648,0.594149647850277,-0.881386081641111,0.205500713625277,0.323942839632055,-0.0770216240559768,1.30223866750216,-0.233750966455404,-0.345482826757648,-0.817582823989421,-1.1973513359855,-0.791118291426392,0.0867168571986762,0.425926788557268,-0.360230455838915,0.378850764849542,1.14961606412316,-1.04772822654111,-0.207865450552447,0.847398261891147,-1.16488751350598,-0.801857594381122,-1.18517563000651,-0.949664196854684,-1.30423500250983,0.60188024930911,0.411380211824648,-1.30806875717647,1.14478804452636,0.682914224950259,0.639374178625842,-1.54893053305056,0.640432715562602,-0.88432968540448,-0.5032968010061,0.953504858956704,0.726821782538102,1.88061304147784,1.82767450510884,0.0700891747900359,-0.485407530813722,-0.256525566843167,1.18156764842375,-0.47010747975783,0.580221573224841,0.811707183297383,-0.182947639208302,0.604479566114267,-1.55947439129084,-1.53882576797476,0.590099991267736,-0.245444761073838,-1.20612601759504,-1.5138842714246,-1.1127211635941,-0.789364378113612,0.125376291249418,-0.560492683899637,-0.90962886316427,-0.483810822105705,1.01612879997453,-0.365035221169678,0.257461394226884,1.07727462956334,1.95084539583698,-0.083816059333163,-1.28028700612241,-1.77288885654015,0.463914828599024,1.86744073753059,-1.00087777653459,1.60066996246164,0.858050996819001,0.299678839962794,1.22830327682846,-0.887892359599784,0.626138676820101,1.3190437479487
-0.813806797655546,-0.534662494242872,0.367884690081818,-0.658106646299773,-1.08324284578394,0.0284965970930467,0.17360032804851,-1.39805967942467,-1.25238990968383,-0.913113817467513,-1.18029998726738,0.317380224453353,0.199042142458853,-0.480369811323666,-0.823895127158275,-0.480694229634595,0.570001746881233,0.114986675730927,0.0882722959299094,1.15108485496497,-0.432812456044225,-0.781448678787483,0.521921719721306,1.3367926800178,0.304716074758501,-0.279917126367901,0.169441340818505,1.10802579641324,0.512404895990332,0.819249333383218,-0.279915152559792,-0.54286926575585,1.05287919758425,1.08269887388067,0.840889211691262,0.0807046356480218,0.608647229872621,-0.345011164690687,0.130599570582143,0.0961383442151238,0.226104081464774,1.6235344925929,1.59051293228981,1.99266796736947,1.55583838782993,2.14299420433438,0.922464372288081,-0.0568240337706629,0.141475528924727,1.02573655005449,0.531593325076738,0.580713953907977,0.259853733083382,0.687446468651976,1.61341091782961,1.15587875593817,1.73046279162906,2.11904053390781,0.915623748565314,0.586490706880172,0.4984420865786,-0.812098228035255,1.96363485616036,0.709827733958546,1.35477463505006,1.61016875732586,0.0348371682636947,1.4890829580701,1.13660767735637,1.61003914396212,1.79841838381336,1.13963785524833,1.19344108654235,-2.434525858338,-0.120293651803559,-1.96156930454463,1.79165428072204,1.95611504481514,-0.560289866242761,-1.70737808855297,0.614197467852201,0.197814607967636,-0.841201925027053,-0.656687814046193,-0.151456898223666,-1.14687954482036,-0.728571608288523,0.331869074321146,-0.255957187572365,0.952605981754581,0.993964175679871,-0.925826440928941,0.674358994261299,-0.940520390915639,0.50700447686008,-0.742194852451179,-0.118550842187687,0.483087295721609,0.917110478859032,-0.239843695049057,-0.267275729471293,0.2205542081265,0.48187816862592,1.24971542065607,-0.448592955562119,-0.828769194430805,-0.212072722959643,-0.491067804844407,-0.275932241792823,0.308643249196993,-0.250713925858787,1.71436476023519,1.65071440434073,-0.957060822149828,0.99152905476442,-0.612399475049325,-0.166052894065302,0.2450054491293,-0.125315841561321,-0.469423872690872,0.0842943821512396,0.644808340959593,0.0454982706806935,0.96693326328258,0.501854315771669,0.116354810396783,-1.43398155387343,-0.542205016544065,0.231409795505179,-0.887789743724661,0.765797257813843,1.08787619238742,0.0584311238499998,0.520463403000735,0.305152934482375,-0.349788879168685,1.579872099535,1.38560141730626,0.583392923277727,-0.331925245450401,-0.821142355279204,-0.176930147492808,1.05442852009167,-1.34875443119916,1.41650365819154,1.23060224830371,-0.503640081656022,1.56245806300575,0.0109686225982909,0.895317129676229,1.05721767392449,1.21502333020356,-2.07046802453029,-0.193446932544194,0.344014064566578,-0.247161642788055,-0.469183562136473,0.946911493628222,0.257547729703466,1.04048586816911,-0.781878696379736,-0.224557237544564,0.855354903238238,0.176632065592552,-0.213599186091115,0.0257622300405421,0.58177741664171,-1.39640135206578,0.221432858135108,1.17500636460189,-0.321161355195084,0.172416990840648,-0.223005297434377,0.718639522998844,1.60835623133357,1.61965096230374,-0.347451872015662,1.8661417652444,-0.584576456740955,-1.41419568974239,-0.727025353057655,0.225586358350503,-0.789048933120887,-0.969286619059677,-0.58962929152491,1.54308764891983,1.25500550523966,1.04930962775588,-0.611326773840437,-0.0938836304382465,0.179361560161152,0.36204621765053,0.838426693387993,-0.332824903592424,0.0565449590446212,1.07318514147819,-0.544290503619435,0.815806006882415,0.287560975495714,0.643185767418987,0.545442401795102,2.29198234728761,-0.0535410573170742,-0.835209903330045,0.371851728473225,-0.292522873867597,0.527209025581602,0.536798761506109,0.255387691178677,0.348091865522451,0.156359628224431,1.07864809395495,0.942217653421203,-0.803907532982043,1.44602739448057,0.876459977171566,0.773600598714711,-0.960202789274237,-0.582537366342985,0.0234570958027397,0.310029368483852,1.84624956338055,0.949327079460947,2.790187738728,2.56834908830177,1.82341680861172,-0.0908016249841096,-0.703738307866192,1.61243952745258,-0.124528914389779,1.65578154574495,1.8668657137573,-0.487945858091087,-0.3380979073118,-1.17174684628921,-0.346175779320333,1.20645150575511,0.822453744810796,0.368151921039996,-0.781885792514039,-0.0364087405895954,0.837136326126103,-0.317645011697635,-0.615758885765302,0.212710670893334,-0.133377057410333,-0.195642005324179,-0.422370834566685,-0.297481338490556,-0.0267560804952514,0.0374675815077455,-0.328638495867375,-0.431429009154578,-1.20734742363944,-0.0716099430025157,-0.0222617584043088,-1.10546626794382,-0.247471720446456,0.977637725421708,0.0134327421474705,0.835317897362852,0.16491322065859,0.224940822704705,0.381174239102272
0.581739643837969,1.88289253875339,1.18058025776698,-1.13479306826334,1.45095236404152,-0.39386951031605,-0.889573912473481,-0.626164170926553,-0.197247149088765,0.0820764139948684,-1.19123888292587,0.888338202715622,1.35226839201953,2.4353852465584,0.725352519791637,0.391568037870476,1.90844860281331,1.45855891560673,1.32207494320891,0.911407161775056,0.871420235239512,1.19222051909438,1.2433304880769,-0.203960112741617,0.619241288764621,-0.316208008439769,0.00771686340509676,2.65322716002652,-0.609302335224082,0.993098297139138,1.34173040654052,1.32825625176166,0.757840441299342,2.53286937608549,0.948264187498974,-0.954753978837623,0.244044870268367,0.951753652858228,1.62924062470572,0.700595710982314,0.189683381602217,0.950519656257841,-0.615851020972889,0.915686053692937,0.212152076186601,1.2386994091476,0.362805208720483,0.227220010980902,1.44247828559152,1.4089551397264,1.13926161255874,-1.21495607990535,1.18282678720558,-0.011652485134207,-0.783017604821297,-0.793741368120134,-0.269145351953138,-0.326908694759171,0.373738624304714,-1.59515933250609,-1.6600181365698,-1.30973141882448,0.615621829776959,-1.16615034258775,0.737480508268631,0.320452111455618,-1.67223898300835,-0.00563491632054428,-0.333578335042328,0.756547097205482,0.375185961014299,0.43827181966994,-1.13088134735704,0.372360011669025,0.765314659744005,0.9803164954912,0.0293493440238395,1.93564193469565,0.0586116746446343,0.0408226586831948,0.951224719086581,1.3006770329378,-1.5245554050702,-1.38176889526948,1.96944676277242,1.01144191931018,0.64121140539501,1.7085329427771,2.18283906495462,-0.350224840305451,0.786022390411937,1.00402084360285,0.412343260241397,3.52866066610256,-0.841989696895613,0.371937180651501,0.309121206475871,1.32219969119979,1.83019385352834,0.582500298547086,0.26944840878971,0.563249480140955,0.886641181641256,0.953993650912236,-1.09755458017466,-0.250075223283324,0.669336874138639,0.253305447355789,1.28003705695627,1.51198349038529,-1.14627366468237,1.57040159952183,0.740976987264652,-1.58662751320341,1.49191243181787,-0.163741673621559,-1.15621080328033,0.454044761935602,0.443573570378829,0.486651049520074,1.04041985046646,0.99611954606362,-1.65223719939953,-0.563191161194023,-0.0474749429216467,-1.38359148335826,-1.67003116651859,0.197529724988294,0.62380903279115,0.144313419434128,1.10689916987325,1.75542292101688,2.07514180881451,2.46294930347946,2.7231522947093,2.40815519313185,1.74346286439941,2.23114537935743,1.55882598436354,0.794055260657251,0.965548535890475,0.880157899474048,-1.20428313409661,-1.61403736272441,-0.218586061210641,-0.460732858651961,-0.0539684356471051,-1.11418112271134,-0.0158151718343927,0.341509793777914,-0.62324574212886,-0.861747651338501,-1.40394898526639,-0.431775988177137,-0.278137491529838,-1.29436510439394,0.356300086275905,-0.0172443279535516,-0.744487041626468,-1.25418180565871,-0.5551000202169,-0.803299652293871,0.270929605552566,-1.02269365488899,0.961148333392928,1.54594420894188,-0.751896232251291,-0.249263472159311,0.370449573964961,0.0547387005943974,-1.45955962309085,-0.493168453237632,-0.921048198151903,0.699422316765704,1.46145868869162,1.56461816400127,1.23369325796822,1.09819756960628,0.338914572931042,-0.144816030193513,1.22763069329949,1.57197682079229,0.311115523462737,-1.42593907129593,-1.02539681841795,0.966992761253677,0.522924887869355,-0.0540393365525576,-1.44736934947196,1.22273031828993,1.15304592745519,0.536784072275543,0.587348741152818,0.585560619207163,1.11908579581674,0.972673331499224,-1.19361298210871,0.0885750323167844,1.50461663919899,0.286982675329145,0.566828143795388,1.14065475307245,2.76047173774377,0.669460317765382,-0.24441841910531,0.928332200851053,0.203912012897872,-1.26246697249717,-1.46614981508555,-0.702926202399777,-0.73021848664909,0.119891984772783,-0.238366405624289,-0.429055525978232,0.110985572074483,0.143449578573268,0.0133987926757901,-1.57390196875135,0.360248319584998,-1.07674550248031,1.43546506274154,1.50230062492172,2.52745766423779,1.03940901077488,1.49725088078744,0.932364730856818,-1.42170421913322,2.08837501035318,-0.762737682574786,-1.31543713577555,-0.00295570923432185,-0.123755074087218,1.9655020394866,1.64529510520005,-0.352650503685889,0.109125306149642,0.23314701311034,-0.622762976055459,0.120174823548234,-0.736729634154823,-0.00102000356902248,-0.782270928018487,0.577057024988499,-1.71105742126434,-0.320361757176369,0.870460331517241,-0.0866815727112189,0.349345515855556,-0.313984215579638,1.39372674786946,0.767897443369454,-1.53096032726758,-1.65417803316734,-0.479558280312892,0.175051521168955,1.30047412435564,-1.70698237205338,0.0304700329911057,1.68043084266139,1.55436737335234,1.54168667732549,0.0583259845910932,0.328168755534798,0.358543508161734
-0.549740562435476,0.156567021423905,1.8063970308046,-1.00401882531259,1.33196207082531,-0.892149008884855,-1.11807592116532,-0.995646941651986,-0.365879896594831,0.385497499214088,-0.522830963079969,0.582252572045867,-1.05047253120762,1.76369948513155,-0.544516294818732,-0.623855361822858,0.331788389035727,-1.12116723837651,-0.314799640305868,1.3109788907776,-1.43743169222136,-0.657696960415293,0.544219336651676,0.018081532842198,-0.71138292657278,0.259146200254366,-1.13614680954581,0.551689210582109,-0.110812478544044,-0.829654185039245,-0.437971691380529,-0.793137200417344,1.81103899177816,1.37108649665503,0.274773872182594,-0.551516749144048,-1.13944940767662,-0.700460444216186,-0.443672561411786,-0.392565036885551,1.13232389496565,1.42547794397651,-0.835213876506201,1.09233931651953,1.11900070034993,0.600849141219518,-0.192233382881111,0.360314597833321,-0.69902564888989,0.310392668416722,0.681961699820515,-1.17320641480264,-0.179106227436345,0.512918528146395,-1.14776091851606,-0.16415356230199,-1.59986468933132,-0.833467628997095,0.959272723127423,-0.346198915876383,-1.65234848099612,-1.83383358342858,-0.13279579748821,-0.911622664516416,-0.0764054214181586,-0.405848699505733,-0.925552886869098,1.44950087729206,0.691640574409782,0.275010800654351,-0.290802700930351,0.122181526471798,-0.89748079268888,1.18794225648722,0.176613010629021,0.684879771097435,0.138903026927779,0.676562668222402,0.916074155301593,0.202609817560435,0.565521180876434,-0.388268362048331,-1.60004288315119,-0.261717570647214,0.638007700779377,1.87268313659229,1.29407593124778,2.56241660372683,1.36198763441424,1.77612858408815,1.94148606011761,0.976591614672318,0.524428203107285,1.08801398579654,1.21726670793994,1.15756821428714,1.12260901235264,1.82824341259115,2.08457849230175,2.10747804687694,0.485872536654949,0.785739641730343,1.21268552716473,1.56209702551329,-0.0702066486006476,0.216830013352266,0.46044978018458,0.273632505822449,0.597747674509371,0.00789351687978536,-0.0685232682187212,2.40713070295667,-0.409359782585998,-0.644418774828646,0.0652572253799239,-2.08328377847685,-0.828018295644386,-0.0602612750155486,1.38034466085713,0.134766399901924,0.54551634473406,-0.271568843630777,-1.6262053867455,-1.94568292042908,-0.943847820223717,-1.75883210491749,-0.0183906776622658,-0.114296365698987,0.495325289275002,1.67806863475723,0.942804983929454,1.21138215138939,1.9793478339718,1.45205652493776,1.4682985994554,0.0889186493728542,0.935126626818906,1.76828267420142,0.937810430598219,-0.189898588452378,-0.0524958558685945,-0.245457587877214,-1.20928720998561,-1.00388581764608,-0.38922538412049,-0.407064692828468,0.677017158524722,-0.713781562171704,-0.620403560602108,-0.328375011385296,-0.369876098994009,-0.304754489408501,-1.60143981865321,-0.133429061605938,-1.33736213407704,-2.9334153991354,-0.396358258755711,0.662321798215458,-2.22047198684227,-0.756341430341921,-1.49752982032369,-1.94967899768794,-0.959982684846892,-0.393883982564976,1.27721510532676,-0.60815393514546,-1.6184043132608,-1.35476439956069,0.223216413425245,-0.401335505242164,-0.643922508183589,0.309730505008489,-1.38518102998039,2.8248912419425,1.45386652968333,1.70787010628463,2.61514521106467,1.34952264220896,0.435991645809817,0.506666532066573,1.62478542241929,1.56710875946198,-0.760231485617422,-0.121646371293962,-0.126098803359472,1.95867978459558,1.98358270464686,-1.30056574934276,-0.909308427528112,1.25680843411821,1.16033964972016,1.49524493629539,0.886559791218297,1.08016869984065,2.53026842313749,2.73863426632234,-0.381007794228758,0.176519478329952,1.89766207506818,-0.929503991244194,1.27663335137965,2.87558000115544,-0.248289702908705,1.29140571552759,1.40336055217104,-1.05154006268741,0.407006178115288,0.173271582498734,0.077111955404541,0.619075635594031,0.174308071007918,-0.732923098311094,1.05770812006884,-1.35539554948093,-0.739160749566453,0.918727170263307,-0.668500576701949,-0.284520137242401,-0.877146799288885,-1.43086647253296,2.93575293219393,-1.83613487521602,-1.04728567162859,1.17211720958053,-0.690843420352535,-1.96938221073601,0.264187204192332,-1.32075086387719,-2.13632678308548,-0.0952165293354302,-1.73079014733065,-0.360683761112274,0.406771584139784,1.19874730815648,0.552192620181828,1.269133589755,0.268753754735278,-0.364476427161496,-0.279406317326542,-0.500575754674551,1.02672850626849,-0.172031678441207,-0.686371947864649,-1.19680926403399,-1.20785634518469,-1.9380613549683,1.09678032290956,-0.225265096808981,1.70809501922815,1.40061567375944,-1.61099741075879,-1.75675647811577,-1.18952356462688,-0.363025154471798,0.266869400038514,-0.767445641719382,-2.40907068057214,-2.61208824865198,2.48845565900496,1.30620725337687,1.53401311117091,-0.00154792727395082,-1.3010989247717,-0.190383257451324
0.805503760249469,1.18960249123785,0.00741219090363814,-0.346819134026179,0.663858754204789,-0.265274409462701,0.42479337798351,-0.764210076128275,0.152736688732706,0.00234727069644872,0.0238781383542689,0.762309663529588,-0.465468034223006,-0.479792935074045,-0.234792023051833,-0.0705048257982876,-0.427808632624167,0.447977053579516,0.915345233624853,-0.214679966746781,-1.15303562525591,0.648483515451571,0.401930646130808,-1.92431864352947,-1.46952973138524,-0.598988405636508,-2.53200658244427,-0.666510204756085,-0.905008079710853,-1.46803197365257,0.670751306142768,0.281138149005937,-0.274138304027242,-0.372494718025036,0.326047665257682,-1.30078708275844,-1.81470059250713,0.792724036309347,-0.973758527901173,-0.580984521077164,-0.200188363709404,-0.952853909839337,0.911452194653363,-0.446596357259504,-0.71739499564245,-0.634598143411689,-0.95162297025872,0.117439158043043,-0.714131156969826,-0.217474981334318,-0.110547283105968,0.461136788896408,-0.366245482447611,-0.387215449615793,1.20395759003481,0.282327510985254,1.35017093972236,0.876624990157961,0.458829053032094,-0.384820426517829,0.557349110285813,-0.641676557815879,-0.663971623555571,-0.463619324183249,-0.463106336194544,-0.156361397570093,-0.668295485773578,0.132508128342814,-0.122641570364535,0.34148254040309,-0.500426654964315,-0.178941234578852,0.424546704510805,1.21839374508987,0.270486001228489,0.636803990253049,1.00897077978288,-1.11849828391688,1.03128018187529,0.590219931957035,0.515192263333408,-0.533831730015947,-0.0785764273403134,0.214899379351164,-0.603560320317643,1.21530579896274,1.20277596292665,1.91969852154181,1.99081124308724,0.999725043496998,2.02647260825078,1.03717169996401,-0.198648640926187,1.44759941958916,0.547371479175176,1.02357544068409,1.35351608738397,1.28434117191517,1.85559341712372,2.05861195130241,1.26247899800809,0.941984663043193,1.01711422454981,1.6051983606918,0.216164322229298,0.109232410592873,1.11591609954299,0.853757699730107,1.11337903739649,0.829958635816821,-0.316070220252926,1.77809272117101,1.96371295230852,-0.341355839613675,2.50594679740253,1.21199803196831,0.0324693466650256,0.591492082936482,1.87673268177271,1.79785204716231,0.702928834769033,1.73930376277402,-0.436166912499533,0.932368314088087,0.86292955530475,0.582627435422733,0.0609512270236607,0.049390778754063,0.874902631216694,1.25813655758705,1.6882633420119,-0.280125053399832,1.66549362376338,2.00045696325755,1.73421185928054,0.406871937469001,1.1581316178496,1.07114903988023,1.01140542574557,0.718686712743816,1.39209910900321,1.00429680190496,-0.773511849083497,-1.45886229219745,-0.370920341309948,-1.03874177679224,0.901082752884232,-0.480792832220091,-0.799798327929607,0.511027470036615,-0.680492614446461,-0.594302163273674,0.102008790318785,0.931406794004608,-1.90119209064922,-2.71640400316743,0.602975248422258,0.540555411969151,-1.95694592692863,-0.479105388486668,-0.531779677283073,-1.89233051167166,-0.70008904417211,0.292307408658417,1.4364977482586,-0.173159949271764,-1.30719260345949,0.198758256133152,0.327511844710824,-0.713696967395749,-0.590980083811453,1.0749117398539,-0.849973972144008,1.31844960368598,2.35692373646559,2.14598896549781,1.27793819940696,-0.104201362057812,1.05757414957012,0.737893452049938,0.385469599836076,0.250833558417274,1.04277788893566,-0.0603916798409702,-0.347475336672588,1.47806976695895,1.3380877541407,0.892994154923544,-0.563147240897221,0.715326714875646,0.584395707782434,0.728614123806024,0.440001804963599,0.81322519371799,1.74520711258084,2.06164456933619,-0.35483857342425,0.605150963021009,0.990907960449511,0.447849434986047,2.04480620232681,1.20786348398339,0.22288645062662,1.32378474415149,0.344216678133614,0.961791648788536,2.07866570072744,-0.0182970932918317,-0.171459690022026,0.409896222824978,-0.274315612010823,0.670899672734612,-0.344828869959349,-0.0156411708345863,1.08474212523611,0.56603463813758,0.75481818931079,-0.566259798993833,0.813217946822958,-0.251163316198036,0.845899620489761,0.747511936881024,1.50103563661904,2.20906256450616,1.48897068762428,0.164775971510645,-0.277921361282527,0.0844990518344518,1.07702970663497,-0.350906778030897,0.892325675239755,0.626997545510326,0.0639756066716942,0.635206086389763,0.571427319135393,1.28361181600915,-0.444077408466825,-0.225208456810641,0.644266317955738,-0.221453062101523,0.929601092383551,0.0847942416612684,0.945441780380906,-0.398502960476313,-0.568901963075757,0.12116969164271,1.24493667660277,0.156655760654721,0.573443730458276,0.574179626894837,0.492047413697948,-1.36794364906169,-0.179411638186744,1.65250663546155,-0.535802284371485,-0.24590891340894,-1.35797414117306,-1.16059551013161,1.05652074856474,0.945787453787658,0.98385002139611,1.94783092663448,-0.33792748525193,-0.42990470491541
-0.690229625184105,0.288021243606815,0.643014533341074,0.0999245095365298,-0.874239978438328,0.724666803543526,-0.0038675351276723,-0.436796541163869,-0.764095858676129,0.245520129365645,-0.58895773311593,1.43264191078756,0.20581601787601,0.815352555853592,0.75425877832587,1.08948779597667,1.71100301351085,0.131824229768733,-0.110741003697025,1.5229136578441,-0.233821499079236,-0.252524271150633,0.747803810655625,1.57161917200147,0.376200306349693,1.02643863409051,0.258408344260599,0.560057418446657,1.37627935067349,0.569497898210658,0.67185461249248,-0.581357994137496,1.74635853168735,1.95745497984875,1.17574602724619,1.25981434241545,0.339211021953977,0.106245418295773,1.47226386366583,1.84546572487675,1.38586381673421,-0.252585957515203,1.75450413768305,-0.0114156589620453,-0.383437368002706,-0.000844108724438139,0.823796246279109,0.520592503636608,0.172760327873748,0.999246951717254,1.47103426505783,0.88656669614314,0.51268697561378,1.56430252468532,1.25368686660317,0.578333420530139,1.49018182806528,0.71135631648077,0.304124062555908,1.02338226705793,1.11440661057222,0.492009185726603,0.491016674094085,0.774469563563808,0.529730246129281,0.54136614670049,0.469791156692658,1.1242489478408,0.765852920335395,0.27984433187005,0.489261171278669,0.69896036090444,1.13253075613131,0.758447739380756,1.37784011287695,0.29002560677996,0.0251329080949679,0.752683414763284,0.883448078818268,0.0737137736436959,0.0940245436359864,-0.299063224915427,-0.256799451480795,-0.34619843438958,1.0570110594554,0.876729274731293,1.4041762300852,1.63309267336129,0.793416579258899,1.60680806977127,1.40465210159536,0.447825771355231,0.0487857896368363,1.14459661422093,0.242160739879242,1.07696296099343,1.13092885757324,0.212796824925622,1.26788642097259,1.43773956603168,1.07699807111882,0.560085688927592,0.629451042073477,1.48409865921987,0.568127828006141,0.579180236081387,1.3438800851515,0.0341503031251635,2.12238355940657,1.9376987428563,-0.0789515573254963,2.93577612539158,0.838235110619395,0.660336327492156,1.92617556086822,-0.579553807414069,0.605516667936866,1.28581445046967,0.948081922230834,1.66123368330165,0.602772805647656,0.0706590564563798,0.187467233344638,0.397907522867842,1.52666107144464,-0.105348146358118,-1.28953290372161,-0.439755510034997,-0.11752038910827,0.487126401130568,0.840414115837336,1.51675003098338,1.31603092703448,1.14141523702913,0.660494883649875,0.300479341942712,1.73615959177205,1.4231810263758,0.968088244986546,-1.14401211487887,0.0515212916396502,-0.752038685466472,0.00992181824330831,-2.1983641505899,0.810502008520393,-0.324968657302126,0.259332455736108,0.192015016962196,-0.70174010307237,-0.848593297500513,-0.769089585370244,0.0804834620062454,-2.15072979429526,-0.300385146584671,-0.492642294224048,-0.728298322458136,0.387384988812353,0.262687021631645,-0.745171292623687,-0.0633004248540956,-0.667510493517903,-1.10239425070925,-0.541623665564056,-0.399216566196009,-0.862018050361074,0.529508794915864,-0.495639176278395,-0.904984082058881,-0.170080427155314,-0.254149453260516,-1.25594418091795,-0.390261336540493,-2.02083357796279,2.49690990091362,2.85591691399098,1.89221620203123,2.70849555439798,1.70116094501619,-0.406106194519818,-0.353400990331078,-0.32788277891828,0.803440545936936,-2.12798240577316,-0.99529801665158,-0.842517810180768,2.07159928461786,1.1729565105043,1.34570044190442,1.42186858447114,1.05413021827379,1.5428981305831,1.12603605095895,1.66275992882935,0.35140911351698,2.11556278074029,1.91505782137226,1.26438713183923,1.68514272106595,0.846145199811178,1.41929940091527,1.30264150525654,2.34220920919367,-0.162919728042967,1.00772880419415,1.71319411968645,0.999963306071476,2.77899711268719,0.99343007358391,1.29035871297644,2.06655654815972,1.71801118803363,-0.074297583108753,1.00674298619766,0.844533690901044,0.401174226367316,0.284273335525191,-0.507105153345603,0.601300789820947,1.11994159485024,1.14374170354782,0.780953694878043,0.898767866247949,-0.439880868963234,0.94068143345865,1.31441850458338,0.990325245670775,0.0652550983676148,-1.02900167593497,2.52599637724567,0.411897436563556,2.37126633255127,2.32810397576689,-1.35959910961174,-1.49094198289238,0.275392948958988,2.15435268746336,0.648761388759903,0.643142543562463,1.0688266363041,0.550470790791261,1.34838829472061,0.94934058315355,-2.52836812892478,-1.34658699064303,-1.622321164795,-1.67156923650772,-0.871175444107686,-0.827602811312551,-0.970029715148369,-0.616366289082946,-0.665869593070221,-0.809390088409693,-0.718175963742618,0.655474062968655,1.35619436745348,-0.59879545822819,-1.04805283225718,-1.34547923296429,1.76442966026862,1.2874493878586,2.05447498161034,0.946279554029636,-0.31757924901469,0.810074715306174
0.742845837035845,2.26040010961717,1.70900589829605,-0.983631341535475,2.01473898818417,-0.15076653468669,-0.624609446226071,0.0231083557314539,-0.117182905852796,1.9588578539533,-0.232659581808439,2.86305105838735,-0.217280955045503,2.65641741553217,2.15485768879998,1.40002586228656,1.2131478149519,-1.21055786417543,-0.750599969762781,-0.869670670272148,-1.01881960848141,-0.148468113555708,-0.0172341482860403,-0.644107033846162,-0.172745715334318,-0.385219186507705,0.168061957506514,-0.188796440377973,0.0606742312720142,-0.575507614466263,-0.537375610583318,-0.345621317161392,-1.11897018527521,0.117824770634403,-0.248061878799198,-0.109462004043666,-0.551685958887536,-0.0697355314433741,0.888608343485848,1.89642885350123,0.0584527300175229,-0.431110614641616,0.613197761357532,-0.482023678440328,-0.570195036482444,-0.362527403897409,0.851599285998344,0.831255169992493,0.152065847325206,-0.222287534498809,1.10011536826111,-1.07951300819762,-0.307461977244081,0.471112643153285,-0.163855773968837,-1.01329581001269,1.14094029185653,-1.54543962582278,-0.293327017385791,-0.839685608285631,-0.188930158713444,-0.0595045381123229,-0.25117038670542,0.907120226670759,-0.186938318977229,0.553780900587499,0.371353238292801,-1.12591318525065,-0.570977370380151,0.0220812590255695,0.118474444901027,-0.347916765505782,1.08477784956931,1.92134036842775,0.700611207211175,2.09650856496945,0.109512961479285,0.420286341714137,0.935541596243228,1.63128918853557,0.355917038485528,0.795155149196424,-1.48157200122636,-0.552046053789538,1.31094190325298,0.578904210362241,0.485437395911394,0.858597443661372,0.598791630756517,0.115583924343876,0.269131295099669,1.02409805657794,0.485338372165757,2.14864678967379,0.641045029084489,0.561430948236447,-0.122505401275397,-1.24252532199478,-0.697992435463947,1.59890091553841,-0.544326559456642,0.129727508381906,-0.59260001776132,0.199185015542081,-0.822700731990564,0.102410890202837,0.405898252104306,-0.00711373280444779,1.36233436764134,1.01456081392754,-1.23454762073916,1.05408662572235,-0.639423250907651,-0.583345260629481,0.8850610304025,-0.639223552157242,-0.954255881372564,-0.0166787166750956,1.10827516894376,1.14257651356238,-0.125659105336938,1.18857226180151,-0.479108505952289,0.632252128614976,1.08480015992958,0.106118400552161,-1.05675618663773,0.53492487743135,0.872883686391542,-0.340910984605501,0.375660575999759,0.538063266901046,1.62048327960362,0.80084331321649,1.29212827279115,0.763429555472398,1.03091881707606,-0.704475777662049,1.65791999121807,-0.31966079331739,0.435735048822682,0.883632696155108,1.02434681143068,-0.341243324733223,1.15017426856426,0.707458687754835,1.23001884125566,0.127927365045111,0.462692654632325,-0.403509355274762,-0.758918398682682,0.248154728594621,0.0932889968596816,0.0746825281794003,-0.260197459449997,-0.435845351194371,1.72644124250085,0.264917346134299,0.776204021585626,0.148720133338281,0.820774721476484,-0.198341573081858,0.676414661330729,0.392571973562429,0.0561910226539236,1.45419835849228,0.855482730336382,0.124939883899454,0.349927613001296,0.381575219747786,-0.614947153085713,-0.281712455787476,-0.915594498627003,0.614237156583125,1.95162236774615,0.715227826348417,0.983159497180946,-0.526715640672152,1.75207985767575,3.90867421130534,2.53225566286488,2.23608116531561,0.811061141000669,-0.700857811087335,-0.773980782557392,0.595207042481516,0.00717230127703089,1.02626504634041,-0.568949185194352,0.550169143043334,0.653993567141836,0.735485439014044,-0.0482420530494549,1.33629741423108,0.791808225758519,1.94933018701587,0.0952601498600304,0.565054015287263,1.13224812934235,0.785636632717682,1.51738139463215,0.486443843754842,0.917947696874709,1.13494896347238,0.567628704697956,1.06827067737709,0.575241637179718,-1.02946635956888,-0.984510231992218,-0.510289827570406,-0.370316153664222,0.266123280196611,-0.0196574776652052,0.0910729908450189,-0.129576885587542,-0.51923883500423,-0.289874575713915,-0.670985383192753,0.987688629560056,-0.638482582138561,0.547995366102489,0.65600102505562,-0.170902051063295,0.264605991508171,0.714433236657862,1.34361173416817,-0.670520666577554,1.7830148819418,1.76729940655683,-0.229962186330306,2.02097813623121,1.47197825749769,1.65044684871837,0.928756480867963,0.473194383975339,1.0861340408237,-0.316242989368212,0.124335763322102,0.217792808742541,0.907417972598999,-0.120529694260722,-1.32325432132271,0.867366007113203,-0.868288606270119,-0.21978491778869,2.31916391591875,1.21595833936593,0.321874284850335,0.966220058357213,0.976703700654324,-0.773776570258997,0.267577019707212,-0.399684882369162,1.2316097141234,-0.0959003624043741,0.886428549044075,0.562782665655133,-0.583048488251442,0.091147694206039,1.44946942738081,0.701787893699175,1.49486643027225,-0.447289686307317,1.35820918452772
-1.03068580059649,1.1681233750584,-0.0340739184863542,0.234449023012,-0.936976571718229,-0.0750710468973841,-0.234726913352859,0.450079340796429,-0.545681018628134,1.37601935910341,0.0843515205035583,1.52149923889046,0.24824915653112,1.05652176569335,1.47138086997319,1.26770424696015,0.8909215321753,-1.25900682525761,-0.662343916141162,0.185197111102401,-0.180674221686667,0.0329160898584226,0.481350857090275,0.151325601256128,-0.0968697318461821,0.536164984997708,0.768072518848123,-0.174070701467689,0.226969982513254,0.0870769456046987,-0.231203177850271,-0.0353745515206924,-0.0920497970305244,0.806801031322217,-0.00385136361470263,0.174127807756687,-0.197334816620428,0.733288774114203,0.153066272379834,1.47556401396115,0.0936329459591694,1.50003968326083,0.141948465701732,0.67334502492565,1.29349247301502,0.429527780492253,0.760554635128146,1.43463362844411,-0.171470266116355,-0.0410765043537041,1.10312376608508,-0.317421406808962,-0.227054578387457,0.375216053379062,0.213821919454905,0.277972111754384,0.487601459157343,-0.290527939706041,-0.17209837496548,0.720833219294051,-0.317948112083609,-0.46685021530942,-0.688300514592687,1.30540274252362,-0.0363870902305614,-0.0132415568409517,0.46978968237957,0.344672103627851,0.97252581787374,0.698593465897138,-0.145897186618935,0.356636487140532,1.49763459283361,1.21631497545165,-0.697792633567807,0.314621617306468,-0.387671597766251,-0.0777583560625908,0.635249655560515,1.35245492791616,-1.09981600763943,-0.898757786206017,-0.693281335419007,-1.16659781420017,0.217511277926977,0.164290905222238,0.746648597048948,-0.771888766445782,-1.06513459928847,-1.07784180954602,-0.838447224278486,-0.769447949670454,-0.479792090916668,0.653440337724982,-0.0167365842064003,0.238938028008586,-0.256122983246181,-0.948116825890957,-0.272271144926947,1.2316419746537,-0.467740594242193,0.0659316656600996,-0.577191214376237,0.00438865897998689,-0.875167294777528,-0.74525087079966,-0.474666017129379,-0.926178040237736,0.0867488290909356,0.201907205799513,-0.215025678058198,0.065061658431239,-1.42102347175381,0.0656363124566036,-0.869632616281363,-1.89832924451868,-0.91983793684996,-0.556966610733819,-0.765987605709581,0.1922838954598,-0.324526441762643,-0.0212497637504895,-0.592355427595731,-0.383774952978744,-0.112406151329097,-0.479624375639258,-0.126420639231251,-0.746308514777519,-0.874921493541051,-0.416480235152563,-0.451517008104858,-0.264975033375897,0.543473253240061,0.215700702037611,-0.65457926983586,0.153615924868814,-0.2161358203674,-0.658094348266286,0.29207600347622,-1.50574433035811,0.0421964734858823,-1.14709966090893,0.167310232964826,0.440949014655296,0.313371429331412,0.253988799165586,0.571218626800176,-0.472947129213255,0.284230710476401,-1.66063312532844,-0.945942621493262,-0.0174690690854241,-1.64446627657027,-0.735555849631207,0.405367075000503,0.797703182782958,0.0979662855729443,-1.51990199721999,0.488077522210077,0.348603120559775,-0.564761466429244,-0.42102264420878,0.140253747231389,-0.45001054811893,-0.801228408445501,0.190459551004833,0.44468826814803,-0.617111755668589,-0.156104089670227,-0.291329517334813,-1.01590787246079,-1.67279866264828,-1.01110240960606,0.819466390782345,0.547902698109149,0.847035122926145,0.691050003210074,-0.0353351889235343,0.723901287631232,1.62371104458217,0.58032453063628,0.42275816679326,-0.644019927804569,-0.179016551013946,-0.0622902531194613,0.315493537380204,1.15073584152238,0.95152686229126,0.831317451598191,0.568866228261274,1.04993825968991,0.796187412495909,0.0952593081248459,1.46680576827375,0.49230292306111,0.973407323414403,1.40152636738401,1.62613846107037,1.35454880151364,1.61405393273187,0.769649670105074,-0.25664207456798,0.660221553686765,0.301371079377644,0.524357315845656,0.638995745160583,1.10372581095668,0.855098493429836,0.764347580459281,0.852662159570789,1.37260772778175,0.0681441335168811,0.457112774767296,-0.0536470769274054,-0.682982432067125,-0.569642314945929,-0.849120173126839,0.36954352399623,-0.0545125394548477,0.437379506765046,0.838224359837278,-1.25140217259044,-1.66573380492703,-1.82319130747598,-1.68425823128014,-0.694935512162532,0.280344665128517,0.241447810881306,-0.0863387721730509,0.606645387662689,-0.2290667359203,0.566975816914228,0.128620165819958,0.734808546123061,-0.107021870765531,0.159817577795745,-0.302231478324102,-0.0475759322093918,-0.909662040227693,0.373454408187117,0.36305289354538,0.0439573429186263,-0.970842092124366,-0.143740084123397,0.333138678776196,0.698421496124872,-1.06563969586703,-0.792652942142363,-1.47741752770958,-0.728664811667301,-0.118910035816157,0.708650014743423,-0.0639459765278958,0.12228949329893,0.309035202834853,0.290863491057228,0.495330376602276,0.00566531181732284,0.22039886584471,0.421332913680502,0.288805592719848,-0.845482789302644,0.606059590539891,0.236362458350389
-1.56743316961912,-0.316406392686753,-0.98602791849031,0.624546008150055,1.30193727028837,0.920106986792256,1.47592169025666,1.60636947748602,0.154582540518365,-0.635535167534507,0.974628238335371,0.519014310386067,-1.5123962129316,-0.44873453999439,-0.573200593142009,-0.189793756107806,-1.22792244275756,-1.56901762868903,-1.14607221294222,-1.81812953765534,-1.3866274474494,-0.379490809894276,-1.09161067033118,-1.84798616038938,-1.4501309794362,-0.820725565404839,-1.12340812689148,-1.03008677687069,-1.54402428295878,-1.86132858261868,-1.13119846092706,-0.633107951207049,-2.48168267764614,-1.27577617308894,-0.387776771670033,-0.881583004779833,-0.779920154124843,-0.477421393677828,-1.33858822068459,-0.650589589790964,-1.15102568041198,-0.467039675508304,0.0856637520848924,-0.27967383122544,0.0498319231761812,-0.287935866699865,-0.263944250372293,0.856227969258252,-1.0767124519722,-0.781251001727261,0.521042600215578,0.518317611777636,-1.2684196285844,-0.472049071049538,0.878375928314757,0.797143010247799,1.18025349108498,0.891372728137499,0.266918718153483,0.419731075648815,-0.532827240194299,-2.02843524816961,-1.27437278554997,-0.816684361789076,-0.0306555024159781,-0.921882378428218,-0.342919850299002,-1.20637612273862,-0.101569472492511,0.509996703907785,-0.848060236885726,-0.445164473816533,-0.980965534825219,-0.186263440749778,-2.05505466424597,1.01483672411093,-0.0199355405556037,-1.02772358046797,-0.85363631094054,-0.387001344273023,-0.853455824676846,-1.4408774340554,-0.22192887984444,0.346937751324609,-1.66167666757349,-1.27836742863032,-1.50407936689472,-1.93514462812433,-1.42287333198811,-1.35736896457398,-2.24466980588395,-1.02056793061513,-0.881373696397861,-0.423263523980853,-0.60033747943733,-1.83319658279456,-0.839033479990054,-1.01737171660315,-1.64689443970844,-0.0910739539014008,-0.445182404819628,0.049935355651053,-0.499387757290913,-0.0812632352760439,0.660103846493102,-0.544025787071347,-0.716525250572308,0.232661879102543,-1.54288898802657,-1.43177587732638,0.568674646315753,-0.808230798205743,0.888803701429473,0.218017666811367,1.18920188238754,0.0932597035662134,0.107909800998635,-0.366743522174881,-0.963606259953319,-0.9471878397577,-0.191333888149674,1.47880570529467,0.796369760568531,0.755324123840008,0.0462726601926692,0.376787408588359,1.17172462158489,-0.891262810722682,-0.208057338241938,-1.36047035539571,-0.51702105736578,-1.40056208204107,-0.807776135282214,0.0903305521722358,-0.0613905251867438,-0.925090681652238,-0.418418013841788,-1.42478965887001,0.23386978017586,-0.880295448312571,0.19399868464227,-1.99381465482372,0.0348717370848447,0.804071545394979,-1.08838241704781,-1.22864528692551,-0.498403818524678,-0.398779729383309,-0.674997665636966,-0.0990316992717548,-0.955293340484624,-0.764658181159902,0.420590793311679,-1.39426950566303,-1.09724066992694,-0.798609269263568,-0.397648230622776,-1.45772473460384,-0.404323704640584,-0.258011035650425,-0.515664001863636,-1.42759432796737,-1.11305438077336,-0.505787333948993,-0.00860208129179721,-0.766554529981366,-0.985630981188742,-0.701681042811961,-1.15517459728715,-1.35829604195571,-0.449919804796036,-0.484422673542357,-0.753820416548684,-0.503527688709553,-0.671942945466718,0.348322199437128,-1.49010695059257,-1.48168618293563,-0.521179723741532,2.30138725928356,1.54759278728538,0.824998705216233,0.2353274000071,0.781880497729571,0.757761579030556,-1.10269544890915,0.538999273089032,1.72672708372836,1.13949817355576,-0.893300433523015,-1.29413278952494,-0.887891574586139,-2.20985691920321,0.509598588742451,-1.49790691358208,-1.35976492142068,1.02455720702735,0.928083962720313,-0.11792029308966,0.249422765478919,0.374127580905555,-0.996023996105239,-0.0304278322785209,-1.02977041186478,-1.11400280581843,0.128393697371613,0.165182086250908,1.32088359735415,0.677528587665389,0.539516291437829,0.111140137898171,1.51401456940064,-0.00606180432411676,0.362124735302414,1.51194800380802,0.712397907981616,1.90190368803613,1.07438998479679,1.4980676615838,0.697069077243229,-0.426555985455643,-1.1776525104983,0.105722381908801,-0.203752877018811,-0.39886916167317,-0.191015645360512,0.976436690255697,0.456412566154374,-1.14431552394644,1.21155535872656,-0.382498929841866,-0.708183338181271,0.284572844063632,0.13902705930964,-1.0216569870638,-1.00730483742405,-1.38155219521796,0.0759731213787964,0.022953116352086,-0.859520290665991,-0.144831606100848,0.413712784400756,0.686663230622883,1.29920350779013,1.15961235974204,0.340821271097109,-0.428996472827736,-0.469078700508416,-0.161361016356148,0.420708812667338,0.600650805686299,-0.676376245220805,1.04231167371737,0.790499525865696,-1.34066875810916,-0.0627200536336548,0.131612780096923,-0.727960161419296,-1.4196131745516,-0.594216850072711,-1.28036622381739,-0.821825360453974,-1.1499917876313,-0.707327285104589
-2.68870608717903,-0.432482316654631,-0.923013724615384,0.174016132940725,-0.195230697531132,0.619432425589197,0.582310246935137,1.12829094071903,-0.90731794410521,-0.733199736622187,-0.275298630506184,0.973880752055189,-1.18592151539054,0.211310879152226,-0.90475392532071,-1.18974441816121,-0.998507303110514,-0.147949907509841,0.109813961653268,-0.584033685029235,0.456934662687487,0.493363796428409,-0.211621195208366,-0.431367518000097,-0.887200653927132,-0.110249709853266,-0.191039118747733,-0.586249815549039,-0.680160125149051,-1.29485187225208,0.2273420513788,0.534172717246971,-0.0604933345038766,-0.697927963528117,-0.430474958048508,-0.21220536695273,-0.68291813898631,0.174193769075588,-1.24839515350647,-1.34027700130048,-0.441555301157413,-0.0445433223992212,-0.608885013167727,-0.273318583986646,0.152582942522507,-0.38106573960659,-0.969088565570407,0.701668319886969,0.0111291909916593,-0.0749865038240875,-1.27720884791095,0.311484110560981,0.400098879863844,-0.820055069221825,0.674258692767024,0.320906892940587,0.795318283276792,0.72256722699992,-1.15571976243785,0.174505685158202,-1.10053101674343,-1.1033101086023,-0.65599887689681,-1.00696740793177,-0.14694090330709,-0.743988445612316,-1.25657125460314,-0.0359025946712634,0.154946158658288,0.260187704875074,-0.588593252481613,-0.645753067555331,-1.28733198044604,-0.645397683408868,-0.946348856873229,1.16633636275361,-0.187864216534068,-0.807898639946495,-0.601494352109717,-2.20397088791032,-0.951431635822623,-0.0103928140956084,0.311294504349872,-0.557309488483669,-0.376138456868456,0.173820598598745,-1.4138335467689,-1.2421091747258,-0.752521354848811,-1.43176805223907,-1.58395203919865,-1.00687141107558,-0.917260874220381,0.0755427549288636,-1.76526519466691,-0.739234312031875,0.0903376885058355,-0.208570594963492,-0.356802235443765,-0.972243338228931,-0.964085131194511,-0.729932757970963,-0.709203054425022,0.668323484908964,0.108686949934053,-0.420163357105173,-0.0649673071513409,0.133400323215725,-0.349463922300064,-0.119104755563915,0.118132185305767,-0.846309185187609,-0.0971936748903196,-0.418532253954434,0.713364535081369,-1.62819236521627,-0.167770954951288,0.532502959049585,-1.13739736969914,-0.687635928394933,0.578879520614256,0.164811466004829,0.0591792170673009,0.657607175053253,0.51598824519211,-0.26931086897589,0.595565626814042,-0.504240617866591,-0.473788089836151,-0.464231037058207,-0.11794733534689,-0.517439660024893,-0.716044856481036,-0.240119749661988,-0.845852731339616,-1.15799109974073,-0.0313503588300635,0.00763194554947442,0.371160874750724,-1.57549178508169,-0.117799103825858,-2.60000187970003,-0.26441548483925,-0.862677601758541,-2.7880124354109,-2.5075039507591,-1.9721822426382,-1.89077535586608,-1.81126284111399,0.114731171669032,-0.566176076373158,-1.84217910441188,-0.846354622355375,-0.775189264105986,-0.0218351970471566,-0.500694491135622,-1.76863613274912,-2.57493898352323,-0.560825580387333,-0.257839807856849,-1.7382736476432,-0.804286813460495,-2.03104498285597,-1.2384721571417,-0.729582774236818,-1.3674712063013,-1.85153032711595,-1.26012672520602,-2.08392882055612,-2.72338475481767,-1.33186592273495,-0.366761845585918,-1.28535998720752,-0.179235575262462,-0.878182021541184,-0.576290123382573,1.18032073569868,-0.515162716244719,-2.15688301758424,0.605576421960847,0.0131040353308214,-0.366286260218001,0.374763400285578,0.334120564717647,0.00129938104450063,-0.917364470393844,0.18437098412048,1.91169000255924,0.720976956555111,0.174408982654724,-2.01424477155008,-0.96824828766054,-1.24285318582531,-1.0699230430584,-0.337421781422787,-0.219497604672335,0.642621878423554,1.34339584543324,-1.30140568843852,1.58550050995111,0.0382515664964271,-1.37700717539312,-1.0668008844567,0.0868098656464015,0.0604341346420669,-0.0224809775019209,0.544824951900297,0.654069438662189,0.374116451850143,0.349509959849991,0.632347610451194,-0.481161588960282,-1.44006673506926,0.884654302588071,-0.512737174671862,-0.816785402068213,-0.138925145611175,0.645685608430068,0.110687297718613,0.585920674038489,0.109141450243112,0.01169165902557,0.682543962423183,0.518799995467563,-0.155964064931166,0.64424048720138,0.986009261809387,0.106303064439476,-0.219122148433816,0.390437119514369,0.263904387732344,-0.296630104342274,-0.194270274586185,0.0445639888400776,-0.638623090344529,-0.471030409447277,-0.492770346880511,0.190743883169572,0.716988651783869,-0.778258397111833,-0.123898190102986,0.261089867784229,0.985052410753877,0.960890589631677,0.821093953390227,1.28655391044681,-1.19207010077453,1.26454484946774,-1.16336353417405,-0.579503224540696,-0.424104904996477,-0.949716294241777,0.799530124109425,0.0409290865872809,0.21313672888084,-1.96872792310018,-1.37132063214399,-0.876339878325397,-1.48585819534087,-2.40060208387722,-1.03612650829567,-0.539211817748871,-1.25628166495411,-0.323161048231202
-1.61323621584171,-0.84840668084096,-0.288075674909854,0.425364396459803,1.42177630608842,-0.542893057732121,-0.551276604398544,0.898613496572424,-0.0320981579821544,0.948802864098579,0.361451610464507,1.07613674499288,-1.22543533172611,0.837435917816338,-0.0909423127223701,-0.610320448348071,-1.47036092446928,-1.32603034100271,-1.55773995258175,-1.4282988416374,-1.32297632097298,-0.196962328350692,-1.9814614942363,-1.47653951934398,-1.60336831486657,-1.37221077182035,-1.71196283435,-1.49842233973239,-1.55295927811705,-2.09691942031238,-1.61504621070003,-1.38162978444021,-1.65265293778592,-1.38728213778985,-1.85562388065798,-1.169574051799,-0.894386725535012,-1.49759469423454,-1.56714500743921,-1.64092498605028,-1.28771449488726,-0.192056278589697,0.303547805852523,-0.412514587330875,0.474856196763012,0.0559364111738946,-0.926049596035449,0.21882827775127,-1.17191190121292,-1.91015864243927,0.0571898392615061,-1.15625787019068,-1.64000486193974,-1.09932454218771,-0.620852022732792,-0.597017241749192,-0.6645129884994,-0.241479108404348,1.28666732756422,-0.65195176094638,-0.809534356290658,-0.769954577260425,-1.23685381540151,-0.274593771964128,0.237621292471089,-0.344670296565001,-0.174282492400216,-0.373635243790835,-0.392931515356739,0.737523508880402,-0.725366566556353,-0.75504656597852,-0.433959527894776,0.221716926835568,-1.00662122196782,1.2239357467222,1.25086083793716,-0.120617486316156,-0.13329758950831,-1.45237119264391,-0.666046843165757,-0.369201903758434,-0.697617579490615,-0.409347590703584,-0.36941555213751,-0.0785393763913492,-1.65648614663852,-0.109665520306291,0.430451984865287,-0.480657261101303,-0.492822252388942,0.576566108717937,1.31167849999651,-0.466265372807424,-0.0931984417283675,-0.387753362803734,0.198095805066793,-0.41229304795811,-0.818705661633901,-0.278602162651898,0.647499004245136,0.527268111208003,0.716825434448007,1.10911629790016,0.168591073490557,0.0174816726569534,-0.134703475985745,0.335731465097952,-0.407647447850581,-0.425986693866745,0.0602680502187012,-0.00794667402788225,-0.915678927285,-0.0267352380495917,0.79213307104526,-0.798789142898757,-0.51968685655987,0.448470636407669,-1.98668187977791,-0.761651983303322,0.0871761986825863,0.531857180915453,-1.42972679936101,-0.737666850719583,0.288413482694247,-0.116914313679396,0.6104304435977,-0.0568780203056393,0.368924318768605,0.805575224419868,-0.0178898827436435,-0.939303230611319,0.290353885963463,0.274993634815087,0.498270610787181,-1.16479849137394,-0.30912995403768,-1.27579781393629,0.743167387499687,0.36840680343586,0.724886439710219,-1.08038189268999,0.886912804776784,1.35065830054961,-2.29838246481556,-0.48634911685073,-0.368257841275752,-1.35591564662147,-0.458628483835841,0.740484982040558,1.14190025969215,0.0372183045969128,1.88634885946278,0.198550062557735,0.242592481963428,0.0307179275368617,0.412816730538526,-0.172851870755834,0.359590948444714,0.435454457094219,1.45027859284669,0.580851263313781,-1.05961983000592,0.794523553557071,0.832749531080437,0.66320550534262,-0.0929395589426304,0.116675313455624,-0.890767984262007,-1.0609900714536,0.241856098866585,0.581730713109633,0.449653605590811,-0.423546039630207,-0.103607609254776,-1.19802984588511,0.598746048349054,-1.33320565327779,-0.841977541442605,2.07912084900629,1.56877350902443,0.00873244669771112,0.649189158910789,0.142643053697745,0.236287274556053,-0.770778359101674,-0.10614321080064,1.44930156969915,0.372358275750995,0.384916732070666,-1.92161748877783,-0.970952851086066,-2.0435822774024,-1.83782372364657,-0.101691079389056,0.376995291663397,0.310904615826191,0.212362279028876,-1.916998642659,0.206015207375817,0.348207230548018,-0.775605119266864,-1.29684225103865,0.253260434351375,-0.725020563256291,1.59155554533662,-0.968146891831227,-0.217231558363153,-0.348285911732793,0.0156416021867596,-0.307581007381176,2.02547856443578,-0.106808502256358,1.71726647422729,1.57235271689763,1.28879618799113,2.75937322368911,1.02288295769061,1.37218316529184,0.773493916966533,0.725311356841615,-0.399946463924621,0.907023693617841,1.30569534242823,-0.206168972289227,0.635972537734061,0.113392827143252,0.347396793417716,-1.67388534548782,0.423570770113056,-0.346244970559284,-0.400096443136268,-0.443027359068265,0.752308080655262,1.17298222588859,-0.255360220058347,0.555805779347479,0.289450776460217,-0.27079050005559,0.369183683302303,-0.457730927715476,-0.279890761091949,0.971138094189189,1.31747090795166,0.701512164355805,0.658808681526062,0.413431714207325,-0.308975496394672,0.00158452969857952,-0.251077004749438,-1.24695828892065,0.225135435353619,0.862647188501757,0.65149624901364,-1.35987441699769,-1.50711532504201,1.27994108183083,-1.74109710467351,-1.79367042031824,-1.50641399213018,-1.91576886577557,-0.107152127593467,-2.28720213767469,-0.928056110350674
-0.749313770607108,-1.60477794071229,-2.43412059281608,0.507998484473869,-0.747332413752404,0.922174644186444,1.08393302525177,1.31414083419108,-0.81946827714356,-1.63971485332647,-0.146264203591821,-0.998254623342383,-0.235010635442766,-1.17284522854214,-1.63279627064262,-1.90726889564522,-1.25427846154063,0.510255516247944,0.445949563732916,-1.03986010656089,0.428559369514969,0.171890484013943,-0.142017939082788,-1.32419715202618,-0.867855256007773,-1.20344785270089,-0.712528055313653,-0.850222776245487,-1.41733055154837,-0.881541510837071,0.807893767579223,0.481595453531802,-1.19562277022082,-1.3413270708542,0.102048748947148,-1.29342002414081,-1.65479219834562,-0.0950894681688138,-1.57214469590842,-1.91538982383276,-0.895466370125574,-0.761811324999792,0.462478798789123,-0.376276601769877,-0.0970623586290441,-0.423183677685898,-2.05422132580977,-0.233746528869054,-1.12168155630041,0.216195050351432,-1.85246921335165,0.77757432357434,0.0935558098672987,-1.48996586628071,0.752454598931097,0.69944077026281,0.733559825106325,1.25096144725154,-0.634866536596818,0.391542496592825,-0.381807763977986,0.175440911801697,-0.811569602478475,-0.684688056487974,-0.530468317659407,-0.779531334243715,-0.591464708913744,-0.410056465079844,-0.576045161522503,0.125480841785258,-0.60986650645426,-0.664110693265894,-0.756905584388187,-0.924292285327838,-0.983690206447694,-0.749141785064478,1.50990326963942,-1.91950770768672,-0.432267991588461,-1.30534119191154,-2.35613117234939,-1.86753435960766,0.351600908995388,0.0573259165583245,-2.15079381904136,-0.892053526503124,-1.11702717457853,-0.412725159485977,-0.357652210379688,-0.041544917794919,0.0398008057207131,0.139655792996272,0.194656250044471,-1.53684837868383,-0.019786597900335,-0.244526096119383,0.341428870841814,0.239389825518404,0.0821302079333861,-1.13024575071717,0.919318829551987,0.0556902797184505,-0.425808640939343,1.39706762096585,0.662687006023252,-0.6525257354851,-0.125933318927159,0.489017879369275,-1.19849472857019,-1.2690857446655,0.627638292297838,-0.611472077010273,0.699116549754985,0.151418154971719,0.641519973267658,-0.411441975794479,-0.26180021048475,0.215924872160087,-0.601323425267629,-0.345525678808764,0.98249220450465,-0.16611310358469,1.05754554219599,0.689189147680963,0.630165317153379,1.17679747266124,1.13161591660551,-1.54064303041239,-1.47947256611048,-0.0649845474540541,-0.42587882037138,-1.28254439734378,-1.21694037893842,-0.514509925226405,-0.828799813651035,-0.521288150404458,-0.776346051330519,-0.397250431356862,-0.583065341750313,0.438255912472463,0.585362789228627,-0.792089759170953,0.713252284079234,-0.159757110523672,-1.92906046697305,-1.04310521982936,-1.58001453055951,-1.48138035536246,-1.36634178749216,0.59262637489558,1.1977553769127,-0.567311476962194,0.656850508659815,0.433608984019352,0.348892285518533,-0.156078143227735,-1.68209974464688,-0.712880175196297,-0.795700365012546,0.724660504254893,0.629580052086288,-0.641211379405897,-1.27631619697086,0.951673701638917,0.587986797154478,-1.483456674738,-0.877637170743707,0.281929002669102,-1.42627019296912,-1.69802108901026,-0.207870301112436,1.32819406673329,0.384924091566121,-0.685373357775298,-0.59260381338027,-0.957009681010216,0.43859835237815,0.197564056896542,-1.62398435257783,-0.399508127803443,-0.944401558084981,-1.84545622790334,1.54461105885286,1.09454702005886,0.510653357461055,-0.716956497967275,-0.495943400342445,2.01604408539884,0.515274884278158,-0.0550439652016364,-2.1356276247595,-1.10314100582664,-0.83320382428413,-2.60166568686826,-0.50492235694313,0.579709690781346,0.407582515943461,0.567829187899192,-2.23680092720503,0.0314246574590366,0.189377467605343,-1.54927862437662,-1.25357715635911,-0.0393440003195851,0.253597125339163,0.325088222636172,0.811824837137681,0.697216903405809,0.332984938483188,0.296884130991574,-0.16464845146179,0.145887298395825,-1.32963300011988,1.74191903795899,0.522450097821334,-0.335477241117005,0.0815432776727505,1.08643809546752,0.384497648912924,1.23085436766996,-0.688075195445877,1.4000428200543,0.917489097248998,0.880056727876352,0.912499476286364,0.86112942927405,1.17275203049284,-0.261359146030399,-0.603328213954616,0.613478293305657,0.122599465310778,-0.277885552631062,-0.00964993344424422,0.299727869315889,0.487562518636527,-0.281687772435943,-0.345091957384144,0.756362461960248,0.502540675266515,0.127959918289873,-0.410296227325678,0.368978606524682,2.21990306379011,1.40955145118364,1.46896189763777,0.587110633140255,-1.9503576510011,-1.6756321230191,-1.95890825719582,-1.26417254012939,-0.819888380586394,-0.503939522038595,1.15443182817594,0.828964548524075,-0.936400876728023,-2.03108501779348,0.280474063733104,-1.1727745593144,-1.65146595460591,-2.74092240532939,-1.8659320385767,-0.107512242377871,-1.04069165580496,-1.46476594880097
0.0533057571253921,-0.584112173984384,-0.164616308758655,0.704775420895613,2.14846655666755,0.766492730901645,0.687558163291522,1.65031452977965,0.773977625948668,1.24312138886679,0.671828527453745,-0.0517199901106929,-0.606978975909867,-1.66822397513775,-1.10597700333751,-1.93682305166281,-1.68849717479241,-1.35641944194903,-1.53693071264283,-0.931618496004394,-1.3787858524678,-1.1646695603318,-1.84271482167948,-1.51405249023158,-1.60082715522197,-1.1561240242294,-1.35169686689054,-1.68956282475953,-1.78530208888339,-0.933733540596813,-1.92557993341778,-0.901875395168075,-0.926813233380038,-1.94627021415645,-2.1225596096028,-1.53706056441576,-1.3906823999139,-1.46997334112686,-1.67601951230002,-2.04716212838656,-1.61799816036853,-1.04645378696393,-1.86955225524173,-1.37779072002851,-1.30560591180717,-1.3670505089514,-1.94467076058682,-0.696354039163367,-1.71435108362011,-2.15304571017021,-1.44213371273358,-0.674340436506609,-1.60542219301563,-1.89629664844821,-1.37793282016676,-0.778093031946524,-0.38434628655865,-0.830310181260011,-2.0885653310697,-0.480287749326593,-2.1563206673086,-0.508717667631253,-0.876533001951508,-1.86693023989829,-0.797351439855072,-1.29896684953107,-2.3862940854765,-0.742240512357329,-1.75972664229938,-1.0519110359782,-1.08989943259972,-1.73399329023208,-2.17273365906571,1.86028819538229,0.27829378238975,2.52058238579835,0.157237388253833,-0.125301197128344,0.100631332147434,0.82629668241753,-0.240005796126637,0.43431185489411,0.142824287106496,0.342839378313152,0.43398513144518,0.617958351169726,-0.477675333771319,0.758299490864506,0.319357281397305,0.394339683750868,0.368819873620248,0.578592710641946,1.37013907472911,0.870905294453912,-0.644236033217129,0.195163218594771,-0.88851631145564,-0.183246419179935,-0.612465713321565,0.117756985802061,-0.0447315408751437,0.807298181851894,0.351662816137617,0.33983193954108,0.787374964704455,0.839846596947461,0.180550726885041,1.04264033498187,0.117264756748688,0.279616386351713,0.0464831793749987,-1.18039190446247,-0.0108941928293692,0.352464681358841,1.37026470436333,0.103051781968469,0.196920712847461,0.0371680603122641,-0.678455156343084,-0.422635668744465,-0.52502626385126,0.384781419874182,0.198472453593934,-0.134014845466479,0.838049410570728,0.132376889807601,1.37630225964159,0.409326096084729,0.149166301582403,0.614363212591224,-0.126061515048397,-1.02704238143908,0.520318162462578,0.0572105703771093,-0.355559242521954,0.275995432136911,-0.807105167082072,-1.0291143591052,0.48950619353023,-0.634002878379454,0.389716967947762,0.0974293604524227,0.524593592964642,1.48717151685077,-1.59146897164566,-1.01457256618792,0.510922646422939,-1.40097367655812,0.571725672776068,0.891902303674942,0.589274152550066,-0.589379384453031,0.962308525452286,0.011807062452693,1.32874027489762,0.225206396672637,0.65864979890783,-0.977973585160833,0.658773278809326,-0.244122341552186,0.76321967925877,0.312759724920479,-0.206862189020428,0.481700116339086,1.1076692196239,1.24550251386953,0.199874267044928,0.840897144444869,-0.630957982543723,-2.4651912381309,0.777635050796378,1.53693367312881,0.146308364757406,-0.933907254835318,-1.26788157402504,-1.78749609299907,0.491912593827132,-1.39797756971882,-0.919221843811911,1.04049230087253,1.75362136165771,0.837582664018983,2.29216450766461,1.03723206506627,0.997465132989891,-1.75135742464094,-2.0240238130994,0.771798821339697,0.386024045585355,-0.0348384371473069,-0.949452286130053,-0.767078394011167,-2.00936065610177,-0.935840516009605,-0.514671930206188,-1.16881658735788,0.0907118822871264,0.216969618226516,-1.54728267132587,-0.771418349276556,-0.595821007016611,-1.89236856642363,-0.65995700605441,0.485851789906372,-0.996952126738346,1.40368251064769,-1.82453025495729,-0.18078921680093,-0.282542780452067,-0.831542793981499,-0.0432656256167745,-0.185770484912426,-1.72995171104222,1.47589895499772,-1.09162118159763,-2.25054554240718,-0.306925777171713,1.00370471655071,1.53316445986221,0.138857248804498,0.401674816259977,1.24432577738856,1.49446495488677,0.710173987561174,1.1575129457447,0.636970744842874,0.474099750010544,1.72970649239932,-2.02962947680937,1.59885451058486,0.163693741741122,-0.348202018768715,1.78806569106098,2.44893811672382,0.371589032519926,-0.159358325910163,-0.803484673963191,-0.775258064121943,0.017052211579021,-0.248465533465723,-0.419767319654541,-0.5153555546099,2.21424930346778,1.37604315106841,1.66430131927448,2.50348269103808,1.37020469968078,1.47451084994591,0.714947083215422,0.579544660521567,-1.48507175303489,-0.096882576995481,1.16964205388981,1.8945441918653,-1.33843362591104,-1.11985282740854,0.30826354203623,-0.836587915527102,-1.38283066791775,0.215280179548429,-1.92546315920759,-0.0951996255355869,-1.0671612377702,-2.02419134699811
-0.775422778742416,-1.54704018884576,-1.68442266711534,1.79161157558081,-1.05795919719507,0.0419719238689143,0.123632088175484,1.08259457309653,-0.0282494800565603,-0.199989549906852,0.770995853381605,-1.40607115422837,-0.224063560760974,-0.431852796290503,-0.720023641013725,-1.40527470713836,-1.29570840285767,-0.470079262369738,-0.18826694437254,0.250471009311224,0.480038049149059,-0.639024591697992,-0.326270167686025,0.315451170325753,-0.333684221671424,-0.0216841258973235,0.408715508148036,-0.427697062449599,-0.585463071690654,-0.22717927402845,-0.0167230301690548,-0.0106986877578714,0.279146821648269,-0.807122333762979,-0.171831259017205,-0.367936887304453,-0.615624137505078,-0.557220729313169,-1.24994806711717,-1.40106898240812,0.025762171920641,0.136249163869889,-0.62059052481976,-0.0521205250962973,-0.176440288363042,-0.187268694577498,-0.789555398734726,-0.905728179535778,-0.561709733419966,-0.326905927541638,-1.06260279107436,-0.0739049915270475,-0.181650979339868,-0.789033617105357,-0.435099760350617,0.0692943330051793,-1.03386225378683,-0.239364013951619,-0.646416641252467,0.390474036965169,-1.53148273001761,1.30415489588269,-0.591898935500524,-1.57885078600853,-0.556186445814081,-1.04190473410907,-0.946042041166181,-0.608038978914578,-0.553577218663326,-0.580653992498866,-1.0306901224823,-0.538168530674362,-1.53372277231172,0.531001737047651,0.0436210356928171,-0.701989580220963,2.33395537739754,-2.21575103032687,0.25125757877101,0.974796869442727,-1.80514593854364,-0.994120406084732,0.700583963200342,0.897296161300481,-1.08063482996583,0.190022394941027,0.144254695369555,0.679765352411504,-0.354116278775877,1.33549006597107,0.929766856024838,0.760806619055673,0.729447799654512,-0.0684267571712808,1.31630484691467,0.524804413993734,0.798525818780615,1.29335402195409,1.2840058806312,0.410331320339088,1.42847893462564,0.353183399539696,0.954297945972267,1.76969313658242,0.900895886471815,0.0788853701913398,0.487441987590912,0.982840071508338,-0.306467884055614,-0.699325776340443,1.11046728835479,-0.666801683339451,-0.18075043689364,1.10690008564167,-0.0426746830989738,0.000979962615212196,0.916094621725779,0.400086338866279,-0.419492371893575,-0.658325899527312,0.932598525878424,-1.08184852502098,0.292084290913311,1.19704084204043,0.0880789232997319,0.177373972806334,2.25237925430453,-0.902116507930417,-2.03384968956109,0.426702610711346,0.093640159394634,-0.993305815021376,-0.0046551728374634,-1.04001126900871,-1.97757717773583,-0.221150737499965,-1.01618096106791,-0.118327309226391,-0.993577037162415,-1.02492120253712,-0.449243741002275,-1.14445804318575,1.11602595126942,1.3143741012812,-0.640548881715758,0.737226720945967,-0.230786947953443,0.240514896492793,0.930042243526588,1.0205002455747,1.56289579130006,0.748003133987601,-0.1798647280592,0.555016631733355,2.05264056052027,1.16498062914778,0.0984343129914969,-0.498886274049446,0.404882619810298,1.4848545255122,0.460378512393621,1.044420457188,-0.190730610460668,0.831197329690298,0.372718810386274,0.564713291503894,0.812100884758587,0.355152509383855,0.257391549386139,-0.353082871361548,0.331389376991456,1.11743644722815,0.551947781431331,-0.0114591959443989,-0.539473102321769,-0.175377875974288,0.131931851443335,-0.492353886530271,-0.00248905990564194,-1.43521985448439,-1.54435998543716,-1.30872768519042,0.845521942777126,1.7946784159119,1.35243145874802,0.00552754283013489,-0.0023889668820846,0.330026480486502,0.640864022892513,-0.567413490596698,-0.647801059335313,-0.39634701810865,-0.0308040925639432,-0.628692284618525,-0.233628130148585,0.012739713477551,0.754579000604794,0.870112356480074,-0.925570111780029,-0.238478507230486,-0.049927504158719,-0.535784498634945,-0.403386876235718,-0.2678563818589,0.217480801261221,0.195672996187004,0.257322116634599,0.641810818575957,0.813179241161573,0.466924480187432,0.412698866243266,-0.916733693033437,-1.20112903078096,0.98568796920373,0.381055819228769,-0.374114458026283,0.812469653855906,1.07032003962113,-0.565928868042753,0.786338971281283,-1.22956206592204,-0.221645467121907,-0.352448349866178,-1.15452419511064,-1.05541713729287,0.17717185519234,0.87670381013508,-0.564615872916421,-1.3795039683304,0.12953731532751,-1.495995833411,-0.829512303146436,-0.37624767037916,-0.669818781442085,1.18039070355053,0.601255640492116,-0.257728562698825,0.669949652677057,-0.116810061688593,0.686494802485174,0.529433951978068,1.11801960202165,0.374172327779327,1.5207648111796,0.957991385807184,-1.21122707493757,-1.46167321131691,-1.80015199049711,-1.30856187625101,-1.97128740649543,-1.4093032005343,-0.00284791212087833,1.64406253560282,2.27646896055115,-0.369702435476541,-1.26792687447075,0.894291629686901,-0.633458375777566,-0.0411048976574335,-0.276509143699433,-0.428226411791377,0.103367293106826,-0.627889582413821,-0.690127306252085
-0.429331176848093,-1.36799420738126,-0.203501363099118,0.757212505355551,1.06037785939444,1.0720162398725,1.1502114782571,1.22765158462776,0.325793306784382,-0.356437352776035,0.650957065242937,0.786055965618543,-0.471962637312941,-2.35338914420343,-2.05592885842414,-2.28573279197064,-1.21716389612576,-1.18988409310846,-1.44857592223476,0.0241778106970079,-0.998124000067272,-1.22880327410581,-1.44669867477795,-0.494713358036562,-0.159780028859481,-0.0843322555309515,-0.297593329421716,-1.3428555152013,-0.457181998291477,-0.533792301488361,-1.48629512672534,-0.817545241063873,0.25849996145029,-1.97221477121542,-1.61191482557643,-0.169101039964276,-0.0882229845952959,-1.36729765629773,-1.07282251269187,-1.08530990699358,-0.719006551252686,-0.763137107699682,-1.63191982886318,-0.512212518044431,-0.757568424308787,-0.995515159670099,-1.57642975112526,-0.70606915977463,-0.920013491159685,-1.52566407076585,-2.13335087052133,0.228461115876894,-1.41093711448477,-1.50601241633381,-1.01818306909891,0.332999108396052,-0.978106173612574,0.0656378437822748,-1.84865010755736,0.155056616462977,-1.90957937800329,0.248307586600199,-0.607495827974902,-2.14936699827666,-0.485939104312744,-1.15549082854317,-2.01491692220464,-0.529119546822375,-0.666320598273406,-1.57133398302297,-1.71065690783505,-1.01325780764174,-2.08811957889244,0.847074636305089,0.546925166037551,1.97449797481589,0.931301510663985,-1.07524184051121,0.143669045564151,-0.0506079292549324,-0.428403683772855,-0.548215073025051,1.14957066829544,0.902245580999092,-0.646623998699091,-0.0257085652689871,0.189126069571106,-0.0232762686322154,-0.195670475317803,-0.692343332829038,0.00256518238625187,0.0560272960147475,0.00433048338101063,-0.311960843789583,-0.1695768719973,-0.296687231673294,-0.525133334551006,-0.296353268847982,0.414983263892405,0.357852550314231,0.381175635363921,0.47426432632185,0.338274594645741,0.616364735638815,1.71993989269181,1.47050642548476,1.06623522300304,1.73180712124529,0.477664755320951,0.470002060248853,0.971654982078557,0.056818677220104,1.79963643915771,1.40316039415949,1.64802966273689,0.531302035554615,1.13953227191254,1.08128256331225,-0.462391486515436,0.0290752939580884,-0.0349737097764815,1.05876345949109,1.08953403521765,-0.0696877752107424,0.332501737875519,0.0756915956899009,1.12458333168028,-0.499884388385607,-0.144964025597538,-0.0650562901115586,0.320941802623386,-0.878427139929998,-1.3111527041522,-0.711633142700596,-0.840928239230068,-0.0683194028493295,0.74952025248733,-0.380485322967222,-0.234338381449412,-0.54645658851342,-0.542608508761622,-0.456890645607947,0.274106103592896,0.192414638892611,0.21900890692084,0.0250958203581085,0.0798718325399983,-0.0425117676150843,0.492902558479634,0.799093347900303,0.80243266239236,0.609146656645159,-0.974725790265384,-0.152752492695376,2.2026963399978,0.93111576609454,-0.58503005250526,-0.570727313270279,0.817986640092502,1.01310444258069,0.0304781019130657,1.38275104017664,0.316206205389621,-0.430032365244454,0.136333233919643,1.76215989357742,0.589092388783035,0.275310342949768,-0.525489270945109,0.366845973376298,0.160576410607286,0.878395830828862,0.138023909965625,-0.640773943152043,-0.111513325585044,0.780324322876438,0.0731865396443504,-0.0901391859616462,-0.3018500787961,0.376713420082471,0.191527429127362,0.742877526515889,1.23523531588222,1.04542701790073,0.767071801012038,0.318458416033449,0.296010966848423,0.29889314560823,1.34006639949052,-0.747931752032927,-0.145419906163616,-0.163008939060073,-0.959134568627073,-0.435293215345536,-0.249488456511453,-0.744559960170989,1.24809614072754,1.14170360915491,-0.452768952966855,0.233856258455393,-0.0499981125400882,-0.0626129201910799,-0.504445548463893,-1.02209586298603,-1.09388379366121,0.962815154455587,-0.00957840963721849,1.20613017888799,0.675427191357122,1.04460957579336,-0.0482148401955037,-0.452371971963748,-1.99736985535605,1.52512378032266,-0.172533341527933,-1.35433747086274,0.0576100069072445,1.14604392391703,1.87468172787674,1.41927040797516,-1.89712360899479,0.745258053575274,0.26666929717099,-1.05715975896986,0.0852612214481359,0.59563672168913,0.0316843111259663,0.450154742499246,-1.85580721645389,0.236199933798334,-1.28513041792545,-1.91566831244733,0.455970144662314,-0.186835878055202,-0.0453540964138292,0.515231577103395,-0.948796657650085,-0.0984896652887601,0.682600625787744,-0.313580249595178,0.437392180735552,1.17527441020553,0.615310730529517,0.749477447506557,0.89103972826333,0.542104425288163,-0.65706019897318,1.74659420341842,-1.27101054327527,-1.18919178043069,-1.26118425142574,0.719121033716073,0.67044600842053,0.663489476195284,0.173702809752162,-0.633128805266954,-0.0340950235799062,-0.10210290332064,-0.173530448346269,0.830609482482243,-0.736533022978843,-0.130140738496301,-0.461022405856056,-1.12191162535123
0.227872998336438,-0.831564645220612,-1.54964865033692,1.31305569971269,-0.52602322855138,0.364705184493873,0.335301179336049,1.20763515375532,0.474149330550543,1.23320886497689,1.09009037142123,-0.76269867803386,-0.174442897765213,-0.553509714272837,-0.622396752967066,-0.655649312307695,-0.722798710201018,-0.578908078827409,-0.142256886619161,0.985939201688119,0.874761563159706,-0.512901188795063,0.11091689887731,0.612647343594072,0.421651657016632,0.710382132127845,0.781279515208519,-0.115255225591613,0.403581154896458,0.443059613973467,-0.144254221332458,0.109270650318237,1.67791409789561,-0.226956762603075,-0.0674589244359995,1.05453957989834,0.977652327691657,-0.14986777418662,-0.799335015599624,-0.462036777468314,0.581356228161278,-0.0766806511023133,-2.32433918727319,-0.702052385080558,-0.174993433008939,-0.73701299100631,-0.119764819390091,-0.680053917742047,0.418393534866441,0.460639086916717,-0.463180209818033,0.107029852328987,0.236060176425461,0.220281850991463,-1.79141266227028,0.0507482430222049,-2.11711316518649,0.034160512554147,-1.53622404343882,0.42831229403652,-1.46305162940823,0.454854045065441,-0.572973946120102,-1.23065917059172,-0.430301267092639,-1.26928826942647,-0.729188379819222,0.509120474536511,-0.0472945012565291,-1.1144640068612,-1.16284139812994,-0.237952182141717,-1.506324134222,1.43008073575638,-0.342048548137627,-0.211591642207886,0.0565010076126994,-2.67438235073752,0.521394425501213,1.70977650968876,-1.84758507498926,-1.51590552557231,1.21906511926118,1.01030067329342,-1.06214398233661,0.818533304781189,0.740914136205842,0.384102065120118,0.528247753078161,-0.00794554258604629,-0.594377641561738,0.505952714466322,1.11513707866976,0.0314159165289097,0.774902193038053,0.555077657018682,0.402599933293392,0.623964134718658,1.49477534124067,1.12370968324649,0.753571162456416,-0.811358023872507,0.576807803289459,0.846070784835367,0.4256044271112,0.609910436028324,-0.159565628646158,0.943995103646611,-0.401444652522665,-0.761832275446093,1.08874402493404,-0.36723238805562,-1.40756795897522,1.61847238698302,-1.4205896867026,-0.69658324097958,1.28436001357462,0.250002037462432,-1.25724439745494,-0.503994885751261,0.178369010825077,-1.76129569047956,0.126030290686446,-1.66380568679191,-0.205748728136053,-1.06840519410534,1.37570234521595,-1.11612290915695,-2.2806863598699,0.777997656415062,0.154118194630041,-1.34919821793429,-0.152471578943821,-0.423343861890751,-0.17152646873795,0.582046750082237,-0.0505872994711018,0.855360566943256,-1.19769246100647,-1.2424798287696,-1.0743824540569,0.244181027936548,-0.200741677965348,0.373295310262271,0.14154258783583,-1.81667679840707,-0.19122780063477,-1.05590783133493,-0.248197271194161,-0.862855407491803,-1.98502639196202,0.207391026152107,-1.6974194767465,0.336286551819204,2.13742376282949,1.58402520101112,-0.224092789105064,-1.19751911742468,1.24500904819559,0.838742706303543,-0.665432305582105,0.390629223793188,0.96500281705052,-0.528083779665449,-0.191009398904865,-0.0289722290671622,0.382957910275859,-0.460064976267066,-0.247475228584241,-0.953271414877767,-0.152491214498616,-0.57016886943025,-0.348317676577083,1.04121350599239,-0.37575569033606,0.269410741923233,0.462453960941358,0.229303618396748,0.242131671861334,-0.0259745883341256,-1.00118117291742,-0.757622673926567,-0.437434868099441,1.06787694007838,1.18255248513731,0.337587458868111,0.0608195433015847,0.0551200117920573,1.12359207952624,-0.147714788525925,0.842392166300571,0.236139733437481,1.18836476412264,0.454730142263576,0.651361042487473,0.525223637987286,1.86943726274521,1.77359086134624,0.450934399329722,-0.487701738610185,0.499167882319372,-0.219173421642471,-0.561892399710389,-0.116200168517649,0.17553454410102,-0.131918770241689,-0.28394131523387,1.37365941371822,1.00359828850385,0.850276962054454,1.26741732131404,-2.47537410706996,-0.611155204781493,0.830048215064821,-2.60105546030923,-1.20406782451723,-1.58598327203836,1.22504605396697,-0.653009310896938,1.27170925905816,-0.379490198648553,-2.19229129217717,-2.17408304864655,-2.02724832610818,-2.60939808374429,-2.03658580463099,0.707283413192483,-1.56645317267451,-2.2017654708708,0.70770753225351,-2.3655611954674,-1.98740117698564,-2.05359642730929,-1.19216161092443,1.2733480565756,1.23964058325726,0.0444022168862711,-0.259140294460488,-0.558318711539091,0.741481321881577,0.981039411664895,1.50187796876346,-1.00112426790251,0.970565718889647,0.610019062172613,-1.09695808363481,-1.45249667603111,-0.174407343124583,-1.73299533906617,-2.53784868546995,-0.982179188024227,0.110698952812158,0.542915384550818,0.957889307738331,0.456602397551939,-0.431348382551189,-0.0363630101911322,0.0765363807319215,1.19051006507652,-0.131309831987503,0.328078202955374,-0.278695323205379,0.03184672760167,0.148036877653307
0.794790873290317,0.928985998014539,-1.34778236732079,-0.0999240061535367,-0.282994418540497,0.207641838478903,0.728831906559408,0.204927979750358,-0.384652319312416,-2.22496847964711,-0.114001862438822,-0.611738554136309,0.626249919261235,-1.5204309023471,-0.952302545068354,-0.608935857126679,-0.030156081500231,1.08065073364797,0.397583062168983,0.371753687145753,0.046025965037764,0.10092429715626,0.540579050466507,0.10237460016603,0.279360596699584,0.560802073863354,0.907511989323135,-0.34414761511112,-0.212167917357515,0.740575085851278,0.645267150726347,0.584351006502705,0.3724389448993,0.181110904162957,0.210692118545167,0.693091079456394,0.56182593124712,0.738283310894364,0.255104866370506,-0.166831153723583,0.9937293067545,-0.103482867451998,0.318516054615517,0.228829735511288,0.382052185220754,0.219771251209847,-0.220053251567766,-1.21961600964823,-0.604421044600362,-0.322803984601649,-1.49799032366113,0.139945416163689,-0.497790447677701,-0.127095429310024,0.161535608795562,0.088732719568403,0.116566553951714,0.869640438693639,-1.11397734356486,-0.189385374040975,0.597192734102787,1.61244064127126,0.9053590426772,0.118280100978113,0.170540152430259,0.502142915332971,0.356919244169462,0.239163976874317,0.571199429363866,0.0595572987694865,0.120128939480052,0.140605012998183,0.150330100969273,0.029159236185862,-1.54780910438815,-1.11342032196109,0.959729786533374,-1.87834667638088,-0.12186579382966,0.65189294630772,-1.52937138496759,-1.47052375131238,0.170252804367122,-0.102884357667983,-1.96579999288971,0.190147816775431,-0.468417941261259,0.688140166066274,0.699825774743417,0.93662474851899,0.571570371944795,0.572104013118194,1.12705249600084,0.608121556354664,0.981389758326305,-0.237054986511052,0.370172599945932,0.506743800014546,0.495784439295927,0.604821213537377,0.330206773700631,0.598076812209339,0.229338185148942,0.488924617973603,0.72690460553157,0.615318944783739,-0.0288484111915423,0.620596301815523,-1.09400366939509,-1.21302160310863,0.180617624293703,0.101604255844156,0.707755334815806,0.869799860726232,-0.00686568329824943,0.68488835973953,0.792580696654255,0.625609547322083,0.236884335691025,0.373742110435757,-0.080370997045446,-0.265023300694462,0.994014104065987,0.979352153737692,0.241579280291963,0.0197680902005432,0.0223924162929482,-0.906048894717971,-1.19080739097959,0.464639593729538,0.894108627237975,-1.06078338076292,-0.208133196421755,0.588883492680806,0.76018082061124,0.541804293224656,0.624442144426556,0.43250725666663,-0.737488036601754,0.1872801219627,1.00966121673698,0.769474776399612,0.763988822360135,-0.00545387707889793,0.644367747931687,-0.466526660164801,0.863563821469023,0.781660828277435,-0.329606580517,-0.0656612092985434,-0.87243256108732,0.236012079045638,-0.162100159081478,0.342367310326328,0.602297969534388,0.469113820639114,0.508126847449276,0.230283648423033,1.24610656444721,0.269005421097772,-0.386974815440161,0.0385681091551997,1.08699312001666,0.0514370510336348,-0.220114024632158,0.0502823476947581,0.380881299301466,-0.448862836881324,-0.458393496935361,-0.84924170696168,0.913622735566407,0.0834051526359001,-0.317336878462428,0.665300729341675,0.665180668464293,1.01914182307538,-1.11468830097358,-0.63362647350927,0.899434820910356,-0.18877140961328,-0.663815296807615,-0.351346624449911,-0.143814753683151,0.236371018321024,-0.232936214688588,0.890403970611344,0.379202927699442,-0.888335464051254,0.231426678731804,-0.801670316832675,0.173431919910794,0.250565754269304,0.847650925837843,0.562182757140254,0.0958424337799646,0.695812539490116,0.468506613545809,0.445592164954233,0.466544310598211,-0.248867396596343,0.948170336953171,0.114876914706687,0.0537317817278073,-0.391029112359867,-0.281107910025487,0.133205570917215,0.553316877965844,0.37166404532148,0.205455991640047,0.876134960692272,-0.430412410964967,-1.02970200728988,-1.06432659281845,0.998884507594893,0.316299256073214,-0.724639655005588,0.266490413701504,0.0400241301307469,-0.00524919599275245,0.113953906832366,-0.936010738411296,0.62767280797118,-0.946773826428751,0.05414932354088,1.06606034774912,0.162242824768121,-0.844525519765373,-1.84330858008847,0.0988823494023326,-1.1425439368479,-1.09216200129742,0.0869431177169839,-1.22699663360339,-1.62767360427254,1.1086935235667,0.925276069899512,0.169256112843146,1.05941090384414,1.08044722084544,0.590224223391013,0.38781417660619,0.666369932479818,-0.421895145900638,-0.20571176871507,-0.162657479609712,-0.723454097373806,-1.82142575678927,-1.99624530753769,-1.514627134653,-2.27243801728477,0.563426010184109,0.0566949796168471,0.075088903667598,-0.360605776955561,-0.193633075571367,0.637826557465164,0.891255684227801,1.12277613444278,0.642197671782354,0.030171261515001,0.759060872124502,0.503221102859791,0.726468533421089,0.881542945799049
0.549024133190071,0.280930295966258,-0.438164509937377,0.564212111055935,0.684055658555614,1.77105123540888,1.47724014630743,1.41294759687526,0.124671274622028,0.651740595568949,0.600963028345274,0.399486360422688,-0.359380404392801,-1.35579798644268,-1.77011654461825,-2.05266141224972,-1.1662762553627,-0.598190245061334,-0.73207405326271,0.236061281512348,-1.0571865860179,-0.182105309208021,-0.581922552003952,0.703881692686111,-0.304902506341299,0.085231536707995,0.533740706846895,-0.998536603665011,-1.06262710272925,-0.137487293504378,-1.1640484779905,-0.696368325629002,1.03941826523786,-1.03105409315867,-1.21206080747449,-0.417547098909344,0.798614881234034,-0.654896341766221,-0.544444243839682,-1.54489009248792,-0.634040887288724,-0.790089525024417,-1.71616085525073,-0.899363255328596,-1.05951119923771,-1.41848227104459,-0.76166556110431,-2.31120319765836,-0.991565001919123,-1.04413461652666,-1.89138824454261,1.03801067374871,-1.04185887694703,-1.51343308369783,-1.56483346494293,0.307997933727727,-0.95778440950201,-0.665687695832935,-2.94795899431142,0.724528827328403,-1.92846515279509,-0.585660557440098,0.175794348584869,-1.21346268122706,-0.528790675416727,-0.469291331254187,-1.86416748305223,-0.428935457150277,-0.814587337576628,-1.78144697586246,-0.822066952636675,-1.47972901872356,-0.89933075780523,0.268028885423019,-1.13195864880511,0.434836493369063,-1.3696337132369,-1.94983195727806,-1.0010028056126,-0.346316727850221,-0.821121023768592,-0.676318919576544,0.821375218589945,0.907467674708559,-0.517441051849819,1.02296629306216,0.787861201690946,0.432559169180532,0.996502673940881,-1.14561820292327,-1.25770061818141,6.28751006189196e-05,1.48466485086712,0.463813395913407,-1.29042509382033,-0.0987709768378005,-0.755610091036229,-0.947678022945134,-0.42211084829046,0.433196858231624,-2.29150774231432,-0.564676502756593,-0.930072331341628,-1.23914176964216,0.208104286065985,0.395603720694473,-0.408835075068745,0.61037735438513,-0.746754971198217,-0.590975640320466,0.737574684798636,-0.55181558279833,-1.15454317540591,1.34767232573129,-1.58291755382901,-0.328144520271502,0.823707239412912,0.54974905133389,-0.0458034644536678,0.367528392407391,-0.704806389828071,-1.87228978270734,0.335376220864344,-1.25521622568734,0.22448150150489,-0.440465993794157,0.88528103013484,-0.383697297427186,-0.531836008554312,-0.0583526765497324,-0.244183493293503,-0.505163377480428,0.297214917426803,0.808655128233051,1.29377872440684,0.216790911988039,-0.163633492337888,-0.202493525147196,-1.02589000710112,0.111624121092838,0.736827830148026,0.786540187060564,-0.766325238017871,-1.6529630302398,-0.343908555161007,0.110032084177198,0.412738417161186,-0.216160252761488,-0.0842409017405273,-0.359313697817432,-1.00565250727062,-0.942472294691042,-1.35203714515297,0.18457780723718,0.304111834225095,0.363165960049102,-0.0386610666509688,0.445569349353839,1.05186947842408,-1.73937076682195,-1.62825351702794,-0.289137136896145,0.76357591156329,-1.4791134694819,0.0833081641437386,0.229841929825789,-0.407047975182089,-1.17025284011873,-0.359461685346179,-0.358122990496209,-0.695892610242609,-0.397856443074847,-1.21438100574464,-0.536560548200936,0.0762095036237252,-0.30723547546034,0.19953331498281,-1.06818656091389,0.0640798830064748,1.29441519761642,1.10881394884746,0.00968079665020949,0.0493411189692589,1.19304727956133,1.10682877639992,0.40758241223242,-1.83165626853581,-1.62784020682786,0.86361562646459,0.345953138557227,1.16813933837581,0.962438795775074,0.512525957080234,0.671286215068515,0.703955530441882,0.76795036958998,1.42333179023801,1.00789234453779,1.04980334318902,-0.747830009705892,0.113899409582346,-1.17310689945963,-0.601199525500462,-0.0921743431115965,-1.53063881995757,-1.17160759307526,0.373872568152893,0.622610536547451,0.821539899913486,1.13244485921116,1.08286002311363,-2.51200260506748,-2.47432836057201,0.330266348953232,-2.24231965404859,-3.19306360986189,-2.35435397904439,0.854535375407925,-1.29878685318087,0.627175781482128,-0.280188492934718,-0.534458514567366,-0.159141753551583,-0.893351236079695,0.0610546223322111,0.324183196538269,0.574006364549766,-0.599013020696534,-0.925727539136936,0.511072324952336,-0.390401604139222,-0.146727302433532,-1.81963428114143,-1.19557756741359,-0.713478102324983,0.322165048059869,-1.37565886586652,-0.516695104655476,0.426059174377525,-0.868655910292578,0.780171205623874,0.592874804030534,-0.219475114100435,0.650264610638328,0.930723724005035,-0.0906929950115105,-1.65373989440703,1.43949148484144,-1.30226813178116,0.279811457812064,-0.318763802611267,-1.68772864683756,0.588398354755964,-0.0463635146880591,0.219338120187101,0.181617729782495,-0.582400392383514,0.0346750053370575,1.13661843351924,0.920374242284485,0.343014716849357,-0.849092836434464,-0.299021053599972,-1.03084553319024
0.236985853172063,0.583223439574448,-1.14390489581896,1.39717300919316,-0.327948490061242,-1.08644699276735,-0.636102482546164,0.668150343032508,1.21643428855121,0.0175762551163844,0.838683946956781,0.963253491402583,0.0620011912921472,-1.45818014431439,-1.66241460701443,-2.41596928356202,-1.1760160115099,0.0185872581237311,0.307016470605455,0.635525987547234,0.353670585789921,0.322610053108612,0.94973682625905,0.401967248285032,0.382500663340634,0.693527799916274,1.05230103447505,-0.388756691791158,-0.379938767995327,0.605055328360157,0.244148634869064,0.599952136116647,0.614925118519503,-0.538365005983459,0.104557249342437,-0.145023269783861,1.1292502205167,0.48422938277594,-1.10268388238556,-1.54921406749832,0.401899031006658,0.83982217346129,0.216246437151028,0.408153989824242,1.05816016974057,0.0395612554419835,-1.09084821697426,-0.553354243788971,-0.31797255802228,-0.292289825186091,-1.0141234767679,0.0994036846376269,-0.326447087834585,-0.980400183754121,-0.125683649329475,0.0521700452082196,-1.26750099230121,-0.651558280638387,-1.3901278455232,0.771040138690369,0.509559461433494,0.118770886761311,0.151683117259285,-0.429279389081717,-0.082153707911997,0.19951211926735,-0.0436680038281335,-0.220399558734978,0.437981319505603,0.460427247132112,-0.197290920300857,0.550190464679362,-0.0841706120142908,-0.768292658080847,-0.40743421815858,-0.50360329366491,-0.576021788834631,-2.12917125519146,-0.684402473685781,-1.16066745467497,-1.45687574033018,-1.05755855243381,0.804166548433681,1.05260827757954,-0.85270160120935,0.824213494256748,0.375733876147278,0.591816976061105,0.35670468229245,-0.60879296765572,-1.63726785365129,-0.309268482021519,0.637651133801086,-0.595848723868205,0.341384152364051,0.478379630391028,1.23967634493226,1.26552703092455,1.03845750884312,0.261942093106626,-0.430497458944298,0.123872010193179,0.784232239071408,0.0887853398710852,0.508055665241511,0.409113624203186,0.390400294295176,0.816556032130487,-0.104568349207369,-0.290307934414259,1.09958057321395,0.0720194814347819,-0.965383838578688,1.35619348987264,-0.944407247869208,-0.112170538523833,0.593518626639864,1.13611147722593,-0.261290957860965,0.340898236504264,1.25197682920052,-1.45276580101915,-0.817750422191866,-1.59188158180381,-1.61047131347768,-1.57743818957962,0.448113469903666,-1.33399009294052,-0.970102518404405,0.755270286385646,0.66588926707426,-0.979449501350607,-0.541460641292134,0.267410304330241,0.575866439979576,-0.718955033909175,-0.535725198134259,0.401431752041795,-0.961530045484088,-0.708800361379766,-0.876019907622248,0.182758435163014,-0.949982054456241,-1.30376812942423,-0.27193579865876,0.491927216198333,0.596305265385614,-0.339338503478316,-0.049484411027293,-1.29420366879583,-0.861663039335608,-0.0869972706021799,-0.765988494802723,0.302763500772,-0.414320958224618,-0.246862568739173,0.287577097296185,0.29577945789358,0.336759405608548,-0.589940414832616,-1.03780048328699,-0.70739161478672,0.0460597542389387,-0.530854308464814,0.183289372317217,-0.729543138639412,-1.01109637493274,-0.785737180363131,0.177409424840122,0.14320925866518,-0.530505014658839,-0.589007883334694,-0.884843801137532,0.037272054214639,0.871086626973369,0.91768379329916,0.050061252198412,-0.631791426736866,0.997913759062768,0.0215381841896847,0.100162362828033,-0.99734742262857,-0.87322900488567,0.741084300855695,0.332861771225261,1.56720537413008,0.190706419131758,-2.16648767920451,1.4372848611914,0.532962426896938,0.841468121948241,0.718825826850011,1.34530326249205,0.401901657340827,0.522895390765354,0.787284792308084,1.65541714647077,1.01789069468307,1.09275543339914,-0.575996306773904,0.695081465050649,-0.0617651575333297,-1.14563369162716,0.317382908257137,-1.31692919841929,-1.08450371480893,0.467556698502229,0.790796241747061,1.12471201276584,1.72326323837405,1.73016511761724,-1.4812330292573,-1.41571957502382,0.803707433810894,-0.172712421707556,-0.759815176130362,-0.762719107349492,1.16892821152783,-1.47933806977804,0.811049580794293,-1.31871764925842,-0.485574780862342,-2.00963774315734,-0.869414471835783,-1.35076617528614,-0.389906882832694,0.437794420256705,-1.64221783001909,-0.944937651400214,-0.291117257101137,-1.73838427141933,-0.33928188459539,-1.35996960730668,-1.43092509714524,0.317767917780813,0.608539494082854,-0.261225941594157,0.853524759578074,0.153418027579162,0.537000255664539,1.12223487398733,1.12576882945728,-1.96640785006685,0.260213591015256,-0.330827635566164,-2.72931570759278,-2.09528186600959,-1.41397503429055,-2.09431130271216,-2.15905147327946,0.337057506401705,-0.718612613999423,-0.0897223273375753,-0.737175764820008,0.538876475185354,0.222334269783519,0.303208525396168,0.665515002037411,1.44731407803677,0.258219318223792,1.0933025083114,-1.04785387626146,0.799098192223688,0.21851022700088
0.546454171334774,0.427065690319561,-0.706994351996528,0.921666911163223,0.124628455130498,0.552466894094588,1.14733125327094,0.0502613322258079,1.20349179688737,-0.599860453250737,1.10276905679636,0.588038021021647,-0.0852796609478376,-0.679941182108196,-1.38113531602858,-1.50932944843131,-0.926144449998981,-0.708097899576177,-0.812716297381696,0.921731514826795,-0.545266637728579,-0.71790438843247,-0.533847828105713,0.443643382577611,0.809055633899421,0.697770980733169,0.533890184374857,-0.649605144247,-0.379117286546936,0.786206290409009,-0.930697231320182,-0.475276324057698,0.935912234476727,-0.572238040100002,-0.989292248739002,0.0634688763704731,1.10493210529971,-0.530597235428207,-0.906592140907669,-1.01152953146266,0.522415048978113,0.309952596471552,0.258402341729712,0.341716322916882,1.02094875835199,0.158322910363284,-0.513658026064991,-0.139089362547988,-0.789835397811425,-0.741448377892864,-1.01669922528275,1.5215768124128,-0.669920318991228,-0.631540853481428,0.537898505008078,1.23045022281346,0.0801067217859536,1.30864726530482,-1.21489446428304,1.03297866383701,0.139438948136826,-0.639038223068086,0.867813416048254,0.129109429376717,0.578971308476526,1.03989423068357,-0.11809490204689,-0.226912661273365,0.925453423408392,0.453726018768145,0.514643038155511,0.532361528333115,0.529519729705987,-1.83506350275376,-0.161978135934781,-0.320168838470173,-0.955985617973538,-1.45205153823865,-1.05789791762032,-1.35020383572931,-0.641973816197853,-0.53859750094551,1.03744607188922,0.793647199710142,-0.327902784397938,0.221020386125589,0.641498079529515,0.24666155500104,0.53660462623565,-0.858031127440946,-1.21433766981427,-0.139396920092812,-1.04589854069449,-1.13007695079885,-0.446712672095903,0.283849545945264,-0.0206736040985295,0.0307611507945665,0.190269958000069,-0.67413221116199,-1.66104958352778,-0.345298954695238,-0.0863884767806567,-0.761075286191656,0.78755110062689,1.0196648162535,0.17144860510585,0.472770376989354,-0.349400838754098,0.114616330954449,0.646864680165655,0.291883994953016,0.978015601113915,0.903398811876661,-0.500940329715598,1.22152639293845,0.657068149685359,0.926632494525853,1.85825479602056,0.0630411947149674,-0.131829888573732,-0.502947789851264,0.521754044556012,-0.0987438200754551,0.395035104254076,-1.04463990092388,0.641181897336523,-0.407074561904105,-0.0296892644805555,0.510818968549705,0.259173772647678,0.206344861817836,-0.799533045970201,0.385175188238296,1.41941825842982,-0.44983693074501,0.306089641227465,-0.109314356701857,-0.510355580714343,0.35269991359847,0.302663753443774,0.507350598324354,-0.995421254280232,-1.75280612668664,-0.15667437661003,-0.0201168138807019,-0.145137108028241,-0.424128391219018,-0.227680692195956,-0.441042921376173,-0.85488630152585,-0.784115264766848,-0.60670722034886,-0.158503421286125,-0.909464832224839,-1.07977943037145,0.55647785778685,0.467939086540749,-1.15472829942111,-1.19490331081977,-0.252269376856975,-0.631324616953432,-1.13432420632901,0.0435875953978305,-0.163792673614943,-0.323548178257788,-1.23527387647475,-0.644623294877707,0.718299242783642,-0.0313600964801086,0.141196300001423,-0.137444179122963,-0.760321832077336,-0.699308572952695,0.502033744559995,0.114826298769238,-0.612488891652109,-0.721428294054149,1.12565265159991,0.570778219788688,0.874130023770062,-0.29630876513991,0.62083592856604,0.710208813804882,0.708243883756577,1.25149826111656,-0.382079751064779,-1.46484975947639,0.551179152022298,0.685719449593014,0.879350292850626,0.799810281143498,0.405007156677017,0.603210417803291,0.456093889564728,0.313158928409338,0.853425674979156,1.19440333221448,1.17535674781423,-0.165226139191875,0.438294927666658,0.185912489293167,-0.931504969035919,0.469205783265168,-1.36457067145261,-1.2744967762755,0.979160194967537,1.00610261259437,0.862158569031162,0.862427180819951,0.574372832748457,-0.538457818252225,-0.780431731104537,0.361631191089439,-0.376732037622347,-0.906807399827626,-0.56775982702353,0.444536439249196,-0.965520463224044,0.651590188158811,-1.08665946072074,1.12987768376148,0.0725097007364453,-0.219696257363706,0.676038581582765,1.21513008490132,0.0777958462439614,-0.599912667941334,0.74136151917529,0.134147666866922,0.145891143680486,0.201273747884182,-0.579577260369685,-0.618110815147194,-0.642615654893793,-0.179979103936765,-0.607851360290645,0.855650842405904,1.23274501805635,-0.3163277455694,1.03730590832014,1.11171674941151,-0.693701217260648,0.218047889556175,0.0932064153188809,-0.472053769702416,-2.15724581909705,-1.65777820435016,-1.8111112335005,-0.75903778112828,1.09092862748515,0.079128627352746,0.573393569544758,-0.689289003622414,1.08587678770229,1.34999294691734,0.230617826498955,0.733125527667738,1.1303785120245,0.638180529175654,-0.159940567795543,-0.576170909854295,0.66208367992909,-1.02796233744792
-0.345013674966763,-0.53754167928429,0.749157105241611,-0.350449683982665,0.877014124352548,0.337333551284306,-0.103973567004195,-0.761440501630664,1.93900745509709,1.36559826294436,0.805413409485391,2.11208444342663,-0.216348699179824,0.497585972500987,0.68903469862715,-0.0884457897320812,-0.827084078755133,-0.746345714469731,-0.192818096061167,1.85458139663194,0.609483259756187,-0.522442917060789,0.472313962325444,1.34904149975354,0.597383206014341,1.51907509643834,1.23200581039881,0.337665536263088,1.24884791388851,1.0557989215793,-0.429489238196212,-0.0526131093979778,1.81925277434629,0.0520723282052445,-0.277129631454345,1.43853317312728,1.67875292743742,0.203834457658783,-0.5595051132486,-0.183979125014068,1.04868869850266,1.70895959634499,0.328982212960601,1.37356639742879,1.2243529342535,0.90632279920196,0.669917223291064,0.913301681663548,0.521010103344892,-0.414090143134552,-0.0166735307301963,0.164811584160022,0.041796276194413,0.889400571960262,0.457118479790286,0.427513936104326,1.37541783603271,0.453789100442296,-0.690668805307624,0.867777915351627,-0.051541175169242,-0.384367890183568,1.69873720601865,1.05011101994889,1.03675824020302,1.36752375513429,-0.0488342202306701,1.27413990029364,1.25526018557415,0.618745384513694,1.04990307661609,1.20914193456452,1.41030119644157,-0.93295455463161,1.5006622954767,0.645824183042417,-1.95205116364924,-0.378739441567886,0.300389504952621,-0.916902128288685,1.55419112061755,1.42059038815478,0.604057123169156,0.561315839573302,1.19119041898198,1.43595616906142,0.356405844512042,0.993115448206566,0.762941112493626,-0.960896508346929,-1.0932837189114,0.16318967249696,-1.27387721214419,-0.487474527038989,-1.80973051203205,1.45222455249244,0.932727600303088,1.71050416965287,1.37162830584249,-0.290480585466539,-0.959471883866551,0.396214953230211,1.08290140875722,-0.408831932167496,0.00229392200191835,1.10529667354672,1.36143350704418,1.02979702288847,1.13319293319572,1.29421892623843,0.141665164180964,1.21942451816902,0.254963886242764,0.264257221918525,0.278186020765231,0.89503653473615,0.525412337171605,1.4981419309668,1.14419719387171,0.71748487309041,1.26325828551389,-0.216683307865845,-0.100479092556211,-0.0516197257237304,-0.694883277335124,-0.236081352928652,-0.426275785070485,0.875881787350773,1.3901210725905,1.57983500101157,0.759395796234137,1.78452999725862,0.927728540489066,-0.047507511667086,0.038160570874275,-0.714493446459912,1.41507103543836,0.876591920516704,0.621374309959544,-0.920648727246178,-0.646721002984901,0.023090206902019,-1.36962130510352,-1.21577606670664,0.208279034617643,-0.142501985206502,-0.00110205913201003,-0.0462627291767368,0.144678188847773,-0.959013064663537,-0.584701688112176,-0.589133376191791,-1.00568321820847,-0.796035793476851,-0.86379256726558,-0.848086149552785,0.110634346227757,0.134144805707067,-0.961351197244086,-1.45044398689252,-0.783961686303387,-0.409326047652118,-0.583960306276427,-0.848576513572055,-0.957453400396117,-0.112824261429673,0.0847661049831896,-2.06850076476802,0.68758070261122,-0.148963429377759,0.12493824501444,-0.405322183397026,-1.19618784115442,0.814078652735181,0.420704260697276,0.86406689436952,1.53957084589718,0.790161949940989,0.88952697017491,1.0290208091378,1.13853639508469,0.626908900436341,-0.0999752701657248,-0.538256472521838,-0.485011886108927,1.37442603587615,0.987144247401214,-0.48683522997871,-0.0214235476329328,1.75488762179546,0.362295419579341,1.08522514439753,1.10084880353385,0.278436746703755,1.12399955997429,0.510483111837485,0.402288511129511,0.9673858492277,0.789838111472496,0.936585527090054,0.175562494363215,1.30346255881003,-1.02278051022477,1.39919481115454,-0.0423887825107669,-0.530067256440798,1.32309969318395,0.792594285376078,0.625871751097861,0.925675284303242,1.12993428282595,0.154921537022591,0.391797573434658,0.636189269489477,-0.39238334193856,-0.654640697019751,-0.46893893197702,-0.0498665728112414,-0.820612431714475,0.36629238376349,-0.0143802883680026,-1.611144893384,-0.886550676538471,-1.79229207955457,-0.546600756246857,-1.22863482268053,-0.107642837914342,0.405956452383986,0.435045664265095,0.376464640422566,1.14933322507205,1.7276713362855,-0.0265827538407503,-0.758719372853044,-0.512850149923012,0.763343134178557,0.715010067197825,0.993884182135509,1.54670322545575,0.044813926947052,1.10782776098275,1.33577274822872,-1.09103208790194,-0.686377778873277,-1.27089214615474,-0.73682529894714,0.0464805323365113,0.55114990641214,-0.67335303694097,0.125108861420202,0.455084175572428,0.0447423433674474,-0.87545057186373,-1.44315381244287,1.75957771945006,0.26719246010862,-1.33468626746448,0.439283374886375,1.03793697058698,0.0335604963159634,1.17377971194207,-1.95375144428793,0.582458138520157,0.583717885758395
0.10495179036821,0.112696244109631,0.784941298601493,0.194367755487976,1.14036959379413,-1.85153070997101,-1.47068516268571,-0.362820576610351,1.93519793306487,1.37175754814237,1.00832147334109,1.68763707780319,0.170481972833656,0.822570207366897,0.788936661033948,0.240255661625364,-0.506734897069102,-0.48355125132668,-0.154291885632726,1.67912596226564,0.439710726188489,-0.171522643959532,0.420735018638773,0.565167941741354,1.08138911915404,1.77298827864239,0.102639141166472,0.225428027768268,0.976740223671302,1.03115830960497,-0.345730488339491,0.389553015772022,1.358294442742,0.0952114260729408,-0.446033104957523,1.15787717095823,0.977379605576435,0.279697167877493,-0.471708043298145,-0.209351776228662,1.12503155275153,2.12126911459327,1.78099262978955,2.05873466461641,1.81257873383055,1.64895535906164,0.0219873941130931,1.93559395021018,0.0924640965950219,-0.649301387965072,0.30387375730707,0.0575354452943582,-0.307850737878349,0.33024119964374,0.998035741662122,0.670798056190076,0.557346635452814,0.765747261190385,0.973660154390731,1.32122852580369,1.5546007033535,0.417581221707464,1.40573611766438,1.74905623875004,1.853624339783,2.01526764549448,1.69660942104983,1.89253075693398,2.3311314567587,2.1691765410994,2.19027028104781,2.34183438760977,2.07899721308707,-0.389708342376425,1.43219469946795,0.709721600127448,-1.66721499922627,0.0501566569145832,0.803576160055015,-0.434040245351622,0.699766734031665,1.03405750463738,0.909484355696119,0.751068365406164,0.526761034865245,1.45788083042901,0.983646969719946,1.56378859974229,0.598306936054775,0.332218838601979,-0.52099524672668,0.518932460663597,-0.783325086304412,-0.347295396603471,0.110842061376594,1.43313173527861,0.711459580291552,0.678838460184916,1.22589806402547,0.196157041692997,-0.126253186396954,-0.145821630236364,0.415030768963373,0.0414941235560482,-0.558737175026268,0.232688599508873,1.60082246064882,0.921060404523086,1.28222210829514,0.66351100671242,0.0648585506269574,1.31757592084908,-1.31250176072921,0.650159592277689,-0.483849964752582,0.933007113968508,1.14132879985787,1.96437102750071,0.730114488139462,1.49497654930041,-0.200627898576698,-0.80422803695235,-0.257453685547668,-1.94006811280995,-1.22870927466732,-1.20108516343262,-0.175939246140576,1.09904683100532,0.549313244933695,1.8505721162074,2.01008186136547,0.832356898389784,0.78840591227436,0.543471251661743,0.131210256815952,-0.5468348328459,1.79490056477695,0.0207495336629158,0.85516742580913,-0.9481564123408,-0.893383758910058,0.140352560670852,-1.7420426670183,-0.969300138929645,0.413456370915293,0.511367057603148,0.428440429356577,0.490268257366254,0.283207331165001,-1.81429334180621,-0.275222916347824,-0.133401772591641,0.454557770639538,-0.277958382587847,-1.4092237824808,-1.37284017224279,0.080867120885146,0.327322662932157,-1.29346050616181,-0.405767957201313,-0.868978632683386,-0.60699319191603,-0.482702614993869,0.171844268342445,-1.07238894564808,0.366743328809905,0.332597687623666,-0.620745877056311,0.922335876444271,0.251516530463481,0.680724812085397,-0.179438173151187,-0.727302119267071,0.69025741005199,0.646972250074434,1.61734176776158,1.04560678537068,0.481252819215488,1.14180016713016,0.9788150060897,0.792557836523867,1.03349401641951,-0.581759765164358,0.062538437404956,0.283956528286837,1.30593509795566,1.73070852171315,0.460542773584761,0.93712905989716,1.75436061647748,0.796641474867304,1.24837311384924,0.719797838530967,0.784473892698042,1.4216271764033,0.949100974016562,0.716532854510665,1.0781829363431,0.993574497609205,1.58447142545071,1.32889259122997,1.75435481588148,-0.582170958741962,1.64244456181539,0.276336091692246,-0.699195469861909,1.23401865677268,0.676347306569582,0.912019068564533,0.754566397855476,1.35352405173087,0.238807540453596,1.20743366672811,0.979169258608253,-0.107936088553586,1.13310584804172,0.759832733270812,0.322169149381819,-0.101868081973615,1.4045896041297,-0.267895572591128,-1.76968266588346,-1.68386876787526,-0.629992569068685,-1.48300030916707,-1.72471525535681,-0.263593668217873,-0.73261597751953,0.640480621401405,-0.669873917677407,-0.239729355853821,0.946284636422227,-0.871145689142713,-1.15727169902713,0.671803215964855,1.77812172850112,2.07425261704921,1.61505759044825,1.26415336346905,0.722793469268642,1.13355223393796,1.35308294558278,-1.5907013078632,-0.713432841259177,-1.64448355428614,-3.02999942838554,-1.11938268889187,-1.09537723186608,-0.410554100096158,-0.603271667450082,0.730323615553133,1.22362480322584,-0.889617788931723,-0.788569838356407,1.66537088170347,0.893204633588476,-0.290691627905728,0.820878911454854,1.56707060543757,1.05492928908712,0.945159339801778,-0.774318511565328,0.469986702130832,0.30716577803491
0.0658729333426435,-0.33433692335925,-0.636293658953942,-1.02993747925641,0.76859219890405,-2.9742119924243,-2.54702178203937,-1.36955992029936,-0.0571284641830797,-0.0587952169571677,-0.195995238736173,0.389684821694333,0.914390829587649,-0.155671551039514,0.607720550907765,0.234277129511217,-0.574579211753368,0.344782888752417,0.51557696884737,1.7134060325932,0.442914551724957,-0.338466894745861,0.802526282093881,0.618245322927165,1.06428474513108,1.40113288637152,-0.0843247390331743,0.446296611159329,1.28173152404163,1.16401967975808,-0.0275600080065026,0.950830422952651,1.22571953784913,0.639068236656802,0.130936054557416,1.24665688495852,0.451591035992078,1.23902893801016,-0.283498652923612,0.0289932514466366,1.41440044123873,2.09476316738856,0.961268414883112,2.56130265057743,2.14116493360977,2.60786714166967,-0.845077458925503,2.05710432389811,0.599532524271578,-0.126716410397488,-0.365382763006052,-0.756300410036946,-0.0239903200708879,-0.333842410153001,1.61180622974493,-0.656354933569227,1.00303278124168,1.1702572759046,-0.155530718526527,-0.789185082569637,1.64161301223067,1.94665570048631,1.17657276144997,0.363631927624542,1.54270220018072,0.692127715920413,1.05175589384636,1.97348827301076,1.83355351912631,1.78975750832552,1.53300335764476,2.5679401198616,1.02353049093893,0.510442659646881,1.58989874143093,0.102467912261583,-0.281241628771777,0.466540272718012,1.7843303132038,0.0365622820283416,0.411282563669689,0.321108087983778,0.560510045230884,-0.158404952462615,0.219691815279484,1.34936070608837,0.898509642541453,1.50536721636389,1.02073903195443,1.34418439162124,0.751037756885309,1.69418809743119,-0.731406903057614,0.305013199656946,0.52581554553139,1.52709924542492,1.15458332879191,1.6199970898537,1.21863210585862,0.858297294837741,2.16296504992137,1.12257686331826,1.37225800790416,1.44563284258469,-0.0866902148181049,0.646880046068773,0.974080075455946,0.230267099972494,0.49867959914201,-0.483928500408174,-0.860964572838288,0.777508063494883,-0.0869369323418628,0.138212735861817,0.565064868691007,1.35929921816959,0.956201395794957,2.12841643298851,1.05576605482624,1.96645716614524,0.376533454022269,-0.0353021800355069,-1.11629406396096,-0.079143815608097,-2.74577876326282,-2.07174397391753,-0.356999698534227,0.728950633215795,0.153907633540168,1.85470177112739,1.6885347579599,0.0474492866758728,1.1944444983695,0.646090179087392,0.043453182909603,0.483961153977225,1.71767235086179,0.860340319899288,1.45802186039435,-0.176292476664392,-0.187579155484071,0.2564400836296,-1.25616953363505,-0.656496844413961,0.530634032905705,1.08973124074926,-0.0698409143255382,0.921629741696257,-0.0128497265386188,-1.45385547164376,0.145845065531901,0.670922488902499,0.167256128582021,-0.600022767051976,-0.692634681913604,-1.56166250630401,-0.0141725209209863,0.764921780599495,-0.946379063573008,0.32706464034548,-0.180622467197948,-0.381104010305724,-0.0779329374379182,0.518914335645638,-0.478935768586018,0.695196194314576,0.77827264298036,-0.68402784994989,0.302441777030296,0.562771223126396,-0.152937544227667,-0.413101421589233,-0.437598643814334,1.3972342381272,0.162607053418879,1.69145598140602,1.61656027644201,0.798652314428274,1.20806237993157,-0.380377129500883,0.166216341128579,0.428797185327678,0.35285406310565,-0.608827865148934,-0.719536327681819,0.200728456422028,1.53666994493334,2.25071690572684,-0.732864475043561,1.22659371922189,0.935952202865712,0.985978489090009,0.461204638717292,0.83452225930822,1.52607742789876,0.993474445475396,0.0555783583749457,0.655897828930706,0.584229071137517,1.01624493006852,2.27743871589566,1.36551628975565,0.369123307468642,1.79729933381785,0.420268749874794,0.886738649818463,0.504509868167115,-1.32671538495522,-1.1773098349499,-0.653764263854034,-0.728636124034292,-0.468050589895791,0.0573242641963557,2.16959085052102,0.11331083060732,0.244057999497503,-0.145136116820889,-0.441250780320584,1.31309392492773,1.58475008195607,-0.449835837470421,0.338550705360811,-0.293226980926677,0.419334467284981,0.441555691229299,0.659902830640787,-1.5505306033243,-0.0430313517539019,1.61037645013142,-1.39688921830301,0.687224582710204,1.11008094637287,0.0367710880705117,-1.06514699884402,1.2464170806364,1.67497864625262,1.78163970306097,0.698618990739458,1.95733612127693,0.664205471587369,-0.231864935462761,0.275225010933513,-0.332541782327356,-1.27771182490227,-1.76437019032594,-1.17627973870371,-0.998131836824221,-1.70326904663782,-0.316676895141924,-0.664575619445152,0.62187620891407,1.39496629579509,-0.965963527339759,-1.32738268228333,1.4276256075809,0.863807296142977,0.413238680509146,1.05079327225052,1.23294841483329,0.88562513322379,1.90049740053009,-0.131045052020298,1.23596122239218,1.65372251075103
0.0387104564312963,0.378859260180143,-2.13626217518545,0.481873603485289,0.231009976479457,0.633790494539005,0.189696393307684,0.686269381332966,0.664662461446439,-0.0771167706312142,0.164327717969549,-1.16834700133455,0.948308563581851,-1.53979280265497,-0.0301990948380524,-0.0383837738000845,0.435923013019636,0.35124234975418,-0.17083233414417,0.224191520340303,0.493588079252628,-0.724858416844118,0.0663065738882683,1.04001666821342,0.788789859636713,-0.157286163939435,0.919448630343666,0.145550855536756,1.3136523431702,0.981018580869516,-0.118511170326627,-0.0119353514693155,-0.217082498250148,0.290567540318301,0.129914626193185,1.04202524833302,1.14982222375987,0.260050203662703,0.892702533656324,0.637213370122279,0.786440440569532,1.71172679551368,-0.582161928465683,2.31626341837832,1.20622893172566,2.2746641608693,-1.42135901118416,0.0134736991181186,-0.0304526524875198,-0.198574105085277,-0.648060755515553,0.308332661425623,0.0131579536059189,-1.27678578189126,-0.486432573517261,0.235711860263579,-0.186459472571214,0.676326362959909,-1.84231740300525,-0.0552943621924127,-0.291316068770022,1.62756302835816,0.124675956236817,-1.34166606348227,-0.501730273994763,-1.21556509017598,-0.376248328083982,0.168843909248635,-0.775026730562722,-0.487601932766687,0.219790825804489,0.731559905129664,-0.618332426496967,0.750874297329453,1.55494141953631,0.810624946663127,-0.876959439365828,-0.65572102259455,0.425689017873888,-0.164184782369624,-0.010780962912297,0.065555424878633,1.35875202063477,0.599684739036562,-0.212148337739975,0.627462148345389,0.569024425486975,0.266818068417356,1.33276788764117,-0.283481075679324,-0.114938805139016,1.86356323935706,0.00893740464897451,-0.397310036947468,-0.687988578469337,0.335044565402103,0.138434457830325,0.602354046548715,-0.0569985401695811,0.632453639157812,1.43717829973027,-0.96551249655826,0.0898072276363764,-0.317435714840101,1.10407148254891,1.87903433400309,1.71364664116579,1.55672895019622,0.645223043275502,0.466566123930778,0.493691117835154,-1.0455513469781,0.158741493611864,0.912295978928139,-0.675856121682997,1.90084164771247,1.16804164041573,1.37380985467939,-0.0256179159332064,1.00387152144934,0.0213093671348201,-0.292255941839102,1.02468878333282,-0.66060688390686,-0.784913621919375,-0.763829436401297,0.521647259971906,0.982292088504015,-0.242519380201766,0.677714077994698,0.148573487590492,-0.172746372722133,0.399573166558241,0.304208042493733,-0.185285261642935,0.441941213150294,1.45094286172904,-0.100705804345428,1.39596847294771,0.00917602737590904,0.204047374391177,0.0282616654562778,-0.841497047230267,-0.621896958035724,0.680446252864626,0.91079740338963,-0.829012360099348,0.757035319424722,-0.856449407013256,-1.23274056807607,0.303897165737051,0.259120369848127,0.00586527916872484,-1.76548704324212,0.276442864009028,-0.44847585462925,-0.173987957504371,0.680357525848717,0.491779240242073,-0.265752015414837,0.146657394910228,0.0247803037412046,0.507965982000957,-0.181183804494808,0.136094877887166,0.882135189399362,0.815866342189429,0.108036819820321,-1.18466630765869,0.559114044922468,-1.32640815370454,-0.0543001028814866,-0.191006719545167,0.171830956372132,-1.8328416156205,-0.393909086408617,1.39331142724628,-0.22126734056073,-0.579124838189763,-1.72068803180831,-1.22178838812332,-0.606027177813891,0.243032311384511,0.262669952870179,0.106758859125963,-1.5853512747513,-0.536115811626653,0.690034734545091,-0.864082308900847,-0.594578017036773,1.00265227501665,-0.630954310136216,-1.53004635517741,0.0314386131294107,0.589844411347995,-0.774954356675314,0.395551591280752,-0.918107425416958,-0.613838329516489,-1.14666227320776,0.683490621974451,-0.16736097369767,-0.301445676533647,0.00791036517434196,0.172690488249953,-0.78248443894789,0.944308166558972,-0.408491853976196,-0.641517604820754,-0.274470864077085,-0.767416665244451,-1.41132001489314,-1.88264756270587,2.12817901569709,-0.968745007117825,-1.73200356487595,-1.48779071261299,0.625767068240515,-0.222662047081578,2.1372111146259,-0.899245462743471,-0.198615457517709,-0.53285816773603,-2.03683692723587,-0.748623049623532,0.249178460288124,-0.0952892938196349,0.959496115343079,0.0331494740690382,-0.0755275673025981,0.0503359784292903,0.530973038842485,0.494300211057019,-1.26701054406686,0.559229740302875,0.268653331423012,-0.403908577132669,-0.333689479486487,0.702673454932508,0.142628381056151,0.763801951069678,1.23960697926968,0.221630119330013,-0.794380068385515,-0.535860142740525,-0.0865987401043514,-2.04456801565468,-0.905714292843885,-1.72307525931588,-1.59658233747971,0.383408950093614,-0.567010480851132,-0.113999684147485,-0.43383800520649,-0.902476908272226,1.16765692877464,0.874761142647468,0.869897766594715,0.321031592942656,0.472653910672523,0.217856135341232,-0.718524033198715,0.863770479631639,-0.286254770765286
0.2842239047013,2.06310696306879,-1.50890836989688,-0.420344869220847,0.867468073017832,-0.139789398207707,-0.914925000295474,-0.652015850063517,-0.901610852060849,0.572443629781041,-1.04920692941059,-0.436807140795535,-0.292202022599832,0.234157980151938,1.00883448281337,0.151368051559923,0.773222130266333,0.691042478016481,0.494785824907847,-1.61522214539898,0.975878216741431,0.744226828477318,0.728572559728845,1.2688224174368,0.190085541232407,-0.332075127885334,1.12376162797296,0.845118843142903,1.71451187183345,-0.179289350689127,0.341321543251275,0.112096825168863,-1.82130416063447,1.29920852713594,0.328041071906614,1.09349129000193,1.53766256743096,-0.0369199744261541,1.00647258246839,0.8217598986452,0.791430997198589,0.740942754317263,-1.75156003771434,1.41779160210387,-0.0642356179600212,0.800635213564931,-0.0940517270605485,-0.48865795631714,0.614181749229984,0.389050617723085,0.176273320982955,-1.19087805376666,0.456171846107814,0.0509049430102183,-1.70449483070736,-1.45100856131661,-1.1707291490679,-1.29494124437581,-0.843755739726315,-1.10589698718753,-0.727724350750555,0.559145719300891,-0.997889271545749,-0.473333210708207,-2.06549428634209,-1.70395318053933,-0.142878272406676,0.585903051822391,-1.46777741207584,-1.67924510872613,-0.749826460282378,-0.351574165556139,-0.384158682279458,1.25761221029683,0.926330635680404,0.860382784734178,-0.812173331934748,0.329831104235921,0.110539509732626,-0.0310501883090283,0.997052848934456,0.541418283324024,0.0605146263723041,0.0588793856164644,0.108412477120094,0.290718957917,-0.150267087123805,0.982537336594678,1.2054120218016,0.190083059414339,0.507307278603149,2.02888279652368,0.555379711106247,0.501189671543175,-0.0116924641397232,0.670277779686302,0.368071630776609,0.771783973599227,0.35462298766801,0.163177574558856,0.539954423355735,-1.30100112632003,-0.0500412430070476,-0.465530857857947,-0.451526443725673,0.61684166743986,0.710410740084228,0.310817826213311,0.388860795565756,0.102599519357952,-0.311457838554279,-1.70079625466351,-1.35136128368791,-0.0524535764930386,-1.52286761783113,-0.278366658046301,-0.478653551883463,-0.67021783733135,-1.8184746559367,-0.719175491094943,0.606653029934373,-1.5629283987683,-0.325380051463917,-1.94833829685143,-1.51391573728167,-1.28351283288938,0.527962275020256,0.700196099586732,0.832201848244034,1.29128982755115,-0.800942000796653,-0.757754159079022,1.58314457863714,-1.21907892549732,-1.31039080482476,-0.22461108607566,0.410429591052053,0.621642258808595,0.956286583484872,1.16824924991216,1.48250770343635,0.570572927539629,-1.87224032827391,-0.454274601955139,0.30706687418604,1.14791378914192,-0.544096769292642,0.174159271994114,-0.741622116702282,-1.01386089354586,0.220524501917493,0.54733957612581,1.02885181435254,-1.34503007206002,0.319625438343907,0.434400975364169,-0.771129014048443,0.528437048126023,1.00126918058955,-0.522167167729661,-0.306292378245444,0.441749830604394,1.15264349226067,0.0866166290588019,1.66593540242715,-0.0465635377130651,1.34761327828148,0.336492898242762,-1.24901277003705,1.09907907832892,-0.398611219782619,-0.250650967066876,-0.111050172455037,0.715601494823686,-2.08608279274466,-0.988993547642525,0.142674497574866,-0.826778647726273,-1.32680140452025,-0.363727323473104,-0.939908488393916,-0.679528774075475,-0.287674317816855,-0.0463570426769811,-0.0697313997000064,-1.68551865822029,-0.810043944110394,-0.140709233976878,-1.65795401313895,-1.3428768228999,-0.100215577044906,-1.11107977192029,-0.827374057763175,-0.371615877827642,-1.01285996034116,-0.677070598411842,-0.955819599515816,-2.24387229266896,-1.2788446101113,-2.05331986943709,-0.957278884815787,-0.157951460411862,-0.145265705960158,-0.359306690543677,0.15916793175224,-1.39796411847977,-1.01960683737784,-1.17712780878534,-0.950914089872841,-1.04619147317239,-1.1803390670387,-1.79522808037778,-0.272923071644119,1.24941346537445,-2.24739972683888,-0.61394114892904,-1.79254217196992,-0.405185212907252,-0.619143156544974,1.22249750618129,1.0090115133092,-2.22678518425689,-1.01866884338083,-1.63336222605569,-2.22880191891733,-1.93935064689236,-0.683739319057079,0.10466677902612,-0.8619708791142,-0.216586343759189,-0.944469046859344,-0.216183059465261,0.744374864098693,1.14195718724516,0.874417892423649,0.361734738752649,0.637079189694723,-0.94149374674614,-1.03343130111657,0.0465589607102951,-0.961159303313487,-0.273878303691589,-0.767154895461303,-1.24818934439507,-0.818397723625826,-0.560265969651702,0.849420669764869,1.06874516662401,0.813638698635729,1.16288441243919,0.0835850386714331,-0.869144923636587,-1.37279265210965,-0.579970948178852,-1.24943415691703,-0.0713387643732024,0.957241692767299,-0.0593313120844515,-0.933153548490655,-0.824054101700636,0.994214090779237,-0.673572563722133,-0.000989383856811561,0.875492169430006
-1.5125595006247,-0.804687429138014,-3.08354728061095,0.404047342655166,-2.35621160680182,-0.318107507360893,-0.662367736614383,0.073163925179781,-2.42454205553002,-1.2548523116082,-1.15489886478685,-2.05359141242423,0.435511664100226,0.3332249014361,1.09224414997724,-0.477094010474872,1.24390134891604,2.30056593213345,1.12821944210841,-1.15091360539246,0.531521181114314,1.56770138164205,1.03432738440633,0.963998666799968,0.854773716052441,-0.434266619257412,0.930086532604062,0.502776168251724,1.70007965839425,0.682574252980488,0.960000198051327,-0.323685148753918,-1.21840964268514,1.28734425904235,1.57702772328911,1.05297244019583,2.41578018249177,0.737586574476846,1.68995564166092,1.42787821367957,0.0913173124337431,0.469721502916123,0.233003456973741,0.563978792613169,0.0483129421950613,0.761918490430043,-0.506665919779848,-0.730196067837898,0.217702811323778,1.07234826711832,-0.691064400612733,0.0993829379314325,0.245353587010889,-0.676845825290591,0.378771995919067,-0.319764677107523,-0.115254893940738,0.877265843029918,-0.958528054281081,0.195277519107338,0.951559204461763,1.27711570418047,-1.26122681127289,0.692777695961717,-0.954223065034365,-0.793247300686848,0.52372285816453,1.33459392200055,-0.520601757356589,-0.640907422059501,-1.17185706338226,-0.544552737336197,0.616984800200345,1.09668879864352,-0.21071769924577,-0.993849707071282,0.392409736351073,-0.32726568896123,0.286819882717766,0.391714271123596,-1.48042999335887,-1.90068948390767,0.235169893442047,0.0380841215863112,-1.1293756778847,-0.91077079253404,-1.43368102792288,0.384447924321162,0.350598421659996,1.7083910680862,1.48872694200224,1.42753192632029,1.36406442427425,-0.03573366141782,1.10706782273765,0.654227934447226,0.684560412932876,0.921281865439503,0.158819372116208,-0.974201837325283,1.52584651862728,-1.53869994010918,-0.483714520184905,-0.230630300056517,0.116611900516319,-1.14589440980851,-0.0846715418898471,-0.88973582221956,-0.119682480956391,-0.509033514369108,0.686954420004867,-0.42248726660179,0.207309296415084,0.368318756471012,-0.584886075511662,-1.3482746542428,0.0559020319023344,-0.902986932049878,-1.92868901404302,-0.87650127358513,-0.213810103184446,-0.85563865430477,-0.64689361574078,-0.113909785688852,-1.55503621308309,0.0887418539001747,-0.210948936920551,-2.25650032063458,-2.01719537802976,0.103724035743227,-0.145779671281915,-0.752625667045116,-0.334239468711764,-1.6007949910696,-1.77406226631251,0.44703968867625,-1.11761656995543,0.893240002538903,-1.54457753683823,-0.117882238075282,-0.818014380407909,-0.853381680046749,-0.436996103616555,0.432217050752572,1.02186071718435,1.56675787653944,-0.314954255705537,1.65423182910725,-0.04751590875869,-1.11514290765607,-0.0731236964798701,1.30953400022269,0.26748343068176,-0.144291245155886,0.461289710355007,1.39659898034675,-0.221431033170763,0.516498790859569,1.57330611624702,0.81438187056407,0.0244115821363464,0.971732316458616,1.38427410310579,-0.0307268760994887,-1.17467548092489,-0.0605989934853866,1.65587642802504,-0.35150634360696,-0.953193312783953,1.49285404425001,0.0791378846758043,-0.710975895079068,0.316212460855207,0.32780126599491,-1.32387403771831,0.09058189388559,-0.612255390644441,0.0455591734283054,-2.52591839963802,-2.63437301961781,-2.61016831607042,-3.09310144019708,-3.16205145481907,-0.198821038730157,-0.049716980193087,-1.56803715086776,-1.02711702013814,-1.19918729504808,0.00766976319406597,-1.84502517437122,-0.459671609185423,-1.89823265381223,-0.832071811307799,-1.61764948977305,-1.31337346073469,-1.12541314412852,0.780685894072301,-1.10246312635136,-2.06644722769784,-1.69908091394656,-1.38098410975043,0.0112433095955834,0.567439363109849,-0.273883209085257,-0.226165503789482,0.109172851945809,0.0773818925755235,0.465061473067276,0.65933361185019,0.735115414854251,0.640763282513763,-0.809035305659651,-0.747186769423583,1.29874021052598,0.325800857338744,-0.135954446968898,-1.08946703921711,1.03358521490095,-0.44800218013459,1.63664963365406,-0.460046754902069,-1.39631878981221,-1.63140407031125,-0.900171858161317,-1.36731525461184,-0.503585855480129,-0.321664397646265,-1.94820913430163,0.250839977719086,-1.21818199561891,-2.00592320821684,-1.2359652002151,-1.85905505612437,-2.34049674804571,0.103216661863304,-0.360424533858306,0.273919879478003,-1.39227053165996,-1.64056234338761,-0.627070447429768,-1.0690694946268,0.68331163591239,-3.10159227484152,-0.700307966016952,-0.942061985853688,-3.31592121240438,-0.982695332440437,-1.19792562981619,-1.7639709582509,-1.35404452865864,0.120050283661884,-0.44662674931612,-1.53693680940941,-1.59696974927422,-1.32673535743296,-0.885859337700558,0.972554759197053,-0.573284062426928,-1.13194564935045,-0.670138453497362,1.27080989570013,-0.823580124927637,0.0424021624956048,0.654501557879891
-0.258103245031617,0.138573319002491,-0.913249294235017,-0.48328454916296,-0.901408733325542,0.198171734760201,0.364284101214874,0.0378528485576877,-1.49694700876448,-0.986275409414228,-0.626996678506536,-2.27322956790017,0.995341694482327,0.202733555524149,0.55625385633232,0.475307138385472,1.16216833777917,1.44102435772478,0.154483959729895,-2.7851876161598,-0.192340222521971,1.98635955177294,0.00163685032207254,-0.591322117775042,-1.01449320057575,-2.99854316498776,0.448410981433411,-0.169316298002316,-1.0616731185338,-0.615725096346031,0.294847864360508,-0.756290439086645,-2.71880903578425,0.480727218152283,0.761531463069703,-1.08047533303066,1.622117422014,-0.488554066903923,1.72966285694454,1.00491213516306,-1.64624605251321,-2.00898556998964,-0.555271205663905,-1.377255866261,-1.69628797727671,-1.4047069126779,-0.97979976376156,-3.42755385560745,-0.469162186895733,0.146153602153268,0.408512448172101,0.0111496310603553,-0.392796862936364,-1.54764391436824,-0.525680303272457,-1.3979876167274,-0.95327270430426,-0.664605366831541,-0.137728922620746,-1.56384040994578,0.665179375786369,-0.50098662622108,-1.92959464827564,-0.452933455023772,-1.5559305924552,-0.792317733190418,-0.702565815064931,-2.52337094853155,-2.56916466466168,-1.07598496768477,-1.2469457780866,-3.41744808171891,-1.23602623575351,0.0889668560058694,-0.776686730284556,-0.327705940591569,-0.17942864431717,0.581342903817256,-1.86092946704975,0.547772304103932,-0.379502280146618,-1.20823896715919,-0.488139760610727,-0.672945517269074,-0.730439666484367,-1.84320474681198,-0.558509764957895,-1.6454686600921,-0.507922174257632,0.613067317017796,0.258943840737936,0.694360742155062,1.25075221965415,0.499873417354289,1.50011274596458,-0.443373966612542,-1.6644624153511,-1.24193710299725,-1.5889066191604,-0.742360614498901,0.244061568948865,-0.875172529833305,-1.68122610663251,-1.45538389550804,-0.897065360541316,-1.78515283760431,-0.843431106116307,-1.19604834175177,-0.798208271935499,-0.788218367246411,-0.381057187475937,-1.37741750068042,-0.330250590299807,-0.724625624945925,-1.03753453454761,-1.2057785701971,-1.37607010611808,-2.56714843579279,-1.3489182392332,-1.15402818055852,-2.42117587224042,-0.142364252505307,0.305465567802634,0.439508243781717,0.0349548415443238,0.820002293454261,0.0198596647166244,-0.37284736054748,-0.333300681066747,-2.18725211742271,-2.71522716903726,-1.50615349688747,-0.690063682042645,-0.398044739434056,-0.319403905797129,1.62135148444958,-1.98661131673945,-0.868395515217817,-1.4675527407275,1.6897390324838,0.920731402162315,-0.263261805251069,1.60640233014553,0.914961984653232,1.9796697178529,1.98930160970121,-0.663740679665097,2.3817763898894,-0.446645768518921,0.936226836636311,0.403190057875552,1.45102434991433,-0.00916286902999599,-0.790046815982847,0.248707512969896,1.93240207554589,-0.0666489284933498,0.992056369000389,2.07636158479265,1.20267302600624,0.171316879422447,1.73460727151319,2.21789766461043,-0.965692118167124,0.951182875696387,0.206917550771696,1.77988031003721,0.205369197736638,-0.664608606789669,2.60746191088389,0.256362884989218,0.356825395060255,0.960492260762902,-1.88153476363316,-0.844857027028114,-1.36118973721624,-1.24048970736791,-0.701621575967394,-2.31962616837346,-0.217201224409733,-0.445097479087964,-0.721994284101834,-0.0814876446915034,-0.341802580714526,-0.0238985593113153,-2.62876971077954,-1.66912699394709,-0.865590712269956,-0.834538654410839,-2.06605243247182,-0.508964611244249,-0.684298375489626,-1.97758484485796,-0.541358049297568,-1.09580956344984,-1.95457315467026,-0.504979259307803,-1.72352431418145,-0.916211350273096,-2.23563251533232,-1.09798422768985,-1.42927392836005,1.24864156226218,-1.71745586552715,-1.98872537152431,0.220542088529373,-1.8101104365159,-1.0625493319386,-1.63552912389737,-1.87386336639805,-2.29419663590017,1.21873107287462,-0.941252944809408,-0.0652743363889021,0.100566932931004,-0.583436427164135,-0.114625147225349,-0.550853469051654,0.097284394388535,-0.273735388436335,-1.18398574685184,-0.158979087130586,-0.845622751518145,-0.237873883450937,-0.154379395546117,-0.094802480216839,-0.727811729347111,-0.155504637399357,-0.0480023701838897,-0.848880084298384,-0.293636528488651,-0.452722733770694,-0.195019471426013,-0.352837697626788,-1.62680979170288,-3.00151630819409,-1.86316166193527,-2.62220361839568,-2.7286290230178,-2.01737435790173,-1.87307192766255,-2.10419020253914,1.33351548279509,-0.0990309031197543,-0.0778890274497034,0.925062566766656,0.723429139011145,-0.835730172749756,0.0946334497718774,0.898120028978051,0.787161506443058,-1.34169334363871,-0.751620034206141,-0.360003394598099,-3.55224595763041,-0.65506414639552,0.93267553751111,-0.965962013149695,-1.23336714558594,-0.291712277262544,-0.520724168597181,0.312054365051143,-0.609063497214692,-1.12299697847639
-0.91958774043402,-0.687343181687116,-1.0582388090792,-0.08264551120069,-2.27720823718751,0.571829444342909,0.439830079393503,-0.0141317438881878,-1.40530399952949,-0.737528485873064,-0.698955125712811,-2.36818271752221,0.207133981821775,-0.506476566495325,-0.259510126684469,0.789890266082523,-0.380032778217733,0.645052985808693,0.278931620508948,-1.92186056654823,-0.282031607750027,1.88126096252014,0.0104971718505165,-1.2229630579441,-2.16211945402599,-1.50695477432241,-0.49331600218158,-0.985083534774467,-0.868577074345362,-1.66755688808991,0.318461364702046,-0.521517128442778,-1.58913522442844,-0.439361548008402,-0.0885566801342045,-1.37434233166286,-0.53374040508649,-0.085405623736863,-0.326641917010311,-0.521734774170236,-1.3344155805004,-0.791801184562627,-1.08431468319119,-1.23010927399451,-1.10801868409161,-1.67477129752215,-0.281354774771959,-1.51455461732541,-1.1906920264988,-0.441246475564524,0.716242472650377,0.1958357962487,-0.139368789430188,-0.470372197732736,-0.853040410706276,-0.865649287758076,-0.6514324008381,-0.946551999054454,-0.703003240469484,-0.560850694452143,-0.643543797422937,-1.21063710269005,-1.58698613745936,0.0436758604167968,-1.14043109555163,-0.670363222064847,-1.1354232409461,-1.50112726021038,-1.71670288358302,-1.30969178193219,-1.1333792683457,-2.57414009793737,-0.0522147493191826,-0.799265527920509,-1.03485848664382,-0.582991218792644,0.628451516147659,-0.0606972490430602,-1.85597859740629,0.155266928167008,-0.924660466096314,-1.01483346314492,-0.852781126540229,-0.943506458285615,-0.632455315810963,-1.17586874621575,0.0639635405108407,-1.63478641204197,-1.21353437232098,-0.0284245964036651,-0.296433122663795,-1.12640202645308,1.4719539367529,0.115263369790853,-0.459713238451509,0.0999176975841676,-1.28512694914223,-2.18809588328432,-1.83748161555805,-1.61642522495644,-1.04190746157589,-1.51303487593199,-2.2482183645366,-2.00442019951138,-1.62149417567483,-2.40085466908104,-1.28490960966588,-1.00432398772617,-0.91274773449122,-0.240370444371152,-0.0766477817655722,-2.36271518984958,-1.65300699817236,-1.14358843847554,-3.09791873688164,-2.14144759441387,-1.47663251309938,-2.8392302247665,-1.4995700877665,-1.9503825841799,-1.60337854010418,-0.202891877766949,-0.376233428131271,0.751238727405866,0.250899776518791,1.79746767871149,0.327784203926812,-1.43508243700721,-0.773091800380747,-1.34948751704141,-2.58504459684178,-1.08124383216363,-0.962912931914185,-0.305910625913462,-0.933710603275166,0.72960720555696,-2.33806445384025,-1.01640286356047,-2.28750578689853,0.857597883533769,0.748708099237776,-1.08431948853067,1.44491092015843,0.816534520834714,1.33824884035924,0.62664561420311,-1.37999806537905,1.41223273101439,-0.71062232309832,1.23780436271379,0.421576750449686,0.574150958301512,-0.683650971740585,-0.0236283570217001,1.24626842846311,2.55768414242688,-1.36733318607711,-0.518707927457666,2.39098809735481,0.970042490218904,-0.10857952125732,0.982387617815796,2.25819982328369,-0.322313307255486,0.62785763827662,0.0215036296379778,1.5959274543975,-0.799841541522174,0.262846660405678,1.85699240993752,0.344921212902759,0.176910851195483,1.06554735800809,-1.65152687988187,-1.64417813726999,-2.28613566129978,-0.938942075559454,-0.812862553018182,-2.27098620869784,-1.21027875644791,-1.21218263511235,-1.6734951867456,-0.27683938556589,-0.0117354835319272,0.427699953410562,-2.84281493911374,-1.77342898269826,-0.989173349028637,-0.722902735579318,-0.155300144463979,-0.607031770909518,-0.264321137173605,-0.985960923505464,-0.726089443245294,-0.326594839448675,-1.95548690871501,-0.350475840726522,-0.931988024225516,-1.19271277553433,-1.40603629569007,-1.90975430159477,-2.20561999284851,0.19957868682874,-0.54094294825383,-0.973998404791025,-1.05012724877562,-1.60822971284547,-0.667681113772927,-0.905856465266988,-1.91355728279333,-0.916725069930244,-0.284910530749425,-0.758487635002412,-1.42966651815436,-1.18493877469202,-1.12482701594715,-0.435928912476933,-0.605164717838791,-1.40040368824762,-0.913142810409006,0.828445505295425,-0.504000301626137,0.0286417761639515,-0.0722994287908256,-0.563655114348931,-0.0279858862740712,0.492887867723994,0.255026530407826,-0.301021535794502,0.298197122044977,-0.590046659575786,-0.965756152749529,0.120451830580935,0.460719647576046,-1.54641154901861,-2.24003637950689,-1.24576780830187,-2.20235856084138,-2.45416172495601,-1.89248569744828,-1.5056100820842,-1.62823489972078,0.915838843220456,0.638731669730958,0.341385489760448,0.578790354092401,-0.0680748832996744,1.92636342497938,-0.359863472258704,0.0828587662964047,0.358739078756964,-1.23553585751369,0.410115984445402,-0.255870519205769,-1.64627238221807,-1.53767416539895,-1.06612235263599,-1.37782428683336,-1.04363529055016,-1.13998252461953,-1.15999390573758,-0.246111471087084,0.248481763527005,-1.73538604566147
-0.756993108313553,-1.03703847913637,-0.720465870681427,1.26040826766277,-0.41617936824345,-0.262249304636943,-0.369129918111995,1.02421159054267,-0.517277123085069,-1.03943499940879,0.413716943947733,-1.690507501148,-0.554434926825415,0.25113504871641,-0.625360085565558,0.475051819131016,-0.93503939135019,-0.934778268645191,-0.901026388321069,-2.58550062757451,-1.65247586252983,0.776368323533591,-1.72993925975594,-1.9845119048878,-2.23511422325489,-1.91033334753174,-1.96338255994668,-1.11490585539009,-1.41118605356748,-2.80810217136655,-0.807356980393404,-1.41791373610716,-2.50159028843263,-1.42370965139871,-1.10497368302454,-1.77947301490632,-1.63250993539647,-1.59520850765788,-1.21876440183422,-0.897832956023213,-1.38506955228026,-1.37444700129248,0.746602367868135,-1.13814054548148,-0.760708256899427,-0.919696941709628,-0.543091293508329,-1.25320793314519,-1.47064160789667,-1.2137099676627,0.868000495346269,-0.82112543312004,-1.23434962212435,-0.507690741134984,0.275568558683769,-1.0588600078818,-0.353007625712328,-1.24571049516803,1.84466766283299,-0.922142775217808,-0.161405017169888,-1.84417818146531,-1.51414271350139,0.158290460625149,-0.291400993613505,-0.509462831331128,0.192572572917188,-1.85138540188419,-1.61079137255039,0.210836858774783,-0.478538626061675,-1.70883491645849,-0.680895064728703,0.483613432446577,-1.0784049832824,0.237345730647727,0.695313360280057,1.04113271952217,-1.34047924204097,0.496526530479881,-0.539576575196127,-0.850829897593563,-0.449920902600217,-0.327849642123478,-0.412399480248428,-1.26390389034956,-0.894830090949772,-0.255741640991861,-0.581564179819078,1.49541747662647,0.180414893236974,-0.45698242045613,0.812276263433005,-0.925574904863888,1.19535929636248,-1.11480277476838,-1.63921924154119,-2.81270776799521,-1.94602027667178,-1.34854283071239,-0.233542627441019,-0.81760661985608,-1.51868387625766,-0.974610892046717,-0.88767103444514,-2.18580906651587,-0.585980066488869,-0.973490978174621,-0.0473133081812829,0.124800166864216,0.426120338325044,-1.98902761330385,-0.283538334414441,-0.569572174130246,-0.421086129390601,-1.10776602757934,-0.898329103059859,-2.19903509975126,-1.04278368476049,-1.042868812149,-2.07051324989465,2.0693280708412,-0.887961628580431,1.32427633839305,-0.510150336425851,1.59479767111046,0.739743137586046,-0.578195116582773,-0.54423254415622,-1.44048067572553,-1.50128341168785,-1.42169713982945,-0.179826710234914,-0.367439489443448,-0.786260861166272,-0.267490375701698,-2.4184708162096,-1.94194152477909,-1.39648370916846,0.75312157089617,0.103537851004641,-0.574331294226254,1.06340430306932,2.00468599758029,-0.186227418283137,-0.677198888793809,1.42743058973747,0.0982329586516805,0.489313126072645,1.90100070539914,-0.223667523107233,-0.296788753110065,0.640877161917087,0.561677940426836,-0.661180285795416,0.419100071675241,0.884273179624076,0.373056192521559,0.465636485390605,0.573259925036887,1.85190392850636,0.0503142038991684,1.36529074477829,1.53267432042377,1.03869060568611,-0.498215691524973,-0.285954960308105,-0.302407925146516,1.05430081153725,-0.256864566705336,2.00117894545212,0.704866164474786,1.90072692821917,-1.87314899092858,-1.64883566633028,-2.2353414947442,-2.06761855598693,-1.61427739656918,-0.854326162178264,-0.475060644041435,0.337536480346263,-0.589748816736656,0.869905645001085,0.512744488950835,1.0995761655328,-2.69576853732084,-1.38219106860812,-0.473274239912766,0.106402052212842,-1.41642292931163,-1.70672142155137,-1.71484740424029,-1.97442940656029,-1.25362847045583,-1.5989090765148,-1.62564042510221,-0.512731264557301,-1.44039111764286,-1.77511004780714,-1.58447895786537,-1.55645744612767,-1.93430346829634,-0.966326994136451,-1.25991204171517,-0.768576643025145,0.286263348455645,-2.52150166077569,-0.575161143462991,-0.798769640120909,-1.4654695980119,-0.947980169732168,2.65972325545195,0.431858009029161,-1.62959532502666,2.36531383468616,1.29017291498575,2.55105191802958,0.0661920254048581,0.822769627424524,-1.36185656927874,0.707459135878758,-0.688521878451743,0.355959209438214,0.627330926197449,-0.0287599020979526,-0.587666630117286,0.57416642596495,0.428570344512407,-1.12319037622852,0.366637052672781,-0.886708359681224,-1.60535469892679,0.70892617493314,1.52481342264282,-0.185686409732838,-1.98896883502787,-0.129683067415147,-1.66247366751058,-3.0138466793406,-0.881198747131554,-1.53793238155431,-1.80502007566308,1.02762064918492,1.13885373021744,0.938974988130566,0.385258146801206,1.25955708350745,-0.179042407451917,1.52467495623187,1.94748078478208,0.47602060365196,0.642457190220514,0.807975972219239,1.19929026897518,-2.75516863007395,-1.53063706896437,0.528945958709848,-1.78549421355082,-1.90862752465059,-0.381833660746376,-2.45599717811453,1.01747213441973,-1.10560124517125,-1.70211368722505
-1.04605622054524,-0.817313877941415,0.0488787285432631,-0.0956326705825376,-2.12900049757446,-0.109761772973203,0.509179178185026,-0.0838375528786752,-0.981005608445266,-1.62588404159108,-0.799575005154997,-1.72239588343317,1.05998885363204,-0.0554198488308311,-0.536274304055598,0.680647760089296,0.172702301121329,0.866890341494506,1.15459302169323,-0.960821959606982,0.414714565760252,1.2187438256106,0.467408343076742,-0.163838128861667,-0.667275768824187,-0.866993098259912,0.0640974093661865,0.0223815445527088,-0.637216736532282,-0.983125524710469,1.1397325336647,0.141654484156033,-1.03479694944457,-0.258734802461844,0.828533261152313,-0.647067320159785,-0.780997037261238,0.367979577370512,0.111410829622804,0.0408604768841261,-0.238899608217552,-0.803565436972583,0.383122428276119,-0.60429785735779,-0.542584713589673,-0.498932712921828,-0.519712372678499,-0.630925680610325,0.276952588988574,0.587366877577152,-0.463222874772974,0.677107286302329,1.13387469609676,-0.187225099724761,0.334463216420974,-0.211811435858499,0.550990178190426,0.312263255738836,0.894520917465198,-0.41879183255599,0.863811613470398,-0.624076305088202,-0.655150565142167,0.0531386155075084,-0.175844967725052,0.291795747700592,0.113369034357443,-1.09121627550458,-0.860649231854042,-0.0172661299422382,-0.034532026045943,-1.1549872212896,-0.179553811850954,-1.14849959917747,-0.32769027983587,-0.707858570743152,0.822753130898607,0.171988019639091,-1.07701579531117,0.00950180290211642,-0.292908779566881,-0.180059124550909,-0.428809751434274,-0.78932236794294,-0.182741243090089,-1.68160092724181,-1.09212081040186,-1.64153361173557,-2.04359401684627,0.521643236893929,0.59227705421925,-2.09295245611552,-1.35099773569007,-1.13804224872641,-0.55340639918262,-1.63775030617284,-0.500815237788877,-0.497781995443147,-0.395965650235469,-1.9913345974935,0.127537606974666,-0.56733162765663,-1.0203002236639,0.559410696356495,-0.700786594267332,-1.56370802738713,-0.669385402883059,-0.574104553146428,-0.490744093256846,0.109718646654764,-0.454398729693091,-0.0601309452790784,0.422398361388886,-1.69829771349862,-0.539176268676502,-0.944764744602909,-0.507361077128728,-1.37352448708582,-0.381941392234874,-1.51174080653086,-0.255495619445123,1.08144142228809,0.285727333455088,0.837516533616419,0.999693203473835,0.860050910920133,-0.885481960227466,-0.593714116960044,-0.178324698304083,-1.80338758006936,-1.05910959879396,-0.515050265089945,-1.96084124502731,-0.655257610665922,-1.08461142889204,0.350688183352486,-1.36180862829482,0.00407169882028859,-1.09923442297214,0.023438110387119,-0.109217723862413,-1.31719707576941,0.418644905937886,1.29144481494183,-1.24865897316828,-1.16569641600128,-0.184779893953388,-1.1605489871094,0.583099074048161,1.12502894401274,0.789770938043349,-0.990315437368214,-0.109349503172285,0.0533642207861874,-0.482535718963209,0.138349756634241,-0.613677152968022,-1.20701000925443,-0.947733203940077,-0.0972245685726448,1.4121284088986,0.567691678188424,-1.36114332849385,0.434543857011647,-0.0320258860686864,-0.759638030091073,-1.5057934304304,-0.429837260917238,0.403781686488129,-1.29136439946783,0.567570896744438,0.390825330628828,1.36988174283123,-1.86513133720456,-0.690261604201963,-1.00194493673407,-1.38111499489151,0.907910064588315,-1.60862590845868,-1.30124140201311,-0.452565065268931,-0.802972663958935,0.0793965160883299,-0.837623029174601,-0.679963856080713,-0.924062738784686,0.188331660966878,0.0760968675437494,-0.847008463657484,-0.609482285256696,-1.24464366376684,-0.849171989349981,0.0504031799514743,-1.70201795255639,-1.11066971574449,-1.06472570770475,-1.16610668817733,-0.816877877357329,-1.37835781581996,0.243563280284147,-1.06745629118492,-0.537607342615605,0.274832961898506,-1.29845102610163,0.42306415380097,0.43101826535035,0.105694097726513,-0.532503479392844,-0.517501328542274,-1.05632656488768,-0.862009752250178,0.440655525051163,0.287408655690692,-1.97394345219065,0.982610763460412,0.785365996674171,0.242406532954767,-0.955643544984167,-0.574192943461912,-1.70279946334169,-0.600231352476763,1.06297231642183,0.988595858775146,0.0145649055435032,0.423449759542121,0.501096418858798,0.348011181125038,0.407222787965631,1.111370177285,0.0902026923935639,0.719902296746952,1.08819794021341,-0.199944526411152,0.607033500651262,-1.08562449632707,-1.28012022614583,-0.111230830452163,-1.04912367068407,-1.49284682135613,-0.95917021473168,-0.983052003070416,-1.15104789222005,0.563604237977822,0.124309951734904,0.308180590917782,1.10522328519698,0.0661231222217494,-1.29771809157,-0.0650343254770288,0.0931595854466557,0.545692596934798,0.19299621791407,0.0636767582658917,0.0427678218611794,-0.69495025233408,-1.07885235357086,-0.364615868133166,-1.11587495383299,-1.45857733767201,-1.19029446969058,-1.65567346811369,-0.077061126449149,0.29298450717367,-0.82914810370791
1.16709173419518,0.976077903166435,1.19193833321547,-0.388919194002579,0.20389097035576,-0.381394335652373,-0.601988958747688,0.40817549728364,0.78898619389382,1.8494343685568,0.802779677182666,-0.220324360935405,0.354021737310492,0.655641798781119,0.541079472095071,0.821537931150708,-0.504382560215598,-0.63408550348802,-0.871196927204908,-0.671788014442562,-0.919814359656017,0.0626172669852522,-1.00603760586016,-0.169173754688675,-1.0271623082377,-0.315051576931973,-0.605528594053536,-0.816787423799816,-0.587214029441369,-1.10191504889552,-0.883097304958169,-1.10964061548536,-0.850010489859371,-0.745315774852598,-0.865228658507826,-0.195880392052439,-0.224421169573865,-0.783925864361699,-0.449448189956693,-0.205609177478265,-0.538093946778916,-0.279213112477316,-1.04875962953291,-0.790312724619434,-0.854259930765925,-0.464791251707849,0.367392766396874,0.61155091479985,-0.919610671899597,-0.819746620388343,0.620367467230091,-0.774172491771146,-0.647407223942833,0.098825214269144,-1.44987043111881,-1.00657724934355,-0.84877607584296,-0.958797022075858,1.36548904429989,-0.483168770663917,-1.23054384553043,-0.976024150545547,-0.137655569485693,0.190259489244444,0.0089232655578561,0.497508688275271,0.115325414303505,-0.0202487234972908,-0.362853824757474,-0.687871921221703,-0.166583844728159,-0.35084813698442,-0.00992093509965199,0.146430608533798,0.394840989627988,-0.0460365274125918,-0.240602608627448,1.04249214175331,1.1389079938938,1.07627335897043,1.22020238547404,1.17541583588802,0.262936332190418,0.0172675720297579,0.625450853974828,-0.0463525043013179,-1.14022375201665,-0.882012781106219,-0.861851164482781,0.0883011395862345,-0.518969721308955,-0.405728692041218,-0.423396521118489,-0.444131140417219,0.872724634415211,0.0116579758483252,0.434107233673588,-0.68236060630689,-1.10701739449314,-0.248510953895982,0.671196286768653,-0.127744262734561,0.146934135233126,-0.374103667889281,-0.325834524860746,0.275599956880322,-0.520099957904105,-0.589349049925041,-0.0196094392434018,0.339054489228257,-0.674341263873624,0.0106192926747034,-0.730044425648864,-0.484802817541556,0.41097954895924,0.297141069634789,0.280544169728107,-0.0352346440870638,-0.595122065323583,-0.346266369353698,-0.674350682682671,-0.100706069321367,-0.712732361123922,-1.08412866810658,0.751081550141258,0.841153140322409,-0.552573935328677,1.57515533556034,1.7201364650655,0.338436775439776,0.644010036422825,-0.22831293909002,-0.782208530655825,-0.623418332200909,-0.38484236292786,-0.277781926631669,-0.36168667314713,-0.724105974010898,0.573378604334645,0.490407871780845,0.409034715213368,0.986544935516894,-0.0484004698271028,1.41312960663582,-1.07717127133799,-1.41261245668459,1.62666528510207,-0.670755985061474,1.50968918477856,1.01877386485882,0.12493391890687,-0.556144488336595,0.767436182999862,0.581177157931123,-0.816506514737907,0.0375677777782336,0.901383248654362,0.969383341933114,-0.967035111203337,-0.527170487004464,1.94750652495405,0.878798574242732,-1.41979106015958,1.08930638354104,0.932982976427162,0.192203965706492,-1.00867449745149,1.46858895121678,1.17493028174994,-1.19875687786001,1.54219896528109,1.14060287944281,1.6776156712758,-0.437944961923731,-0.45405566451663,-1.23611087317083,-1.10646235087744,0.371360935264895,-0.343302537995028,-0.617287594324608,0.427103364585347,0.491899227682954,-0.00606426727406551,-0.390993487140649,-0.665651409507841,-0.779216289307456,-0.058605007821438,-1.39031754501573,-0.170284315954088,0.4174429210814,-1.04251283255525,-0.0671263909055332,0.17038139537061,-0.209095163682872,-0.851138389747562,-0.464068301016813,-1.4065114073083,-1.46596698019011,-0.31396296466289,0.219730675303992,-0.95700091931807,0.0910089024385696,0.0485616549662635,-0.0754423751937952,0.311863206312354,0.0521658965686906,-1.13496388058227,-1.1234434076894,-0.509284290087812,-1.16652105959051,-0.50104098290698,0.697712536473506,1.03239731838537,-1.80496205953459,-0.429397596464349,1.05925312816185,0.502369158065028,-0.659601765267558,0.0191075173369808,-2.16820926742585,0.14299459858446,-0.0409810163696195,0.763794091091255,0.873341348981327,-0.427720145095238,-1.15970636679004,-0.115537019199873,0.921620769334312,-0.242502724724647,0.854798326803834,0.77393852884078,0.0478506628532337,1.25371889441845,1.63440106009088,0.461363896116887,-0.0410088354142656,0.494954466434906,-0.384127936653136,-0.762370293104389,0.323491523920974,-0.368822022585893,-0.900773275892516,0.230903432553329,-0.277100243859159,-0.437991789286373,0.87139552438952,2.72341431576321,0.74788455931331,1.91175701859501,1.35859458349211,0.437927641081384,1.13849616501,-0.172901707940618,1.40745788729562,-0.446116425397047,-0.113892357082434,-0.221277434442004,-0.33429072871498,-1.22204629526112,-0.281406622555474,-1.46066391918244,1.04337825280051,0.126025635874448,-0.887750752711214
1.11391277758924,0.159833318324711,-0.172426087018276,0.288309918168276,-1.60676164930025,0.395525483239156,0.215692736674446,0.17786289494815,-1.10755822325706,-0.48768618240089,-0.630900331314694,-2.04468578957944,0.391021616604639,0.756369066580216,-0.376254735389009,0.0281001282345534,-0.503315131366426,0.56820089830433,0.247847331089925,-0.664192621953121,-0.438346663715373,0.568170412119854,0.343272239585146,-0.335965691136693,-0.365304487368139,-0.260784172950124,-0.436108238620163,-0.140129414681969,-0.18142312126731,-0.232683373177625,0.321558853204649,-0.0875798598587766,-0.879354592348662,-0.126098145470352,0.404837840354804,-0.459609608000582,-0.597203998919775,0.661556253673851,-0.524103054770589,-0.516351944975599,-0.342295591319286,-0.133253921474189,0.82863043029776,-0.494498650550545,-0.339986598855856,-0.0645693385637645,-0.305751141690002,0.652474033852721,-0.519881527832541,0.4984989946569,0.189051104644408,0.401861771823816,-0.132831241679192,-0.143785579388237,0.188942937655342,-0.12955215389715,0.299731206395678,0.319750785451549,0.115058983081411,0.055387700381871,0.847235374799395,0.262828930318462,0.150604811612005,0.348780837585671,0.311218459569058,0.806059704071398,0.69570565581579,-0.0542548895238041,-0.133922036290222,-0.129289988264312,0.0658060724108034,0.0605568073712956,0.555804447758537,0.581224312257564,-0.855292508088111,-2.21721826862024,0.824022159787079,-1.12433725912516,1.47752494346398,0.990460306809249,-0.0618239821377114,-0.342344883597299,0.770881932719576,-0.337557393114164,-1.46416163416609,0.524316603579475,-0.395796510840702,-0.0798098722676494,-0.591781313058008,0.947210493358823,1.52047034902454,-0.330859002209014,-1.50702932983049,-0.803928000315168,-0.101497134779578,-0.361482751992275,0.271798666135801,0.0784830570863222,-0.176413046231522,0.279561133836786,0.280915775445097,-0.169808225849981,0.976902838633542,0.326578373734791,-0.419863060417421,-0.802189889559134,-0.883733591836732,-1.06081257915851,-1.19634181714159,-1.89604849821437,-0.613468950835515,-1.1684531606087,-0.697320397243407,0.338623329410202,-1.03174891607803,-0.163476709700332,0.773759246752037,0.561528163086377,0.152435182735493,0.246618673819681,-0.998949780734403,-0.816169281527282,-0.245413722167938,1.04240193345634,1.60760825842612,1.79973353400731,0.0864995822521737,-0.702625383878855,-0.953483179146862,-0.65033040931661,0.339531466126449,-0.874908875452382,-0.516215656502799,-1.62903256069671,-1.52269809108871,-0.662875388371049,-0.759801460650798,-0.382183970823938,-0.655128829556081,0.936317244979573,0.696772717674081,0.915480733555891,0.597655572405177,1.73736667067437,-1.02289585262951,-0.768764981180132,0.403826241260119,-0.345865139583596,0.802976274406793,1.50656309318418,0.724310876801833,-0.666642550406782,0.988302847439165,1.7634981244889,-0.451908834460894,0.0694153120527026,0.48274417526438,1.52846007694619,-1.69729776348339,0.176134571347013,1.84073532222745,0.108243182066888,-1.67010045808055,1.37717247015127,0.924673696832129,-0.869128408705994,-1.13908916704038,2.20385114147514,1.62066936015613,-1.38000034398436,1.51060787545383,1.96428940365489,2.2796523307352,-0.332493107551595,-0.172575955026865,-0.820562359688619,-0.819688718214942,0.735414252562452,-0.16816005485204,-2.14751622241257,-1.25802166197551,-1.12318350669201,1.20301052224434,-0.108846608151206,-0.450265314685873,-0.123663528502572,-0.830650866510514,-0.672183616610583,-0.661209451786414,-0.833678291433549,-0.147898002551051,-0.582672015953275,0.635381030191004,-0.177927845618876,-0.604380889228998,-0.0346665109345028,-1.00513358750049,-1.05013212871148,0.180228815516651,0.838178961162797,-0.115183289612432,-1.09341898662432,0.360502819318184,-1.04781561347772,1.04291838474402,-0.432785326203114,0.609730132120472,-0.48616753478993,-0.292591743491416,-0.58025986971805,-0.776848566416022,-0.528493320644939,-0.28590176639905,-1.07044087769093,0.178274028586219,-0.107188541309193,-0.0539366631434657,-0.672679063852587,-1.20714858722782,-1.03044937678945,-1.14468134126605,0.734852912408731,0.577769891979279,0.885979193262112,0.842419249305514,0.334785799175638,0.0638026035717842,-0.153748377130757,1.73581902445992,-0.154074892544931,0.766091660863866,0.0388190081194893,0.00852464827367525,-0.102266809449559,0.29247196042277,-0.192563331965107,0.284051862407126,0.418663020837335,-0.0584122940293155,0.760291596508566,-0.225086431992086,-0.195577267676118,0.763310420114061,0.0819452781157916,0.363165620790111,0.0422290517176082,-0.153671418427935,-1.52303478813029,0.474194205989942,-1.51415572683934,0.268550190120062,0.720038187513131,0.590260360319667,2.15531076457015,-0.28140109975077,-0.08766809997382,0.354386733474865,-0.0502644579740209,-0.414941283852183,-0.674456476260049,-0.183345817459963,1.4698960501135,1.03094206806727,-0.0215809997906157
1.71972000826529,0.626018114466923,0.86473800087636,-0.818890320591842,0.562256054849564,1.05569328633135,0.454932314932866,1.14956022508787,-0.56104865444684,0.611663101392868,-0.839978194989416,0.251188421002265,0.373298547123716,0.681210931511732,-0.236190454271959,-0.735587589210943,-1.01355933074492,-1.02718247053247,-1.12329560101407,-0.734687654258591,-1.12396806123591,-0.697085127379395,-0.417511463457034,0.505612005701029,-0.110119953814884,-0.380610816793615,0.577234543616711,-0.895809044359464,-0.398698603883217,0.481823353752778,-1.46181297644776,-0.603146426740557,-0.180984627506244,-0.395244616097287,-1.11005679723658,-0.398081759795478,-0.0124961121639903,-0.300738489541382,-0.700960379517218,-0.652075411282379,-0.902520578223549,-1.12853271733585,-0.749112530634403,-1.70285526849451,-1.95007913803239,-1.08943131121709,0.0666604846407659,-0.639049197139407,-0.485326422214523,-0.782237616061779,-0.260641594770855,-0.474186745647109,-0.898584722627346,-0.608474364645466,-0.813008351830036,-0.738657781214233,-0.395838558202096,-1.28570964029412,-1.09757983638447,-0.874331064486356,-1.38795490175816,-0.89651437046374,0.202691326000003,-0.373133945877102,0.0708343012906877,0.621411939270191,-0.863683349762235,-1.15125125777434,-1.07973161438339,-0.925930229411611,-0.636440684823198,-1.27386031344599,-0.813590700865061,0.499487187873799,-0.158611601934827,0.14513426464747,-0.399232380982896,0.392659062531351,0.389907474294522,-0.282302049607012,1.07275716066789,0.835073021986462,0.187990852784386,0.02143918757486,0.157708896787483,0.474448812748474,-1.05068024589908,-0.161898183852682,-0.730046818701465,-0.793879113842328,-0.186922113315464,-0.276397263690718,-0.631354162553701,0.195445917013558,-1.0950037961042,-1.08059778942218,-2.44778672967694,-1.04496615721673,-2.23542004263941,-0.614592155228798,-1.62767181688624,0.467657007996461,0.942277169532814,-1.18576829590139,-0.0466050665394295,0.238140004403636,-0.88551554033721,-0.143706922397434,-0.928583889723242,-0.6211214180864,-0.669571416253383,-1.44110872248094,-0.790373675529457,0.116051208312387,0.359755670514184,0.154447275420574,0.975400536963338,0.607481452905856,-0.518135124695707,-0.119542913044148,-1.80099900233127,-0.625259247625233,1.00642796033769,0.35245563819862,1.65303989464557,1.40190780468104,0.0244852228434587,0.817588328295194,1.45420992929601,-1.0630197005654,0.985164649754744,-0.171104397950159,0.535234214426054,-0.867528836264539,-0.581069965973854,-0.51353577321338,0.71071616756372,-1.6753836037792,0.600490867092134,1.27488740782988,0.574589451505743,1.70581673076519,0.770821343284533,0.79714941347133,0.205296979674275,0.553370619596643,0.0677083553078012,-0.737417431571484,1.38329900220275,1.67849875953918,1.36413439440001,-0.651297456616271,1.77970368600771,0.773449596896149,0.600326672962118,1.20541365373043,1.12115004923598,1.57319885493194,0.292498515199745,-0.528858261973979,1.80714917226482,1.89732810552698,-0.125037385275309,-0.386959024131763,1.59662745418054,0.592171292747794,0.684265292332415,1.8679924960303,1.63929717221135,0.676691215428548,0.988168922870844,2.24866186195724,2.06807666549453,-1.2823682353018,-0.823895293245878,-0.406575065092161,-1.18754630346943,0.160913393360093,0.0589557712936216,-0.64527989509753,-0.220141533420594,-0.286159596898097,1.61209002432056,0.238602786829851,-0.302610850975844,-1.0446201166662,-1.19136975325858,-1.52399607257029,-0.866948433221108,-1.40227795171975,-0.133948977385774,-1.21221434544201,-0.694038472214481,-0.40471399290202,-1.05345917693926,-2.34378568749215,-1.258303672836,-1.42436920255165,-0.317800215246966,-0.413418992959921,-1.32737664245987,-1.31143058384873,-0.0189750822325954,-1.55905640066928,-0.85847526804452,-0.439521014311383,-1.50627915872096,-0.751829586690807,-0.822936089900933,-0.878180310993612,-0.912703029372991,-0.454200820514305,-0.718252276614424,-1.55395093092448,-1.10475447823109,-1.09510028834326,-0.183882570826709,-0.872568696357213,-0.669049560497333,-1.88288946613462,0.495662663869634,0.912537089531865,2.60589082051657,1.28375988948861,1.43897926184442,0.516572153936979,-0.0163305788045951,1.23220609709978,0.0731667884177393,0.571908775337756,0.758466461466216,0.199812801685836,1.52346472527968,1.73304999295139,-1.58299608484237,-0.758708054104701,-0.681302988464626,-0.459610441230699,-0.0515255741136272,-0.549309413683887,-0.803491595477137,-0.345048533649184,1.52169556587703,0.324415698709271,0.678052955053133,1.90775099371424,1.43787674222335,1.60255902662396,0.843831818639476,1.05520279049145,0.369916940242844,0.854715727477723,0.803918934114277,1.30485604093191,0.186759392123106,0.811752144506735,-0.348063217002415,0.811723855038778,-0.521649742695147,0.19268973698322,-0.913913920604397,0.975306375428635,0.941088209661432,-0.807450049572846
0.73678935687789,-0.845758608434326,-0.293539595396863,1.31560519341575,-1.15199694937225,-0.341833611149864,0.0278819146706441,0.158389857950017,-1.19961673220749,-0.69049851140565,-0.5678123803564,-1.52307798861917,-0.246263212234478,0.348519838436437,-0.746013725483255,0.43926279759159,-0.0831318313922182,-0.459091547372314,-0.446109601749183,0.178556432370069,-0.08268542407427,-0.645881396703236,0.0628401346866821,0.949573716244913,0.414632006514533,0.728507242089439,0.90825698410068,-0.49357693346023,0.290902446755436,0.737124578136084,-0.217016571100902,-0.276152435643288,0.390322745127614,-0.0815220610438219,-0.0135511234540571,0.325725057012665,0.979513842125283,0.172987780521576,-0.353585298550004,-0.0878489913104916,-0.0263588125372937,-0.464956063506154,0.194920855986048,-0.59258690530762,-0.387427911997948,-0.596820887910516,0.714267062636005,-0.201626357697346,0.010657646079408,0.210798127678718,0.00346158739023223,0.0527006123780956,-0.278834992529218,0.903954335630793,0.590991640493799,0.161764773320695,0.110747100183496,-0.244946628774276,-0.326877632481651,0.570871172956028,0.252569468978394,-0.400037483079784,0.79019094815838,-0.389588076265073,0.651716076234148,0.874252881273388,0.475972482324856,0.0707440288104291,0.463192308896052,0.251168142598768,-0.104346908792744,0.264459532241927,-0.498775483653943,-0.0414239068238251,-0.511491188502916,-1.17301041743928,1.33627922838732,-1.55837917417827,0.032220856387908,-0.213281331949647,-0.769304586561002,-0.116236618756066,0.492467281433467,0.358527025189741,-0.39177450325567,-0.35572903249663,-0.833478064040388,-0.577158535661216,-1.15515813426388,-0.362471689182547,-0.517616458347106,-1.06423914110083,-0.250165156820675,-0.948369140337404,0.665971185388064,-1.12521653106626,-0.703390334197891,-0.621333787148939,-1.9478271565238,-0.428702897596129,-1.0037745792217,-0.425079781870781,1.0656752617459,-0.713659578290269,-0.215156148962182,-0.480585253449654,-0.774213362170669,-0.595655507423506,-0.841226002625624,-1.09079335430413,0.182778083559458,-1.00108538321227,-1.64968799964538,0.587819830003204,-0.940499616374936,-0.546232547529363,1.55723924391264,0.78832600243265,-1.01736954046943,0.129632902410932,-0.967635667447587,-0.797876027477391,0.319478794244799,1.15380285301744,0.703999009349676,0.412974379694108,0.543914917067048,-0.851431867345475,-1.01429508837795,-0.34351178314223,1.11414604892113,-0.683640796172198,-0.0629718917479303,-1.07152440478235,-1.04522360104779,-1.52663984868087,0.100355321862752,-0.766713203811489,-0.557874839928621,0.134576582650824,-0.590548755750754,0.613888040667967,0.823449355386937,0.959277489568808,0.21814947949465,0.17443760575268,-0.256418632786746,-0.288236309545123,1.10385996610886,0.923412045787339,1.203166963615,-0.393504981754716,0.420021707080759,0.761333783197792,0.653553479351818,1.56966819669681,0.541402604258959,1.27302456297639,0.0376523795289337,0.673669671664574,0.411454762291206,1.22668784932282,0.197647402718245,-0.411607232625323,0.933390008560635,-0.504789243918785,0.411704099558264,1.38851608219201,1.04400551524036,1.077762247236,0.681217355280313,1.25857291385395,1.33170363540158,-0.199071997251588,-0.611234842584882,0.443136999968604,-0.913511573911861,0.656876129800583,0.13119930668432,-1.46838794109902,-2.03051938765202,-0.792907126471089,0.0632360573679259,0.748312033835152,0.625611804505615,-0.232327460677622,-0.42312735283343,-0.928824144338719,0.698753196338879,-1.36475619547592,-0.172744498142246,-1.36402543726667,0.86637115500954,-0.320791283903284,-0.881642571323271,-1.31463573652661,0.0808319441700585,-0.120233921856694,-0.441122365496001,0.143389362772524,-0.74297405273949,-0.515895878111664,-0.676482309932771,-1.67863411853924,-0.369998266846747,-0.450698233468439,-0.554173632342561,0.774492435896324,0.603081498551711,0.653256446793069,1.01375937625181,-0.678536175149787,0.398255287079676,-1.454611512753,0.317271203204763,0.149306881441671,-0.221694666634569,0.1972210459807,-1.58469164347127,-0.433055199910504,-0.394879610259167,-0.200563899685747,-0.503111198338256,-0.13370352181783,-0.312605350784312,-0.121187920342821,1.04882831988425,-0.48602071958098,0.254884429089822,0.168754138471037,-0.29206690229625,0.087395175473529,-0.518063520496661,-0.295026425990445,-0.626375365499689,-0.0886612533920855,0.403668305119549,1.17954059653668,0.0675673959264922,-0.265248172955989,0.188480499472741,1.0620949758431,0.344282351215836,1.09346737795913,1.09937046774911,-0.0855213877646534,-0.962244392437725,-1.49748369217385,-0.380584712356276,-1.27981029357054,-0.172896631539793,0.748174381205269,1.25934644527985,0.648943690065484,0.6219920996912,0.0311578966690846,0.146912733309519,0.934264173624628,-0.137581793905564,-0.505631257493976,0.178134802321963,-0.137886795254102,0.62723252955681,0.398429769562471
0.701394845208062,-0.620158222846546,0.539125617920209,-0.895606931082061,-0.0818383189210644,0.783761824407907,1.13328167711401,0.346829597752304,-1.5625156131046,-0.507764427132706,-1.6894244655237,0.416692314173279,0.349546477501165,-1.03261682070433,-0.532946111453572,0.732802617214856,1.53430426368545,1.12410956506847,0.666176466631306,0.432377731057237,0.242746992927693,0.181609678887311,0.83710600197492,1.40936247970014,0.808240863738745,0.69767867765569,1.51407395317725,0.390025613240852,0.732766727419002,1.61492170661125,0.778273865721397,0.252461638465491,0.288598317983143,0.970716372085424,1.04493526838232,0.530976375657776,1.49429374090004,1.50313925162766,1.4482603764868,1.40393647702013,0.349040012998408,-0.236696169448335,0.396241842376642,-0.233229396394627,0.0829538006015475,-0.424763025225751,1.27667669486532,-0.660175590795048,0.938322956184946,1.23021487104823,-0.0739086419089537,0.475772023346361,0.745866559684474,1.0216395686877,0.869499770491005,0.179346182873291,0.801078389309192,0.467836860579593,-0.730551388294767,0.262084803743862,0.645275091412203,-0.324912975568131,1.43343158615985,0.168558853770501,0.765420756814125,0.929080674172968,0.471791017705444,-0.0939979498366469,0.38563707307005,0.260447809735856,0.780003537586129,0.00107115542302777,0.550630454448202,-0.0476768466676379,-0.00894758923586594,-0.0512394264912,1.250944688986,-1.0701809005085,-0.3568970404162,-0.66829558596888,0.896266824073415,1.1556600252159,0.370260700382118,-0.511855637383026,0.88792748406177,-1.02503822374595,-0.551157689506038,-1.02814238420946,-0.951059043691316,-0.168276313937707,0.562604610475443,-1.64022315748973,-0.220834766133119,-0.736080640750036,0.106152474631306,-2.07506691647548,-1.52153353393708,-1.24537488381708,-2.06304589940983,-0.964921285531955,-1.48248198967183,-0.43172110344787,0.410246397105135,-1.33541740003693,-0.181811450547027,0.0717443531829618,-0.0742287502325489,0.211652324670203,-0.0789020389283193,-0.198927493294178,-0.41579333229905,-0.594308930932564,-0.659857782024259,-0.515660074772867,0.0973638492168508,0.0542408836610378,1.0773031845422,0.154653582840309,-1.0105054283735,-0.21974750560518,-1.24557743513892,-0.206799723444748,1.48927122263421,1.27651826918108,2.14631167981922,0.572354740807793,-0.586567557833207,0.136269209081842,0.494372317522972,-1.18249995200265,0.700404645818554,0.648794395032225,-1.38302799951008,-0.446942600547384,0.108083950327951,-0.784532370803684,1.18764113209842,-0.50919489586903,0.573702282680457,0.599204407193498,-0.163592386057571,0.371417460765887,1.47152234056996,0.38041992848117,0.253805016379056,-0.466626859004453,0.758923792082577,0.19701554509606,1.024937401029,1.89335557284024,1.06276062090641,-0.709035226471137,0.420855436368534,-0.106368695578654,0.701194142593872,1.77352477229176,0.881257447397065,0.883725680608711,0.734061351252821,0.684427406031047,1.07673162930519,1.41433760564979,0.0432848995203498,-0.145694141643691,0.972704389615295,1.15606703977046,-0.273035342195445,1.02272337017787,0.328580811252275,0.482641220049125,0.656416641632085,1.4646959794516,1.08519166245167,-0.426377262525145,-0.191691904806674,0.781061429189694,-1.37096080062855,0.352950995382293,-0.574067960377634,-0.497559677429388,-1.16943251319989,0.399468500511556,-0.173301887855662,-0.245439792082006,-0.57987375849815,0.227181790684947,-0.677834313881392,-0.717270632314757,-0.622237146827642,-1.9647854484967,0.188141172542964,-1.93921160889985,-0.259791788193566,-0.63443072573774,-0.739431972929719,-0.916446856482301,-1.06736997602829,-0.349468137929417,-0.539939123025418,0.575971333935016,-0.980474110446785,-0.216703615285291,0.565329937403594,-2.44197561576106,0.623608523702246,-0.942338723934028,0.578698580687018,0.419795116863607,-0.0132119504158156,0.393369915234359,-0.0208625576940508,-0.823117271736391,0.424462180676952,-2.00629271152255,-0.905427686511857,-0.780515504617642,-1.31707702665916,-1.19264659282972,-1.4251622993413,-1.50849021388794,-0.79792570853961,1.3180099843882,0.582496472318236,0.382355065267846,0.938725501215043,1.74758998932115,-0.565925288231473,-0.108627499860415,0.610188255067039,-0.808406169106154,0.561764220166438,0.00893086007940022,-0.110180442626351,-0.267386745353644,-1.02761135965861,-0.121023750537601,-0.155601221533497,1.08318513276382,1.14483311958665,-0.186996825514356,0.176163775417836,0.359290053184495,0.134918170274404,-0.0471984748106156,0.134640414250502,1.10382271039694,0.277589652946217,1.64765337826545,0.0480349066099361,-0.124499572868144,0.502189693025212,0.451936912578217,0.116965565484566,0.533265698647178,-0.0238305576158742,0.600994463139105,0.880830226651531,0.962167743597386,-0.276097191127786,0.155674764470236,0.393184060465333,0.676834272799169,0.777773665898027,0.481393817649149
0.694929176572979,-0.271070236439707,1.76875397986799,-1.22060232355513,0.732611812753123,-0.574595361207854,-0.557479444602725,-0.772609577739919,-0.541810745766915,1.122555396948,-1.13742289849532,1.26550448894266,-0.840711442083669,0.534358606373548,1.50221450436893,2.27986595678232,1.46330116592028,0.22017378922305,0.390265134007555,1.23770130547067,0.655846610769427,-0.0172000213055702,0.648914619527123,1.81431704753206,1.32015764232321,2.1860053005637,1.75616011558972,0.877211308994558,1.61122862702412,1.06413989084364,0.650058030430226,0.368487272492508,0.519932195898713,0.85055707379254,0.873944197602492,1.46280649772558,1.83500228137941,0.440261324209597,1.34879446995693,1.77696203498955,1.45422134307328,1.50119252396043,0.164489644726583,1.1599401947818,1.90056132724834,1.29404538471477,2.75063188353814,1.16640662593316,1.45843938996601,1.36423907579519,2.05617249346555,-0.314226064586017,1.38121978634476,2.79641362312498,0.385041322037041,0.296027821151174,0.377079279256524,0.0859544751539873,1.3110575074765,0.306101311859014,1.1880178831035,0.238055010117417,1.74489519096147,1.87562523736753,1.36983425230756,1.24155612814482,2.21689210457631,1.32716244401518,2.38746779292135,1.55918188091457,1.67553868036564,1.83065417053474,1.00401512728206,0.46876693444915,-0.120515016104915,0.0835616641251107,-0.62079469506831,0.305058279916653,1.09533255276714,0.00907468640718716,0.957782439150474,1.24080521085713,-0.50838989393803,-0.571445030073281,1.09908083473551,-0.476212789198075,-1.20000142878636,-0.866284135020235,-0.641018697913811,-0.293236252645148,-1.00198012792421,-0.639745783671596,-0.288194516978342,-1.17795238159347,0.63916349532986,-1.26628920171308,0.761789524865496,0.788343160361474,-0.505980895436263,-0.579311781668214,-0.285770444778485,-0.0628773574629676,1.42581982874502,-0.5925639637646,0.193201457570657,1.1114478617295,0.0187024270902338,0.0105562086128399,0.521829617627316,0.0600126928087015,-0.399821276636014,0.301839641154499,-1.09042441262785,-0.601481660375683,0.577878449076948,-0.0722688927150145,0.549378572607959,0.245900379911974,-0.029995214774441,0.12015802420337,0.592350098266845,-0.854110664676828,0.906181936900405,0.0811768939902521,1.02699145970713,0.603238252168339,-1.44059169954352,0.91013167707343,0.274285258172716,0.0858620220817032,1.00924292083264,1.64086192290286,-1.73641574518499,-1.42146901575501,-1.14204207885597,-1.70395674936589,1.13848517235801,0.810434058823953,1.7142858284534,0.0988585506735803,-1.74914898441018,0.366742291612474,0.765076483010636,1.32543373570855,-0.690677675933952,-0.982455279018357,1.05293725403779,0.297098486814888,1.3773592169676,0.988367698906729,0.421698251313811,-0.192106170669153,-0.189136395584664,0.752488938828992,-0.23118052478104,0.992698481373304,1.30681494090547,0.955939364798659,-0.322356138692416,-0.569383624654597,0.48009805411956,0.865564436292042,-1.24482713835223,0.464694067903341,-0.0802630200131684,-0.632282287727591,-1.31137505372959,1.27704354547437,1.55328426651438,0.233871026360472,1.33709098958676,0.728410465789417,1.04911463095802,1.44875532221619,-0.344054196031738,0.526417418321035,-0.632425820491429,0.654838677576636,-0.129788702348869,0.604330447117879,-0.478904664939668,0.864371903736555,-1.56858770289252,-0.660834618714385,-1.19256998200464,0.97606947529353,0.0721149242752946,-0.0550052536248285,-0.498504860218468,-1.10488022456173,-0.31495688421161,-1.50613211099178,0.774656469473925,-0.832221030251553,-1.20461596318074,0.661934250770258,-0.78645590469845,-0.586956267312517,-0.212858338425572,0.941219341709693,-0.894759800342818,1.17015226166243,0.137055979131986,-1.01624041616042,1.8549834436674,-0.666446297248238,0.0625115832259876,0.380119540988857,0.381816947838887,0.414326305968866,0.877306268951834,-0.463605163280716,2.11303719488277,-1.42751469072103,-1.15569751344996,1.17822885240211,-0.0516785507881426,-0.776617528297769,-2.29075806226326,-0.936669080613087,-0.77376385624755,-0.878119441042584,-1.70274670985905,-0.572291236204467,-1.03593028747153,-1.42207660794344,0.0128235810366083,-0.810916852082243,-0.423711797387201,-0.885003174265957,-0.830234037561592,-0.455420678648131,-1.01408123379497,-0.892375601523935,1.04778913221123,1.43485142723138,1.52418870569544,1.64625643846962,1.09609238552247,1.01065989651079,0.908049633580401,0.485403030780406,-0.499262526413287,-0.876229447127499,-0.407098762127048,-0.581511651781291,2.09950248089594,-0.0167022235604416,1.618986659635,1.07470727745211,-0.812868155423957,0.776823258987216,-0.817055638612523,0.157277676942322,1.17703099413776,-0.361677322570114,-0.175062107654329,0.325690086205136,-0.822771162954965,-1.01820729877488,0.858031688255573,0.719480097302162,-0.348643626521852,1.7839620383013
1.31049746393234,-0.210551773140351,0.927020241866578,-0.62867104458238,0.327410053675509,-0.560463128732408,-0.268563381161803,0.228297283843428,-0.869801007657889,0.145843308151003,-0.950427610179723,0.163157914878279,-0.589533214925076,0.00960685383987857,1.05516591748364,1.91484639273525,1.30625697305296,1.11004893517902,0.607410108027621,0.880385367501457,-0.278789790764845,-0.0376725872368304,0.183359556065541,1.09678521222672,0.612140118717886,1.1848139151095,1.1945174216894,0.980367732514466,1.00611486841181,0.226711461146586,0.814120414458279,0.204076360875887,0.00495919061519604,0.894311951745624,0.857572531641526,0.598212724468107,1.63117053867446,0.771787414369618,1.56341223875203,1.72452639483125,1.26463263954308,1.16200362524188,2.02619695884066,1.28720548147737,1.96605569574322,1.52284901823829,1.77635580163665,1.05266971789897,-0.157402781910469,0.650285197759885,1.93633048661993,0.121730868165748,0.157498227103092,1.56631610674438,2.03374126960751,0.584141163050125,1.47062075047928,1.17696346325824,1.78087274077608,-0.402448936095763,2.11341390792782,0.917768298269713,1.75778382163998,1.91528439220707,1.91132453289502,1.82818784829804,2.01570172406392,0.616067515871931,1.59187922822082,2.50678793390514,2.41527584205097,1.15956174645157,1.57823485373309,0.832394383262781,-1.10140555557063,-0.955991833871932,-0.303828076364145,-0.918837335150437,1.03066994542718,1.68546288030496,0.3947636041841,-0.00800026411378665,0.199602510832993,-0.264899489436861,-0.547103541994964,-0.335900335388125,0.0262669201398606,-0.410780157296094,-0.22685040807004,0.279570881353006,0.540594914701532,-0.154152707062798,-0.166147654218677,-0.861977177671319,1.42039999925885,0.221364849285697,-0.154975938268613,-0.799754038928684,0.0792953252761889,0.461265106359451,-0.305783667398199,0.383846835373334,-0.082957942957319,-0.909806149682207,-0.672262711920769,-1.16717386629459,-0.896518256595244,-1.37008756652776,-0.635157690135569,-1.1549280972591,-0.915545912253381,0.266285008896761,-0.130217985181882,-0.477316768997372,-0.124918579480782,0.229842103379466,0.322650552835616,1.2914515145849,0.656951962038403,2.08709361545919,-0.91486714237651,-0.0546523342592957,-0.85152393467167,1.12742064235439,1.57493056166147,1.81641889135779,-1.1998691131412,-0.227093031104084,-0.825907836658059,1.37809999073423,1.98970492457737,-0.0850686681182212,-1.30673905806639,-1.12507550965126,-0.228580839533409,-0.663441195015243,0.586581432938547,-0.132359692098822,0.591467661801961,0.437972051706066,-0.512157738549917,1.18585706124513,0.698753592818741,2.50318458939571,1.11587084062184,0.845330623800051,2.11327505658806,1.83332856433168,1.49451069210644,1.33878474891727,0.60289526376016,1.17397533463467,0.781651863996452,1.73678904330577,-0.507285931783242,-0.141695185964588,2.16960830096832,1.43707756443194,-1.01474130118452,-0.0913064097455857,0.446294333241344,0.615209158331017,-0.856025592177691,0.16673062951301,0.0382960906110515,-0.22562466500775,-0.0386135129092985,1.47874809386017,1.94188428099589,1.31462140119775,1.5533616008503,0.35741531496783,1.61822208853466,1.14534691390802,0.470287971524768,-0.0407209569885604,0.151602883759736,-0.618861759658168,1.07923925317905,0.892187827060104,0.236406251760887,0.730643879674753,0.312482456382122,-0.768471736949193,-1.08898301595303,0.788204441556556,-0.107590352165583,1.93211399459548,-0.611979452402285,-0.0839370921849378,0.453833600452711,0.214107179902413,0.398285020332747,0.310022306522752,0.0692675486764511,1.43585123403658,-0.579977979074665,-0.424783856712056,1.12737089763547,0.213849605097458,0.303617496104263,0.0597667961702942,0.908085642983321,0.362436657039007,1.3449949545735,-0.343552287512796,0.108958524065268,-1.00928208920512,-0.996779556861048,-0.719157898051498,-1.27427401604909,1.64582495046069,1.50815372510509,-0.579106460573996,1.05691538571086,1.13586523360995,1.01555395846553,-0.843169560926671,-0.503942826898152,-0.118502043216267,-1.38586771280918,1.40598089455714,0.442347949923156,2.07103245757951,2.19283237954332,0.583311456347537,-1.05548211576497,-1.50051244435079,1.02284454305531,-1.35754676362482,0.22361724692641,0.484287484048437,-1.37503137361745,-1.02779139013694,1.49079586806611,1.88995650791308,1.38197394399644,1.24031886718669,1.49873216724312,0.633649033851591,-0.310469237210013,-0.633120813326803,0.265789571325862,-0.535055171413585,-0.172439790644881,-0.198424590004412,-0.0234139935507748,-0.9111622314435,1.24322410664593,0.536431196747604,-0.863905282670195,1.06844818891158,-0.111339959152047,0.366610156646671,0.328334849595599,0.579407602321396,0.543460168809498,0.267262907193635,0.109483094041118,0.861965575801766,0.059214336414758,1.55981424915674,-0.78181946037359,0.304246005208872
0.784541754723104,-0.425255464971744,0.948174895824506,-0.723635951558063,1.07729088358978,-0.943788308721067,-1.12909076749243,-0.676140387694993,-0.517223870193086,-0.149520342171202,-0.441900993617767,0.560703917098369,0.147828306959292,0.509390863162994,1.11134923093748,0.419821158997018,1.07295280674722,1.4890353984358,1.53722572242503,0.192034746832399,0.887592581768013,0.292341542471524,1.29083196016518,0.0544159700602035,0.939411881053678,-0.049248889466242,0.871857627769338,1.35703495427097,0.21498284284312,0.534273728311536,1.15043726891723,1.73746546052532,0.48045100512549,1.18830947000796,1.06323341765134,0.00954128295952658,0.0626714633968905,1.3489318650929,1.27137597823668,0.617736156248004,0.040603687987709,-0.31241990518519,-1.09162414761265,-0.0927734170767938,-0.262519441746446,0.11223211397431,0.265594154175839,-0.794326993320123,1.11782582451207,0.785375212202829,0.675429258193349,-1.71566752489645,0.91196163025033,-0.176761430424961,-0.93773265269133,-1.92025599635818,-0.96538180921715,-1.72033734963494,0.419042565507486,-1.98372102155649,0.232323295224676,-0.158411974766461,0.0218007632203424,-0.664756406004989,-0.230743432202498,-0.478689451778066,-0.628486184590049,-1.02846371912556,-0.563141220686929,-0.173177439398997,-0.00217217740565769,-0.718194842591034,-0.519620546273718,1.4869406601007,-0.932046523617225,0.677870215973915,-0.735630000652051,-0.178139698582086,0.912243783204981,1.25595804856368,0.226832431347391,0.175091139134266,-0.739895428622061,-1.22075172310485,-0.169584650002318,1.11744535838196,1.69333567633157,0.656291059084325,0.93335901226068,-0.730608088204812,0.261882549137098,0.98896027022706,-1.02963725713545,1.44122297644439,-0.843226868884834,1.54585878673278,0.093131451162093,-0.288879299500983,0.507774201386439,0.288031834456154,0.157778216601723,0.611779989714858,-0.180270515594711,0.31593885076468,-1.7322610648539,-1.42587142077157,-1.10996011294282,-1.41511856165319,-0.91571475064448,-0.685025224082022,-1.71308882809825,-0.00861957116163193,-1.13022858037699,-1.47594454858142,-0.349019957162982,0.315166860103138,-0.694437857549625,0.379322197903787,0.975780309979416,2.03738243273617,-0.249504687292058,-0.935401149244747,-0.474341164034498,0.249512268471614,-0.319375598247534,-0.290347662357782,-0.960727998063433,-0.182164378427789,-0.0275308847455664,0.868264166285671,1.04229326864784,-0.672331223659605,0.280507637481469,0.58735086480902,1.18703702582365,0.982407657879536,0.00220095130199359,0.636468690969979,-0.15926803453702,-0.644175167498925,-0.403167718235474,0.414616891234869,-0.280914816999328,0.609368192809461,0.298976007542624,-0.176121196871009,1.43883856876573,-0.0137329149685045,0.658098234521636,-0.437138177282929,-0.768399557741595,-0.00156081727881409,1.26313943509768,1.57273159106455,-0.772252552718921,-0.724854606347984,0.938980236393634,-0.269931972158331,-0.812214814073209,-0.648229229537546,-0.538635127896983,-0.278031484215454,-0.569338734276059,0.00776232716728371,-0.713850466469072,0.266506249149974,-0.594306320075345,0.358831918392851,0.801066939163752,-0.156391040386231,0.125842016727487,-0.814734757919187,0.350484241496052,-0.131499278981917,0.798800799999911,0.22391198029672,1.68732485763802,-0.647692114950735,2.21314543017913,1.39646992930152,1.13921784133732,0.213914992181467,1.05255459463036,-0.746228057403686,-0.992706351063018,0.299373404710709,-0.0239746949314801,0.488634090168296,-1.18601174079648,1.43306361844358,1.54080419248411,2.24030562989615,0.380437692257894,1.65407320655843,1.66927786928394,0.558631493438532,-0.527574577145355,-0.0576423082900861,2.12659395463045,-0.959899301871126,0.935046689493437,-0.340351167789768,1.05551455058306,1.8261323844843,-0.236712315234297,-0.244443842909979,-1.22612980417983,-2.07950410344924,-2.04220595949672,-1.67491058685522,-1.85776611793885,0.0674557261221215,-0.492468206537032,-0.94444478463388,-0.413554659853152,-0.112003838438529,0.609120052837762,-1.1627518007955,0.0578357561451177,-1.53736293348707,-0.0990195966952264,0.869698463212034,1.13528717329907,-0.131555738841764,0.717597755312148,0.672612263970414,-1.49784498631489,-0.346839139938868,-0.706560213995961,-1.31102734593052,-0.570839768890039,0.0290887888635742,0.279669753235706,0.664842915393517,0.885546520809595,0.946362069170427,-0.346041022726364,-0.882697330508843,0.465273315434931,0.0662983725959134,-1.45795219822238,-1.68835233831567,1.58476472044495,-0.0970675195341346,-0.415860470114365,1.72678874295502,0.153280031490384,1.12027390447885,0.532164294415093,0.469798541580212,0.438262794424304,0.537608240813187,-0.156816320589567,-0.164681397141081,0.186759392123106,1.62736311953663,-0.683008850981242,1.82689695251332,0.912992784435393,1.70834303047801,0.0749977159141456,0.690543319188278,1.00129490358827,0.713237287412155
0.315238227377612,-0.748882314288784,-0.660168098150492,1.508215109867,0.710914814273934,-0.19371275040142,-0.121494802045409,1.2027103566234,0.0596955773262641,0.0631439217769637,1.62872971582205,-0.600959224033306,-1.18292560366093,-0.358698722879296,-0.559418213461761,-1.06177450952307,-1.67972163413595,-0.50369237970991,-0.472561487658789,-0.298610966508966,-0.774934543133369,-0.209871125296846,-0.888366045721916,-1.5251493963831,-0.618029922094167,-0.363112973977842,-1.31798981161344,-1.34446519460449,-0.8418975417064,-0.441084681314249,-0.820688248885232,-0.278874495556745,0.101415607426829,-1.45351574765574,-1.20330089911655,-0.470813714002382,-1.1686749386016,-0.645450096907704,-1.53948706704628,-1.60281267528712,-0.958762474262208,-1.01254802033797,-1.54434502066034,-1.19752483970976,-1.26701012484368,-1.06461875729806,-1.28274312379589,-0.917161468880988,-1.29772951692235,-1.67546389292433,-0.929017076356471,-0.844472513542275,-1.88081852219318,-1.28528883365638,-0.77920867137772,-1.00628372452431,-1.0785997493958,-0.957312334247261,-1.0038164092922,-0.796737574718678,-1.68945565096218,-1.42578903477292,-1.79678765454243,-2.1576295246393,-2.18539571032474,-2.35432194096624,-1.11910715215153,-1.04433667315882,-0.984280028071344,-1.40202684196026,-1.8636215985542,-1.17649946990376,-1.76881950181099,1.88532835922648,-1.70731714208765,-0.372026351675063,-0.485614226000452,-0.712192887332994,0.891183408620016,0.720723744162204,-1.08427582653594,-0.742585533683002,0.993613223635699,1.10622173199436,-1.01916223982021,0.410782861880176,1.98382561159685,1.14652635054958,0.845221993997551,0.135874806591356,-0.391133432055507,0.837734309079416,-0.561738030856567,-0.61521546293224,0.309181189346777,0.501780643277373,-0.252399172564203,-0.803385184937446,0.469095676527711,1.65668599879556,-0.553962500410007,-0.179969163128885,-0.431629698949823,-0.00479294610777967,0.448670541070287,-0.411887127340793,-1.45733118531378,-0.311955583236533,-1.87483034815525,-2.54262510570543,0.314237482568065,-0.698487721094174,-0.0665016309424928,0.821660919027786,0.0185893850436426,-0.436620177365675,1.05264111036284,-0.177012047955445,1.05509226302464,1.49399990046998,-1.09455154392805,-0.0900132869034057,-0.644563504445749,-0.607969347094375,-1.33596790010787,-1.54367739991553,1.71571124421782,-0.623771967661345,-0.853418874256838,0.95440218726645,1.24273560138268,-1.44261024507924,0.743229264909781,1.18526624686739,0.771080991450506,-0.937078269076815,-1.02459385590512,-1.54256770288788,-0.60013004404527,-1.06396858821012,0.13828375226986,0.277524271846401,-1.12856017171246,-0.423935314998188,-0.83755731742307,-1.27484155313336,1.15695437912167,-0.985414572584288,-0.272913876152103,-1.23064090572279,-1.95426271495958,-0.965988880799346,0.420311011264149,-0.37348844996349,-1.07695973940793,-0.441561546753733,-0.817553837469675,-0.470000201995585,-0.952299858694484,-1.29769908705441,-1.66803269871199,-0.944857935642613,-0.641486478146165,-0.487233218162849,-0.937968823094838,-0.687331886036196,-1.08624698735256,-1.23803843870988,-0.614298915567591,-1.42144768191469,0.194037249963806,-0.981287680748063,-0.760952521583453,-0.562783318187494,0.983147421628706,0.468401861034516,0.114695548731925,-1.49612137173098,1.5787257108611,0.646047779337032,0.856735745619562,0.290920847903002,0.675801282020129,1.54058618645801,1.21308428477064,0.0985813232882027,0.282616752509227,-0.301642828522883,-0.161560023360294,0.166802729594364,1.18861801228995,0.925612882701443,-0.242901436933649,1.7094956877949,0.652598936199685,0.491571927735564,1.05115293092476,1.18142202846846,1.41145015867335,-2.32966992341994,1.51635452671889,-0.597005053892585,-1.79822893100194,0.447217888688728,-1.36813376257424,-1.35152909014181,-0.190138746649377,-0.0883005291844041,-0.135316099375244,-0.100733775333049,-0.429995871130019,-0.739840895901288,-1.19900079790599,-0.500854587741318,0.345222096986547,-0.872920514240955,-0.518886542293351,0.424179786978739,-0.572162034001087,-0.249437716359514,0.894141518276142,-0.63144447913643,-0.0867581515613469,-0.52819894506534,-0.595248158050113,-0.224806762124253,0.431594324101828,-1.06432598571868,-1.64240953654328,0.0977264096643711,-2.0798294275705,-0.831842485308686,-1.01831624349398,-0.100932995366113,0.247786654917349,-0.470038515135913,-1.66274906276415,-0.516961674047873,0.163991506026092,-0.535448057186878,0.61401733384536,-0.216735100245658,-0.112714308800707,0.932252199489448,1.02327640947286,0.227981248182804,-0.658579691270722,-1.32601123686878,-0.576111048742634,-0.129452435597451,-0.102581120026592,0.434635783305514,0.380077978672781,0.182494491754407,-0.359819180474602,0.579791662674143,0.0190925921814377,0.675240090451884,0.891832083228104,1.31888690642615,-0.587887183711836,-0.926421957155774,0.13417368284088,-0.955461328534024
-0.595965205317765,0.551793943158795,0.48148046741403,-0.648261539995913,0.0311524240924051,-0.76708627340044,-0.910624706499422,-1.43325135419683,-1.07401293528745,0.209497298824335,-0.884267289288595,1.61868350874335,1.2163749014889,0.142652995599525,-0.447264004683477,-0.928131724654055,0.330933590776355,0.334010273255461,1.14262816622029,1.06174781909552,2.56348533827815,0.10960752571084,0.942185827201882,0.714762302304614,2.63062333273004,1.2597518367566,1.21490208863838,1.96423073241785,0.684647925615161,1.79323579854494,1.44820193956536,2.25771056463513,1.50800312205764,1.23880995275954,1.12714124859469,1.77149903190301,-0.249231983498197,0.776697692120279,0.582446055842731,0.391706590360807,0.850081565860002,0.214444147538581,0.0946873765224071,0.284350744545448,-0.133877024511074,0.155667770528918,-0.0706989288069813,-0.0787591983148038,2.26128842917159,1.30051557929488,-1.13967858774154,-0.572524397374888,2.03220421209401,-0.537400012442088,0.270523579685865,-0.551984416000544,0.463106992691968,-0.788245980660957,-0.948752468559352,-0.21875938973176,-0.0403387719639247,-0.781890219669868,-0.201828822743228,-0.371309710193071,-0.445982231625109,-0.544352542049022,-0.404010704382361,0.0152438588730372,0.505771701046019,-0.208108422909977,-0.602364574750468,0.166054072918639,0.118216794434476,0.625224700366966,0.444619673128282,0.93742465303577,-0.882132418061952,0.255757655608752,0.686859314101744,-0.798404375814021,0.196595977234431,1.10387002471757,-0.432117261986653,-0.551001324856548,0.541098231877691,1.02264861418593,2.38977785589548,0.80263204396344,0.828590108863699,0.104636898968407,0.346028655719253,0.268289286965078,-0.36240121481381,1.47846769565714,-1.41921393296916,0.321030080024676,-0.21269970068138,-0.208844808941158,0.313221378523135,0.704761332884851,-0.117273805312156,0.0725368039490102,-0.0488438013823591,0.385250533140056,-0.421522433428621,-0.124033626756079,0.438191177991057,-0.253627959803171,0.818701981211676,0.67198272855377,-1.00783011083418,0.883890507600965,-0.169653251691298,-0.627754896298303,0.697752595784162,-0.31730762904145,-0.408579285342962,0.188397763559619,0.857690794452296,0.855866068760213,-0.35757896317402,-0.836391627176381,-0.023045179354902,-0.761369305225357,-1.29105547416658,-2.37979349214499,-0.798291651685465,1.04749788375149,0.255094321326795,0.520110533115558,0.286521661142654,0.777473365320297,0.743856137670553,1.76368413974222,2.35975687172115,0.498914910346979,0.569634015225968,0.830632734623767,-0.285702637887065,-0.869422573280575,0.224962558080589,-0.151736286978457,-0.378108300005736,-1.56386081769972,-1.25283777596657,-1.50691667073806,-0.332138321683442,-0.532702566518444,-0.598344865024731,-0.894164432941478,-0.873837626395339,-0.669602777536534,-0.719421296960015,-1.43154040140739,-0.0888759506660095,-0.0608044141256804,-0.893702268863405,-1.81409403233849,-0.216801741982914,-1.01556960308444,-0.936734297499668,-0.0969536289777221,-1.11614671827914,-1.80486071028652,-1.37235211868002,0.781287455036183,-1.06661839550624,-1.3165992777898,-1.6981926789262,-1.84902701737225,-1.19741589625153,-1.61935779227479,-2.17878861907778,-0.136122423580187,1.43039213769337,1.59671417546859,1.13112076911777,0.420448039863487,0.100927631597455,0.592466631680636,1.05182706409299,0.559412169614776,-0.183739158778984,-0.974119333694787,-0.904550904987491,1.25768715728547,1.33197255794603,-0.51098223470552,-0.625544460560687,1.03267706571365,1.43071460538971,1.06007575807975,0.827323136108711,1.85565604781969,1.51909107673225,0.954874610790107,0.127104514882386,1.04989147690676,1.17205418101652,0.868763165510101,1.22264644019859,0.832775647076766,0.297931179453143,0.810834831527138,-0.0766521117019457,0.308400298531396,-0.0930960777948369,-0.0011307481562972,-0.00677098974254807,0.432818884753604,0.469399771929606,-1.32258917366359,-1.10120044432118,0.0876181813539895,-0.681939289603991,-0.948949147531817,-0.784724570353937,-0.627749790998247,0.228767099087634,-0.810776785899041,0.700967750993534,0.126513713349591,0.953185014292659,-0.980483282444876,0.148119000401084,0.161273133128139,-0.582936002767555,-0.189553374347453,-0.0250268246167364,-0.66441514874664,0.408227257221146,-0.185228752039285,-0.729590235062662,-0.703533067829283,-0.159678766869675,-1.10559634248493,-1.52756617776666,-0.251637538022373,0.760243294027278,-0.118397203384479,-0.381892436667763,-0.241388863305927,-0.734418338736509,-1.41933598053256,-0.988903420016557,0.270425521220667,-1.0168162774443,0.976840277585094,-0.857437825944724,-0.896334258132988,1.76333285787118,-0.00452955000097646,-1.18088519939086,-2.02048191820461,1.76820760190514,1.9829592425256,0.318035952829021,2.60712792396622,0.994012012339488,1.04855181520072,0.36690232955596,-1.37493841443937,1.51579522064792,1.40454536033982
-3.06717240707694,-1.969260009252,-0.931960116990024,0.813164589694959,0.683940655551663,-0.322149591417904,-0.141730776776558,0.476474365700596,1.0665673208536,0.42670934748186,0.900986528805212,0.448108249206381,-1.52528903584018,1.61994503472451,0.419072423204107,0.467239796955127,-0.150529562662503,-1.78845082512607,-1.34014391031635,0.121665592730681,-0.244747973036955,-1.44802988964944,-0.772950327841956,-0.454595999869007,0.0857476766247855,-0.376870690958991,-0.0360835652153667,-0.147032794461722,-0.149661091936275,-0.0115581475788986,-1.19557674472281,-0.489777334708095,-0.0960583163001754,-0.257630479663838,-1.28536040390373,0.451684029375208,-0.354659624017524,-0.755865202733013,-0.228085439056454,0.456435509044503,-0.110061118249713,-0.085057380886746,0.217578555579498,-0.606648446393839,0.0514229861379325,-0.233693234069733,0.416923525807242,-0.230762215135676,0.544083059413425,-0.583822282775293,0.894257219724442,0.274235443952044,-0.569761253283706,0.65629493056131,0.751326893227676,0.682390455930141,-0.90204479706995,0.0758556872330447,0.405515437741638,1.18558342070141,-0.170267364759727,-1.04355461878608,-0.378947977481551,-0.0260246219181199,-0.00969217367565784,-0.302086200058803,0.55721420286834,-0.48359445709711,1.19309131045935,0.591702664045346,-0.362819164821768,-0.00503281010512014,-0.453036367589748,0.0277842089786071,0.24588007954957,0.3570795630165,-0.347398861053836,-0.119234618242964,0.569479764761629,-0.924525474603528,0.211328053990417,-0.23770182843899,0.660138309547868,1.52169699683118,-0.102561080485273,0.457914055949626,0.976557290138133,0.971850390132843,0.29249473863773,-0.0407222776075233,-0.79970472986939,0.558464814017896,-0.439937801361246,0.0533245774261771,-0.244682549095335,0.252125021798358,0.915470010004497,0.73880815940013,0.885261821061321,0.774935195828794,0.769471158690999,0.906523259393056,1.04229879098335,1.04438267641297,1.4316253541795,1.03832460403269,0.910611995425167,1.58713661349152,0.39442476431983,-0.0606788802641443,1.31563913045302,1.21510646364471,0.525279891055464,1.38772968066055,0.610280158251726,0.270549491072941,1.30982067125156,0.590030877250321,0.832857584515137,0.701443216009657,0.751048454992331,-0.0865727285426739,0.379598680252588,-0.674168793203596,-1.50734259795452,-0.949336665544761,0.52137145238657,0.434345897145831,0.504558332908913,0.823282686079928,-0.241439746106547,0.343041730406404,1.12428258694018,-0.0628502719091886,0.0359646048435626,-1.60204896745874,-0.420959203838357,-0.419466009901554,-0.426669548332129,-2.11180471653785,-1.63733100418861,-2.75136499066116,-0.203483931428856,-1.51303314240113,-0.581678239423132,-0.618401376034773,-2.08656353853562,-0.29581581395323,-1.35982958756906,-2.22581766044741,-1.33560134827359,-0.332263658486487,-0.551655919989557,-1.86180771750627,-0.259201887020936,-0.982032379389596,-1.70059670974087,-3.24168837182993,-0.78155603006079,-0.120400965546852,-0.8416200734289,-0.61543382342003,-0.824054762612264,-0.986894412236118,-2.87787424266618,-0.69094519220172,-0.314024109019055,-1.40003012783238,-2.22656408228902,-1.05961637868389,-1.79454605857507,-2.68567657306765,-2.24194139633275,0.578997034473422,0.0289718579851392,0.73889826809401,0.294461484327792,0.175048463727316,0.0360084052839655,0.671800056120078,0.565783602780844,0.181066681123776,-1.83946081390633,0.909668013867346,0.884736438363318,-0.444711575987233,1.36709824971734,0.261432421897644,0.912382264971799,-0.132396984009137,-0.684439963796394,0.0450906609477809,-0.730398256658855,0.44127915062553,0.140444287005193,1.00945508441507,1.83672634473761,1.72561440862067,-0.133567541178638,0.359590377648133,1.40992095545358,1.1137939124951,-1.17444536514102,-0.047171014503872,-0.287022743773788,-1.06303513273822,-0.00336961170725708,1.36819330992439,1.44613849703071,1.41687891957471,2.11454324029387,0.341709672616589,0.417755879381337,0.704366115485992,1.38029735060164,0.74660690083305,0.563746759653336,1.17955525978205,0.00881152961793419,1.17754151541076,0.712976360638296,-0.860683104578927,-1.84481839046966,-1.38713952209382,-0.775605990403047,-0.672068606731027,0.334793808671354,-1.30806723863619,-0.896863474261893,0.132608308397443,-1.46658205482768,-1.25160429708989,-1.47774268205856,-1.59002314898839,-0.233515491575429,-1.0798666632897,-0.93810784089711,0.303198210842236,-0.106634609500151,0.119081624199932,1.31108855983551,1.27397691100406,-1.17592955672453,0.607037048991848,0.877971791983378,-0.499068497527692,0.318029643834519,-0.84272120474727,-0.60521021405738,-0.329474861289131,-0.990161093225304,-0.166165898683918,0.41738068693909,-0.637768228880727,-0.33729357978748,-0.561904606789394,-0.0471038920635861,-0.102713052073487,-0.42378277678909,-0.442431734669074,0.157039410781762,-1.62612311586236,-0.0390716855348065,1.35374204315537
-2.35527175657138,-1.98172908788481,-0.848321655948238,0.402663338922913,-0.138790008348747,0.378931262236888,0.598704097419093,0.665154328362558,0.922584479824802,-0.886240762174972,0.481768318399282,0.242213023266717,0.0107925084185248,-1.55072718717855,-0.291120853249704,-0.369276686566896,-0.610209772561734,-0.149622734317656,-0.281572502539615,0.483352825010621,0.427043057479373,-1.1148877871495,0.207600621863374,-0.293402309622114,0.444444363182688,-0.244450316241372,0.613204126599107,0.00544258267124186,-0.290239545576426,0.982474306377477,0.00938456214507577,0.360888164025715,0.313239628269558,0.213646323859309,-0.244589739289418,-0.0104877506262258,0.142231408513093,0.557745408694062,-0.355702543603736,-0.213918557132657,-0.207049793900712,-0.565123731001765,0.793757655645851,-0.177639033314553,0.138401014695614,-0.203490475789735,-0.585981706589429,-0.321992083134318,-0.207561561398912,0.095190189770018,-1.03152188986804,0.866641832087619,0.0476123982221954,-0.752557669392103,0.426954192099218,0.470154915570737,-0.152787090882303,0.881784010291823,0.0986372630237534,0.337306241519511,0.524445952898185,-0.205763472868577,0.535387510747657,0.523402311941421,0.789869816012668,0.0280046069537456,0.711105380849754,-0.457024236684797,1.72352494274553,0.805124217141188,0.390124565708367,0.133325797483368,0.388008821754098,0.0328835671011304,0.817044055338776,0.425498849824072,-0.305860677276458,-0.763748154627045,0.860724442565669,-0.51332111013122,-0.668784712391915,-0.24575849023991,1.14621304394683,1.26680110687491,-0.192253891730942,0.594190045273661,1.87355839969164,1.00529709734157,0.398683084389197,0.302048917212596,-0.55728568538952,0.163615022297989,0.740340995258808,-1.02002592177639,0.0140421130806144,0.652717761780875,1.14729207392264,0.884264382839613,1.7553569146686,1.00897169831907,0.731006381921269,0.801066414686394,0.571484497204693,1.90196951397147,0.696120217718883,0.680123552653359,0.594709510005035,1.14260595123744,0.230077979141173,0.598590663238653,0.64204834677712,0.563791706302111,1.42542690294215,1.14006875452461,-0.0570865435947697,1.99773195353187,0.370248232355404,0.773376383288074,1.42898451770185,1.45020129564301,0.647574064825394,0.539485675704428,0.341749807891257,-0.0801684360375179,-0.291327841505288,-0.748778946021613,0.345481220998616,0.579413666520674,0.189347052146131,0.545470481304463,-0.585548882421022,-0.088156809028836,-0.0251184283558257,-0.587376265080392,-0.0522136868295801,-0.775774565455013,0.137449154806509,-0.230533051139867,-0.812527723860257,-1.7354796877538,-1.55379396321611,-2.48815403284481,1.163801357076,-0.02563725258828,0.799201780357906,0.892830084132275,-2.41984313362559,1.32781160626374,-1.30026907261615,-0.45515102176641,-0.157065117117,0.723100595552483,-0.294164131810788,-1.1251683814994,1.04248403875255,-0.0892915248520109,-1.66630566382256,-1.55145590600047,0.667038652449239,0.560367582804238,-0.686107723848959,-0.0133606941122418,0.602352720474254,-0.20544223535213,-2.71836181005027,-0.00694764009970501,0.616180360089446,-1.4775198305803,-1.62527438345151,-0.0104743531713676,-1.48614877159148,-1.83451730610616,-0.904463605209387,-0.289006757460829,-0.611433937105159,-0.791286273111002,0.202661770771218,0.632405300945427,-0.38059418410586,0.304841317598587,1.20257295624121,0.345755899468522,-0.610486807199038,0.687205447922453,0.541348101190375,-1.47840497736244,-0.169874927765995,0.913841957914963,0.401706055256312,-0.272517193891822,-1.22112926594836,0.287261445314416,-1.11383318317649,-0.435350058525101,-0.125372843530258,1.08178175617686,1.26710402889773,1.35270393647828,-1.08986652660783,0.71633229927094,1.69614655061681,0.409795312556586,-0.86650809063654,-0.192568660583056,-0.658417242699411,0.126318532915798,-0.903591926281072,-0.294986683112818,-0.231192584550854,0.0356913172447568,0.0192353044378312,0.0610358059047335,-0.176057000394361,1.86822535172578,0.353361268647445,-0.0928814038198151,-0.111257823094251,1.00861633926298,1.26095668552828,1.57909187612557,-0.703150055716084,0.341282054917003,-1.04519446834882,-0.664622441655106,0.12657878124113,0.238928904160416,-0.410077180002974,-0.61015671690302,0.536243754774329,0.222520638104225,0.424556656536792,-1.02388616096555,-0.668413878125824,-1.25827016704371,0.241626711377027,-1.31965191839141,-0.824999923323194,-0.390969700634969,0.590194136729282,0.218595675001778,0.135246279879988,0.521352333830681,0.159928942706883,0.186958996046498,0.852275926383779,0.368818881531784,-0.704569897040745,0.07648940705916,-1.12128544650007,-0.768135059365844,-0.454448009920239,0.427172652932388,-0.0362764981539567,-0.962256704973402,-0.278124660078764,-0.209961178391789,1.0689789230571,0.375127546720944,-1.10765812750326,-0.995185315898547,-1.52945005683752,-1.53634701364299,1.03803816876431,-1.47323257295101
-0.228138308698519,-0.866591648269131,-0.66686989362525,0.680461956556564,-0.109116122514684,-0.317799334206397,-0.580618848514411,-0.623064389217819,1.6506585670704,0.835736172779239,0.744502234865166,0.463392040913684,0.599051890058012,0.771509879446644,0.940419413540032,0.0140522263836753,-0.169354175031021,-0.637478540237255,-0.492509922056345,-0.29239549469307,0.755191409834137,-0.303320268341821,0.0925641697166548,-0.356034366651856,-0.00491232186744808,-0.754647027102585,0.751285749523161,1.06630641840475,-0.301997907844994,1.00327755059122,-0.7977453657386,0.607310810105372,-0.712644953926076,0.539211464804169,-0.921773332111534,0.584653633101139,-0.227261640916165,0.410093302055767,0.0751293128901533,0.0799848687582044,0.294065231535142,0.0794473387759542,-1.35442139002068,-0.186226173201989,0.144083662999968,0.236201972042348,-0.18302694869439,-0.921620326440387,0.803222506983776,-0.00815922877550343,0.670666745558012,-0.509647700849758,0.0445321700090157,-0.133891152492406,-1.28117982617853,-0.486286647144263,-1.20045935398451,-0.276067651827726,0.553900421371636,-0.300734712854182,-0.845394680580282,-0.488853294006297,-0.353576122215389,-0.321170787572878,-0.0800716172173087,-0.288883686002388,0.157529893447149,-0.25070652807026,0.281251076658623,0.280993671255961,-0.382720545113439,-0.19534969206117,-0.996695231505037,0.588144387187417,0.421150871105993,0.15626263403971,0.0682271703382918,-0.130509623265987,0.92144063267493,0.0530003106119299,-0.53062475893026,-0.87729871386017,0.500508409315878,1.3127897701965,-0.397280558289867,1.9323049821845,1.51083335436394,2.23583449496874,2.0015763071964,1.58062304763821,-0.0021313720448982,1.97430165530448,1.36319728888825,1.78060569170562,1.38316949327844,2.28178693453952,1.95787755975904,2.32388537004449,2.54344451424722,0.727519818180047,1.26280137783344,0.853797402570417,1.0761671633304,1.72243036861839,0.32989588811531,0.967242105950683,0.206290836702842,0.922985172416884,0.0515252579210984,0.153061480603422,0.477506215648734,-0.522368775382662,0.0686930026872298,0.938670085558295,-0.23057520634311,0.9586277341816,-0.0247970486374653,0.270845531610284,0.478706244806015,-0.0526992437954404,1.61918732237665,-1.35180296633142,-0.851993013035503,-0.995867189907005,-1.47267123111762,-1.21741038212379,0.701492361730934,0.617404419094047,0.619750432287796,0.534661996264332,-0.452133574910807,0.655262224555579,1.80118921725774,-0.371352363986061,0.41234788527458,0.426004670241542,0.35964684355691,1.19052343554072,-0.808580258846335,-0.147261905149623,-1.29565110603512,-0.138089227809391,1.1286298777863,-0.952696732689544,0.0752085249055028,0.572857610567423,-2.10214774706932,0.13277268948494,-0.89889693717097,-0.579021429323935,-0.0652458755754222,1.10797252872178,-0.431762659181174,-1.84551657327485,1.34211324238597,0.34733606730542,-1.56204062230318,-0.814566496493268,1.13605912060825,1.88352828023413,-0.988060701767242,0.91580583392193,1.29689298574724,-1.36356236235606,-1.11482133387649,1.62008505604615,1.00883191061945,-0.968322904731725,-0.431268421678942,0.307933875652798,-0.549898452462436,-1.4647577585489,-0.176193930026483,0.46244810923717,-0.467688195609266,-0.953358663472181,0.198903424406486,0.28605699419913,-1.10935434296704,-0.917120685168332,-0.135854276799236,-0.395576443647144,0.102344776959912,0.361750733195764,0.475592517595299,-0.398841494781098,0.0847718501655692,-0.443365004467253,-0.416141182097201,-0.306369483909507,-1.82793400643791,0.413822010119927,-0.430651953397968,-0.734268260296228,0.411902867067791,0.418842572410012,0.532993459109646,0.472752774879041,-1.86799093478264,-0.708401222455665,0.357630369235718,0.466880842670387,0.934530359453588,0.394640911789651,-1.30451777502131,-1.02899548334679,-1.28046767409209,-0.265337335988872,-0.0331301332143017,0.121442994493096,0.252278918065388,-0.589514523137318,0.260863213672929,1.39540547936433,-0.601403800624672,0.699586992524587,0.504904707837486,0.592353555219721,0.207590067367948,1.31344560760406,0.0480276797866113,-1.46860295052878,-1.79304082471092,-1.40587085844156,-1.48218485368535,-0.993007331172603,0.0969749100365867,-0.0502590651844199,-1.36010708183051,0.279194980255129,-0.27662032959859,-0.790314101815103,-0.655613212257437,-0.503445206970683,0.0373589896306359,0.0534111164003393,-0.0385521534365017,0.300659962242007,-0.370311848515467,0.546338160190588,-0.260876942933345,0.559204055499575,0.27321648690064,0.0208550924922705,0.442047609853894,0.626508915743833,-0.103584094932644,-0.176801592139927,-0.841083409232744,0.278717144788983,0.831906969473024,0.0907274093839378,-0.359399992235986,-1.44372428142617,-0.780464167993535,-0.361614542341807,-0.0382034459290043,0.395238782977556,-1.40965284762989,-0.782864809159488,-0.987638659445811,-2.1178916871568,1.85601428453521,0.709855499164921
-2.03804770088777,-2.03014126815787,-0.809642945960813,0.226330075531248,-0.533915273242114,1.50869785680477,1.80793949249169,0.6913813632345,0.362197961543072,-2.1489937570992,0.6931923440417,0.0699613428929948,0.305356818377246,-1.40667963623893,-1.19159338368007,-1.26418323903252,-0.727037062633407,-0.760577078946686,-0.899046889662119,-0.712960505190744,-0.423706705603917,-1.17955628179871,-0.694071744160205,0.32165000301368,-0.744705514446556,-1.35087553503018,0.385865302034988,-0.694429633652446,-1.0975544309825,-0.694153831486415,-0.974867923608493,-0.614052076629209,-1.12991681274963,-0.945019253801711,-0.288475957454499,-0.261252121630893,-0.0367291405240153,-0.315224168492771,-1.11850766401886,-0.499511299262166,-1.17552055646036,-0.26609230386442,-0.0173883242695295,-0.291174039668787,0.124046269065306,-0.797134986408684,-0.951229561748286,-1.76321135494042,-0.363804461194944,-0.601400571837865,-1.5551285128024,1.0465323396393,-0.968023025652479,-0.820006622494342,0.492662862398353,0.717698360658401,0.144059609245343,1.1962517136973,-0.921501718452614,0.809224910304292,0.0713162119115792,-0.184118419292911,0.026991007561496,-1.30943565316608,-1.11825255071242,-0.936732908451846,-0.827562467164256,-0.515949097707034,-0.350016352730761,-0.601716026270039,-0.739966802684307,-1.14015850765938,-0.948724232099543,-1.41953301501968,-0.492427656003302,0.0500779979076668,1.63884059228688,-1.25914465109307,-1.61081567601754,-0.246367802513966,-0.976857121974419,-1.09725348991074,1.03920814766911,1.4196066117557,-1.10993625032248,-0.0756982614343953,0.238003934259706,0.453710717367745,-0.149626584592484,1.5249716070283,0.520120573776152,-0.0785462442336316,0.291948265571969,-0.846030711381372,1.05140440107117,0.535594540609346,-0.195759850901022,0.496468155781081,0.465795333100189,-0.0700500426455471,0.789402523943714,-0.564120301014008,0.290261041218199,1.28289377069467,1.17307365723269,0.0874773864602399,0.273236170513788,1.53978735808552,-0.587907874953122,-0.349400092803742,1.4969791546393,-0.536678035148694,0.864223401650538,1.81414402633318,-0.741119987539145,0.615682520127938,1.11178187706223,-0.0788885877332794,0.758486885372862,-0.943160860307791,0.322390850674461,-0.670166943526413,1.0063979181528,1.52973891522989,1.20531869266737,-0.160894355909848,1.31034453365392,-0.212928918012683,-0.0427759196189566,-0.200281807606028,-0.275331761660648,-0.0746986229985012,-0.22500833924644,-0.39048736222064,-0.610466135825701,-0.206510924123933,0.245420002327768,-0.107440869237483,-1.37858190611344,-0.541448064804762,-0.754800903967204,-2.13906448627277,1.71229132289663,-0.413506240464152,-0.449380839910967,0.307729813553475,-0.981930124014712,0.704586649140597,-1.39068543653418,0.549382608104939,0.986270371398792,0.640317846310779,-0.853510591826437,-1.93405420610541,0.740971326735613,-0.846963523409383,-0.956923898518546,-0.424390552097993,0.172449191877678,2.23543339637321,-1.09070030483591,-0.347402824955243,0.261806777052481,-0.585711377987626,-0.323614395806772,0.200915019009794,0.534436605280222,-1.42026561605552,-0.660289228380497,-0.295992815710851,-0.0584974546889331,0.278443542332363,0.0627750754972929,-1.20543438252826,-0.288214471135777,-0.653431783950626,-1.23309024285393,0.491842816911848,-2.8614875138689,-0.508439281693968,0.113480345133265,-0.708746514105477,-0.350595408311775,1.05828082508258,1.33588544284563,-1.21917399372178,-0.829810415628373,-0.399249361474476,0.604102988746156,-0.938233395889624,-1.82910164218141,-0.310204533451791,-1.11158123968868,-1.72598753115951,-0.429250315497999,-0.426853504850982,1.20905305872813,0.380544355151799,-2.55005875316044,-1.668763057371,0.804194465301811,-0.303554726172365,-1.37623698891591,-0.627512298950433,-2.92143264644874,0.00639015631679394,0.414351550150201,0.991731424527177,0.868331477498495,0.986249242778389,0.211804189769298,-0.690536074339524,-1.03207421551622,1.92873427980881,0.102004675227767,-0.707367441306537,-0.87004708424453,1.2401881000925,0.467792494823888,2.39221131036747,-1.01728711927036,-0.346999758174948,-0.696419767332118,-0.276220692556203,-0.113029491424537,-0.0356296587914881,1.05430492506052,-1.40667378630143,-0.032573585717656,0.866720377566436,-0.17195440069899,0.0997704663730596,-1.15155902243246,-1.60909831692681,-0.657939482046701,-0.759904264673872,-0.93839561277781,1.00321776558166,0.852981086904031,-0.324211710762211,0.413185350537641,1.91686145102776,-0.00613578671739254,0.710591512105287,1.28955307043941,0.330019928686878,-1.48093948636225,-1.62062501190706,-1.04021419298199,-0.284131190128606,0.738625553502249,-1.79565304786405,-0.0400727546815493,-0.450108135512868,-1.21950450675277,-1.88045672407365,-0.861468808347064,-1.50935126498801,-1.72875174197053,-1.93881614156991,-1.54585454551607,-1.17841261308981,0.394691251279273,-0.318861208834762
-1.29289111009129,-0.99471189211152,-0.999391066252482,0.345033967923981,-0.711055284854618,0.294434241443267,0.201542349505713,0.304611686964188,0.451639471230478,0.929089351990905,0.379675483692526,-0.30902092391826,0.985835352351355,0.354796253660559,0.499431330227292,0.237558954033891,0.954798193268546,0.647118034783078,0.886501338607112,-0.308115992580716,2.03416882567896,0.380618292538651,0.714517600979772,1.22925841011588,0.398753885940639,-0.312300375953821,1.17074662543307,0.811670365499642,0.0714266579491951,-0.173514743434806,1.2159377868125,1.26040692053436,-0.925858231577891,0.162634867574791,1.09509711709983,0.201487975835085,1.01740454638834,0.70630410528323,1.02446838250135,0.993983745736366,-0.137593122335757,1.0126894230138,-1.13681178319494,0.688726726069226,0.722736722398779,-0.447862300232281,0.280365843110831,-0.809104351062553,1.60016639129971,0.996356074527613,-0.147570316288787,0.494785628229308,1.58252599756589,0.300503200463674,-0.896786130042567,0.627740167078563,-0.995843688237145,0.209989629632738,-0.0332107519052331,0.71104121427982,-0.45803469654992,0.244922108546428,0.169650029828943,0.683588187395009,-0.723774912263352,-0.365956615494211,-0.364043685206708,0.795038433581929,-0.485897671286975,-1.01508486381526,-0.507160487336966,-0.357920040450542,-0.0582875900948645,-0.943154332425275,-0.365880679055675,-0.0762453311926894,-0.0805869224074095,-1.72014212413719,-0.985615662160487,-0.237157514734128,-0.680199736075614,-0.0444996957651659,0.388962625841501,0.865310299175277,-0.0779426074998239,-0.0869308525109939,-0.748679102631702,-1.37406395025293,-1.19913752734681,0.149887595233989,-1.25901550181131,-0.973657311758457,1.04047246333172,0.351133610490992,1.89082224784147,-0.270892070961485,0.444606487169888,1.52583143714057,0.415684004722103,-0.737655129657068,0.58447643266947,-1.25755015488216,-0.164172089295285,-0.207521343994809,0.918431296841223,1.01028244723592,0.522323196271418,0.890968903201515,0.310885672774102,0.40683142148033,1.08581506573854,-0.713186533703913,-0.314697811601817,1.04736831367928,-0.196419897973707,-0.878016018296449,0.507534212278753,0.410892545706828,-1.22211937303851,-1.63174054158385,1.74119682929879,-0.970770410262044,0.300752862190082,-0.961523693363237,0.117902170304653,-0.263979087407712,0.65494109965954,-0.079230516382718,0.18898461221755,0.00832186250626784,-0.300428259993777,0.0649460257692832,-0.0146066877097773,0.164188604482352,-1.18477579874064,1.02953392670431,0.24170596325211,1.87944071567421,-0.969034629708248,-1.10375259055032,-0.981016835977876,-1.55176315360509,0.445081907478202,0.483638049578821,-0.104399605451153,-0.487925364836996,0.01885192773206,0.267564691981391,0.294001775749111,0.0857424300906848,0.0412703365995365,1.05434294317351,-0.653880604592324,-1.47551816516837,1.94393725547335,0.822928277333027,-0.317622683206016,-0.461751073180636,1.20094063444233,1.33953315885712,-0.416698787911752,1.06966208835581,0.629824757973917,-0.775995958311003,-0.379557025427279,1.55163846496393,0.872672308663322,-0.295136288802658,0.37555009698759,-0.566301050330209,0.174749003168794,-0.472774849179229,0.357957088962257,0.384181325264801,-2.04673219333225,-1.47036834905253,-0.506012343276014,1.5019243809284,-2.56772930864715,-0.886943158841631,-1.06168441423929,-1.29769889534915,-1.55497460863355,0.582969546343414,0.393408031085812,-1.69852127867999,-0.895466996308834,-1.49811517350858,0.338480700568851,-0.995021871087641,-1.42680858627757,-1.2268898217437,-0.14660989089384,-1.41790288591407,-1.07783844607173,-0.942147260879629,0.182762585630507,-0.506776650128369,-1.94423456019738,-1.13438772915165,-1.25310231179066,0.279816331715331,0.387338677443315,-0.455874415986231,0.353265499431418,0.537797683449939,-0.522780492059218,0.717439258087941,1.04855369540361,0.760531404548009,1.11011799216511,-0.990541188978795,0.282623805800525,1.72303977388887,-1.26110851126246,0.0473343475136058,-0.701499530978875,1.02430184405374,-0.0667641434814027,1.36095732141305,-0.064852781889574,-1.76760023310295,-0.88809295800386,-1.62588629215963,-1.84836749825718,-1.8046192142707,0.76097990153124,-0.301484835947894,-1.544549624209,0.658344004748552,-0.740347002792942,-0.848322182675376,-0.983170081102128,-0.86330037721298,0.526634573720735,0.46346809850574,0.952703169910278,0.382033148123971,-0.0256862016398303,0.319310687794908,-0.0374822484802064,1.30853095943822,-1.43089912930917,0.228711958665351,0.559431580490266,0.242453503320626,-0.316091219972005,0.000507929665110102,-0.629531979830489,-0.628013369173146,0.248003002550684,-1.05018219211042,-0.177516392679118,-0.471104441430557,-1.27792162740685,-0.593922503612611,-0.536146647297932,0.071051978121792,-0.997093961399467,-1.15130298367801,-0.279790206338626,-1.13069127677771,0.309122712934824,0.826355995856509
-0.752426012272007,-0.628704808487718,-1.70722853461042,0.262209111152949,-0.345758231466322,1.65487966582991,1.64740004773493,0.72781150747682,0.120568653407909,-2.12880076825048,-0.233607752168023,-1.26701482575303,0.316606906353404,-0.428794664004499,0.171573169138685,0.244013890802274,0.701457979535452,0.365187950273821,-0.0719586604559849,-0.870354595755834,-0.375766042951798,0.0980229762137017,-0.528771844441489,0.776935946787045,-0.743371451061368,-0.461688573080024,0.0690805960900503,-0.281186710453938,-0.380069647261239,-0.734439346632553,0.482940053261749,-0.420576501513316,-1.47821439840369,-0.333918448278744,0.209325064571893,0.187162326499015,0.969175372588619,-0.529665848730123,0.473169425682564,0.688784696588077,0.209484310448673,0.478436783621281,0.724531905343955,0.697370557509693,1.21472880047416,0.619177331388069,-0.14596719196884,-0.478081890338384,-0.468338653053411,-0.423985813074077,-0.37680893422648,1.6920122852728,-0.412672417807242,-0.233171944166164,0.781915812389325,1.69346462688499,0.469985833195423,1.66505908368175,0.17155115401563,1.27075534943131,0.262536857251447,0.88470293904164,0.711726302905113,0.38935995349565,0.376376828729291,0.809471617048699,0.412167194486006,-0.362405798292529,0.185080117995994,0.450911406323004,0.57333440530865,0.069622706772742,0.530690279837134,-2.37149389702568,-0.615242665702795,-0.827492879604793,1.04399163974073,-1.73420032962105,-1.09168164167,-0.486335461781573,-0.498203467962393,-0.808843134692816,0.683140060978453,0.929963293973322,-1.11759194127411,-1.30741875485957,-2.21665891754971,-1.09102040976797,-0.853141671920734,0.337751697951928,-0.369239010454911,-0.755284444143874,1.3615218547806,-1.08076095459691,1.39939056829609,-1.81237594122497,-0.510809754276504,0.217217651014581,-0.784205600896043,-1.48051860654008,0.639414473013625,-0.522043177922309,-0.683030859351954,-0.931393159038004,1.8627661592811,1.0348789917505,0.86868073256887,1.46213533397384,-0.185484680522098,0.365365353659788,1.4788915791462,-0.66857139204149,1.78122049813779,0.981262730960887,-0.210723690700429,1.009050654515,0.772688103655357,0.395714309709647,-0.702361937537853,-1.39502371918998,1.0622186530807,0.52599602261829,2.24174568879242,1.51210154047618,1.09870777185005,1.19243385536186,0.581975096759709,-0.695589494050117,-0.941774976619003,-0.706970389370031,-0.19559327151618,0.282747564725123,-1.32737357515787,-1.17226796044159,-1.74172133789729,0.546646715816185,-0.503492850450983,0.0485875804088042,-0.584424163778293,-0.0963568090005462,-0.296338249308075,-0.95061059977603,1.49871309403587,0.583096707663909,0.605008617997573,0.590442298511844,-0.571172077204652,1.45001977220606,-0.12785288727432,0.761085232804299,0.973319338933217,1.14033093693759,-0.291289290515072,-0.648186545612074,1.3074615732472,0.904597535113231,-0.187457457702759,0.623903747438432,1.32044066836119,1.67459734633479,0.24180262756183,0.787416512749772,0.827930183300955,0.516435138442272,-0.230159896312593,0.930611235314214,0.79855930960659,-0.0402716409769691,-0.084064736254384,0.232452674877169,0.29189799943337,0.242679884962685,0.492153791871481,-0.756273352522923,-1.30330325774067,-1.46058485837404,-1.86682070980665,0.170511765409178,-1.50948958165825,-1.41993835437203,-1.69883332838281,-1.50987243993307,-0.831005048406058,0.457945391814438,0.335776948004136,-1.03829195646793,-1.30101650980467,-0.771351384443382,0.283112419347627,-2.29400795286326,-1.94677737535101,-3.03159611817543,-1.59123936652953,-2.48326946921384,-2.21220003531077,-0.956242478185154,0.210547935591184,-0.963720171085302,-2.51835233375524,-0.796272147462469,-0.971110410070563,-0.43772569359089,0.283263428105155,-1.43347816000469,-0.0969888783452472,1.14093291754559,0.979928906078183,1.32360724770794,1.07741534846973,0.869781413390079,0.639108128656955,0.773464705419411,-0.194263067381788,1.63384772607823,0.852096135036943,0.806391736090494,0.740819913647995,1.07233496549495,0.308095275442711,1.36207340425965,-0.977854251793138,-0.872163267033542,-0.672612031835452,-0.669516275845671,-0.683387759805085,-0.425301463724416,0.76418914454176,-0.63989642810855,0.112877422704615,0.551890168067371,-0.49975646819943,-0.136162458200412,-1.41475661338795,-1.94850555738115,0.54116319409131,-0.101444757744601,0.10957575108669,0.995772096154948,0.629962679990597,0.747813998231044,0.616151296826518,1.00085276238089,-0.709975373400141,0.0132662575567175,0.65812350074082,-0.30627904831603,-1.16029128159499,-1.403431804251,-0.906765618403566,-0.480109109061646,0.326263102521265,-0.538993629568414,0.117165534633611,0.407823004437167,-1.02034040199765,-0.553367359234513,0.575990160809953,-0.781290681157335,-2.17458724259159,-1.62113022961626,-0.755778399595747,-0.227546944130984,-0.222162163873175,-0.28036997618024
-0.284158075462235,-0.675572852587651,-0.183320250820157,-0.745784131819081,0.0298597339445159,0.515275955339057,0.170447985371584,-0.838401127575857,0.180619017252215,0.678403548388701,-0.583204085761088,-0.462527778945233,0.597222571734097,2.01829414898345,1.8424761253382,1.69920704518485,2.25843878268514,1.03992569219355,1.39154496796473,0.096132394298327,1.5862236776789,0.45353383128924,1.06208047938767,1.7361000313663,0.658282558718675,0.216112891901212,1.7706416420711,1.90714164028793,1.00423785735959,-0.278394774307856,1.49434585970274,0.959671426863179,-0.556050869708218,0.955555716105436,1.49126009247367,1.20209713754532,1.40690509704004,0.502752530274272,1.80545487153801,1.63403003007888,1.36110081204298,0.954991415017371,-0.228061803975462,1.1100953261139,0.863821650486485,0.67961509240374,0.865292209865063,-0.10916027025232,1.9024234436683,1.75240098429408,1.53550660440305,0.0296854326595114,2.15394168186174,1.07049619320811,-0.238674737659894,0.719564690753652,-0.0225530691627404,-0.498507015438763,0.199742019001547,0.578682939269992,-0.176193911826152,0.900129272866345,1.24111840757129,0.894487355676107,0.734967978064665,1.14381774599991,0.210229370750699,-0.0801418766628957,-0.1620184176618,0.394348665249227,1.17439954790292,-0.0282503859692757,0.98354360406908,-0.77838512295451,0.493617098810562,1.18390383064842,-0.364696298455362,0.409217677565452,-1.87037769572186,-0.178532589299976,-0.484898667382498,0.237708730607477,-1.0694999220792,-0.517580187174036,1.1071389303328,-1.21871174215201,-1.57588263485322,0.0331140918845543,-0.0863801762138125,-0.304522709851799,-0.267608859886787,-0.673065535927004,1.86973950620191,0.833423726251755,0.471450316930652,-0.780534659420314,0.867444625383935,1.09335039294622,0.0205826226797943,-1.67481191851347,0.537427741575131,0.611758056421173,0.0485939558162063,-0.0855475969920799,0.581748412247966,1.21792084033219,1.2767864603553,0.74896585993236,1.45113751392984,1.85970497053018,0.479257430467504,0.721826858261049,0.791153974891056,-0.513610026407093,0.00534583512146012,-0.426026691461308,-0.901208321597348,-0.491253956382174,-1.26541771870986,-1.84499634946723,2.81675627188664,0.624678936434292,0.751483156159951,0.190495645805158,0.597794844899882,0.0227773728269031,-0.790245149193732,0.199098792977683,-0.344638116934182,-0.914175247265996,-1.94667449226339,1.5557936931257,-0.0262208156134321,-0.331037307859294,-0.541146816491665,1.24657309208562,-1.4270558517478,1.09089626259648,-0.0780861120951078,-0.328739066186327,-0.595468502062378,-0.0681535013680828,0.945883535265602,-0.299692854955786,0.518969824059302,0.260248934094067,-0.85895701439069,0.473353583869493,-0.536329283967998,0.317719630632529,0.183007683973123,0.604994802318008,-0.17189301287848,-0.730754870365633,1.46778523278606,0.986966365466668,-0.239685169224214,0.0295312044564724,1.8445478319479,0.562693766579459,-0.376087023277947,0.900916045875748,1.3473172565171,-0.451490571882589,-0.62376079206184,1.13082316530717,1.46743469411265,-0.181152631566432,-0.760787953686299,0.428954166093232,-0.995810983865505,-0.519469939002652,-0.80188538631155,-0.576222507690727,-0.633933306876765,-1.65161258666099,-0.644141976295658,1.10019736670462,-1.29148460687506,-1.15568691783765,-0.451381385138704,-0.572398580423713,-1.35093161347034,-0.600239680140659,-0.73479629790523,-0.429188292378521,-0.968411981768317,-1.34689227089738,-0.0370877681935808,-0.497372860404412,-1.61509083624276,-1.39225933454923,0.110885628381495,-1.7895159780083,-1.00701443272112,-0.755422107341476,-0.384960987481615,-1.22583987833728,-1.16389204140399,-0.189619357656964,-1.37603458406842,0.313123577976104,1.73771999274699,-0.503179663487812,0.850790186424246,1.93130929918332,-0.0914392633749189,-0.075678422609372,0.475205193305774,0.55617931450485,0.835275351877229,0.668639846301486,0.434940202636944,0.868520374760495,0.222751807575563,0.410798289231603,0.702111496346661,0.43399471219916,1.29137965229056,-0.299395947587616,1.15316537759466,-0.559940225184441,-0.0538807850503888,-1.27749633267365,-0.652934943781837,-0.440988692295634,0.344756264464599,0.987987177462693,-0.863191882921241,0.0332927506618989,-0.388653897041025,-1.07178863939498,0.382214308222591,0.0537710574119783,0.227449020742705,-0.357182419694641,0.865744622156984,0.341202745324279,-0.0389170188077151,0.853342775375751,-0.22852569924298,-0.892951912804663,-0.890013876442275,-0.757674235871845,-0.526672397236076,0.117505123182371,-0.215524485825588,0.680014361244967,-0.382449303122015,-0.363311617901638,-0.777192906237531,-1.13718380213581,-1.01959903011456,-0.921743768112549,-0.293962801264357,-0.649374401188168,-0.346864578964716,-0.267953476527819,-1.51912917434953,-1.5607565274881,-0.209287797702397,-0.686701230660865,-0.685403676983444,1.34772357266065
-0.790821192516292,-1.01423558831568,-1.27292374764474,0.47309377049803,-0.619419569215427,0.579168023594035,0.979642929702642,1.21554860516919,0.330792808425848,-0.280104854863164,0.967731660560118,-1.25096015770002,-0.474806770181177,0.0339274385670328,1.06667726394658,1.19721822426938,1.24273043946473,-0.193304210790196,-0.102347092110189,-0.0104377238659633,-0.162168826956904,-0.409552151599517,-0.703250861376406,0.728013900877506,-0.930327528036003,0.0198043632249449,0.250954858103945,0.0580530513492365,0.616921252550944,-1.43937422073076,0.468411117825769,-0.960985949147842,-1.04264648614954,0.087672868207627,0.348679483311215,0.484730204367144,0.628642349777564,-1.17450680330636,1.03678856466997,1.11968938505059,0.694849209916705,0.940167827098918,1.34583015518718,1.17130268827,1.53530704792194,1.28197564302801,0.130366996016269,-0.2387475689919,-0.297127284000973,0.175181149485147,1.16265552586475,1.79236234420469,-0.00735937186619486,-0.201618295579926,0.96583959780806,2.25377729357681,0.275921747827862,1.36209103512202,0.550953099675278,2.09850601812727,0.651392979589922,1.73908499048227,1.25357394238013,1.64956757485651,0.98876019441884,1.47148236365295,1.32401918851062,0.0674071447445643,0.444493301988643,1.68468272399961,1.49021017298339,0.390020036914562,1.13605446325439,-0.521421762678999,0.0505250087901487,-0.0787022289390899,1.35304030170462,-0.362094552820778,-1.89262500174601,-0.0857286389710926,-1.10639200996165,-0.708061123517926,0.751255095038772,1.14609631504379,-0.16363557336136,-1.15207864670221,-1.54671746682181,0.440517156580025,0.420609921512948,1.39672516654688,0.81406215785513,0.185203191335606,2.04984496282495,0.103829023377809,1.96802259907361,-0.674277831178839,0.564218704551431,0.135086379061133,-0.169038291208683,-0.750616267032845,0.49571684181527,-1.20030021726337,-1.82253727145098,-0.329422928349638,2.12373342996587,0.731411165115244,1.32717134810042,1.54292164552107,0.855758851144096,0.801124773580101,2.13932285351067,0.854797225421552,2.15495382844931,0.992580838428567,-0.103474677065669,-0.298061015818792,1.04198225598128,-0.585346435678051,-0.486034373436481,-1.42013365461314,1.13177231758149,1.63134466763922,0.753368445950295,0.863142158481843,0.65972275429725,0.506824609779342,0.264569782256536,-1.07338659094913,-1.44946841415594,-0.257852576558304,-1.34357489744831,0.841859059487676,-0.0842394970194975,-0.16384942796873,-0.624241247216108,0.570003474408195,-1.55441070482636,-0.874369689336357,-0.63752460956256,-0.617405327569402,-1.13591522744373,-0.335396393008982,1.03192066159456,-0.111391879702367,1.35170663957336,0.98323887190477,-1.21757575852056,1.02084325074479,-1.28706432406755,-0.234076640135865,0.205837620752655,1.24374915668148,-0.964712022916462,-1.40428129651234,1.10260109862473,0.713075493884597,-0.42701457322106,0.625206586262154,1.27329405057132,1.36842713657263,-0.274575938428838,-0.0168369250448026,1.66299146408005,0.393281162137222,-0.558212543611316,-0.475611929551648,1.51757784437071,-1.00906260374784,-1.37590080379016,0.949728853766576,-1.22099989305924,-0.897813290276505,-0.937373404462251,-1.1699369678574,0.0988688246045561,-1.52905744502423,0.0572388807565263,-0.54856705892344,-1.19996505234839,-1.5295125623932,-1.37126593526269,-1.0340524159295,-2.09872152237427,0.927270502162389,0.567323550659416,-0.676401762002341,-1.3557444824454,-0.516009298836644,1.25685592076424,-0.419238220778873,-1.88867178413957,-1.22058430452789,-0.868279174317449,-1.60459011143313,-0.680056732720009,0.327119529037713,1.26533671424374,0.0516365450429116,-1.19137072307743,-1.18855980887584,-0.30448859127759,0.362488656549305,0.69279789581242,-0.118870429774867,0.107561574321695,0.13849266271075,1.93923549916965,1.66120696702727,2.28646440625513,2.32384135871227,2.1550728274677,0.503169811866624,-0.0746085618022243,0.789795033249386,1.4486515367164,1.12188044740597,0.787160261227816,1.85121975101971,0.437017491453619,1.00073353445177,0.290737785894611,-0.141330265017856,-1.42741575588028,0.0559766168227201,-0.417879833604266,0.100671781615722,1.48676246097111,-1.51861238378998,-0.00733131812188564,1.11852821701683,-0.87313872977125,-0.2751559845243,-1.21794391803532,-1.38906318253757,1.36553327183101,0.168798032210698,1.68937204751709,1.30804731813849,0.418261899380242,1.29946877149244,1.21564925148363,1.11037749255587,-2.68442516513648,0.518041194605552,0.516106806235694,-1.97984436383479,-0.786335273543666,-1.28217260954538,-0.834227392837727,-0.610410365214081,-2.067547189426,-1.26798541063817,0.0154532086177931,0.375862735721415,-1.08192577858316,-2.12710868208332,0.654484400058466,-2.06531323236339,-1.43741982282551,-2.24075654408791,-1.45975505426187,-0.417016923315215,-2.44269671468227,-0.486481014544399
-0.246048303527152,-0.0785867833759689,0.117014299046811,-0.637652584501178,0.646223437262801,1.64593608557154,1.03033134782722,-0.468243702723262,0.687040843782883,-0.189022511540372,-0.291751620020576,1.22043760989002,0.100911994839105,-0.702665716755722,0.206431585893862,-0.0529295259352419,1.20490641821895,1.06679642697665,0.744304494892817,0.142604678301325,-0.416527948094813,0.689863580411315,-0.208071614091423,0.766186791909103,-0.529390707476509,0.127376633926555,0.112166653479697,0.104597652854703,0.23511138451532,-1.15915399043093,1.04554962694849,-0.24110083410724,-0.554182119487659,0.0338504613699517,0.489058780071508,0.0258290911913259,-0.193898057139558,-0.278788558621528,1.40991823574642,0.975999384775571,0.0533538286728631,0.568906050243857,1.26561208051423,0.905020460776419,1.1580904551099,1.13035944801679,-0.435640612929172,-0.0725594578454343,-0.316101418058917,0.296984178879976,-0.411584464984831,1.2537600632206,0.654151282151033,-0.791178348149607,0.785589321019262,2.01937909615578,1.08792314846421,0.862562967128571,0.146767480922207,1.72521934781037,1.04217325087585,1.77189780553292,1.78616299354508,1.24293995285179,1.56478469311276,1.73552158849844,0.726553758215252,-0.455876514906872,0.501841603980414,1.50984639555431,1.94530074266706,0.762706533717267,0.80936324552427,0.0760839657001746,1.11912670072232,1.36231767220726,1.30567067134193,0.83220651537046,-1.54657978766413,-0.46715285357933,0.961014880314513,1.77921039501177,-0.509707057680412,-0.120755027808563,2.41567501960836,-0.533156016865627,-0.273284074728716,0.084573153764375,0.79825997129468,0.56975722330978,1.2969257652278,0.326390307904553,1.5582166642318,1.42447429848726,0.740293274720437,-0.333848771828476,-0.045121933170167,-0.685519436775874,-0.448076859117867,-1.2829705046533,-0.268884864583159,-1.24298801642344,-1.8496219796103,-1.20990784356021,1.39945594242221,1.18390123046272,2.11358009133632,1.57039872383318,2.53744068938444,3.11365052904052,1.04689280700665,1.42945274862826,2.33082016075826,-0.277825348369783,1.31311442991276,0.559343394254617,-0.0481000019567222,-0.101264749487274,0.176773474293439,-0.999131253493033,0.71269164064328,2.26244930551134,2.07682924445831,0.465335418642837,0.885382233399405,0.746669130775931,-1.18049879447338,1.15778135442496,0.418542950569985,-0.683910870341063,-1.16938166536424,2.54859731749803,-0.342808902456674,0.732059792251499,0.305938154895573,1.57484926305895,-0.465574179583506,-0.727921271778672,0.837488838865687,0.0612074383846901,-0.557550825219913,0.0657276865406804,0.628958452900643,-1.80749770758078,1.21879286736148,0.732057502888127,-1.98291469440836,0.72986287024839,-2.52207242622664,0.0463813283729528,0.083662750552939,0.982289850493414,-0.294734061775266,-1.42026317299977,1.03757775436314,0.173623680642763,-0.477027132749511,-0.261279144626882,1.44543536152401,0.922555275516788,0.0823855211627939,-0.255352127029266,1.4283457746973,-0.664771393048096,-0.630668363724936,0.286309847875594,0.861777670657987,-0.681922666286103,-2.54320803671886,0.918641089728692,-2.37078078914022,-0.741421890050784,-1.32602183933085,-2.60279418952046,0.127101354235045,-0.732252397451404,0.807965750837722,-0.788001067487319,-0.482217020462333,0.0740630368246014,-0.491318368787061,-0.00713113792459521,-1.13794843516817,-0.565775766497352,-0.508384877941907,-0.269024716048998,-0.593393779731076,-0.469373150549387,0.191723916546342,0.523650994325983,-2.00758495264355,0.0339486905297787,-1.34126495368831,-1.07726201555793,0.130539564047249,-0.0434979324273957,0.0148796323710898,-0.434225330128579,-0.480431625875297,0.52512914844313,-0.603498873051272,0.426891612140865,1.16413672755887,0.218344152528216,-0.30390822264174,0.0180920765943262,1.82052655851351,1.0928226496191,1.41425674594429,1.77560853549063,2.34985563508359,0.306986509076,-0.614862958156447,0.210454539478892,0.571009281299527,0.357100004862682,0.206578762071796,0.421406300273963,0.184010233366785,-0.126040747627527,0.074012841455537,1.40278550175285,0.678724760128533,0.724058674874181,1.20817004303344,1.49539826417346,0.553011831356264,1.00812412840066,0.499412533398034,0.461759434097228,0.414512106288246,0.273044681150839,0.448200534711539,-0.258049858729633,0.698577695711679,-0.0161637308904685,1.40927229459079,0.923795032172642,0.683313372851572,1.40080271382672,0.745983568827771,0.27676352371283,-1.75388403127879,-0.768326023330586,-0.162964238009052,-0.176245630253027,1.28583928844369,1.80240646840259,0.652833437968148,0.242302581598555,-1.65269849764053,-1.26455071111439,-0.855050992788839,0.0661752366188595,0.176087487005667,-2.1215044428012,0.533294854319965,-1.73501747775635,-1.61910948748616,-2.08770168093604,-1.79867701097795,-0.112336269068882,-1.96345598139349,-1.06141499269118
-1.59684983321166,-1.72689845581953,-0.183728811110086,-0.629831989466975,-1.62300062271063,0.81272253654988,0.657654951675989,-0.28715646136494,0.417181715017086,0.447533724488203,-0.322855090657381,0.25258276637944,0.35857376152472,0.464901068992304,1.15127577478135,0.479966504527955,1.31371274948305,0.254995557410671,0.102735480382915,1.59921196678099,-0.971443712042723,-0.210178124626718,-0.199852788635998,0.636377337196109,-0.252606084970166,1.44623728916482,-0.0696370190953213,0.407764350092512,1.1020475022024,-0.836025989118301,0.352149964527258,-1.12128778546903,0.167352059994544,1.0996825816141,0.0284141158552347,-0.144177006304499,-0.415899369434313,-0.611705172323676,1.2706996417212,1.0635512776808,0.3571359842698,1.44633977216546,1.20979219994551,1.54806346117527,1.31957624228143,1.5813708500598,0.35288060776892,1.43826073508177,-0.582831036439978,0.221189041532859,0.700368628015366,1.70684298840894,0.296860124526645,0.025682667815324,0.223490450116258,2.42914705604949,-0.294177278082817,0.857536103255066,0.709327668988878,2.54939077373713,0.577463779717363,1.58429365883529,2.31617263128976,2.57030236235011,2.11906697471626,2.46834992752434,1.40773421443826,1.92368263940827,1.29667734406035,1.84187103031861,2.37461543912345,1.85110563505981,1.88660332540634,-0.249126294142422,1.59530803597455,0.0460177016374471,0.182867252547383,0.946420904700678,-0.0923713004327015,0.00864369612307623,0.595188650218456,1.2808226762286,0.56220978295703,0.758002419775424,1.70423565081541,-0.4417477243443,-0.723129138720496,0.460213389276656,0.86387376561801,1.58498987112618,0.944880482618765,0.436189632918551,2.807305592951,0.616227057498634,1.39494389570837,0.308780514240943,1.07778256163478,0.401523782735008,-0.642789440046102,-1.40386285256149,0.260616689890383,-1.36132783979423,-1.18516711062786,-1.21606939575564,1.77089204604003,0.938626654481884,2.09188481022377,0.931614237857767,2.45919779249172,2.79663502164513,1.57298743636047,1.8074638636694,1.33637286842486,0.539378652619379,0.310323052828909,0.373741280880731,1.24174511059337,0.410397790184046,-0.213914752184292,-0.947398534458423,1.90157857617122,0.1498575208186,1.93592942556139,-0.371505963297883,0.613360110762955,1.34281824774992,-0.828224802341198,1.11774694253942,0.0590312762257985,0.951007661379505,-0.293562681537215,2.29844284941531,-0.0563403419466107,-0.337182933109284,-0.59073065997649,0.663306798245776,-1.00215965091954,-0.418317705647413,0.32485569172485,-2.16803325172266,-3.25503664599925,-0.947161910065616,0.178957220359371,-1.12079911252099,1.52832823854382,1.41426192786369,-1.52791150582585,0.960913856993955,-1.57671595884614,-0.79172939916021,-0.0993343118201758,1.82927683564708,-1.56380301016547,-0.474811981404168,1.66757362087294,0.75986797221601,-0.763841535272324,-0.83517344346289,2.03489115173296,0.72715390745799,0.436317871520408,-0.0234314785611794,2.01684515655287,-0.143223428845979,-2.42683236371737,0.188255896641338,1.68105186154684,-0.724714393070992,-1.69790446286558,1.38847873294221,-1.88450813459417,-0.9687577210334,-1.62766971417563,-0.540250138599022,-0.224788886679888,-0.337276975005683,0.725736645668509,0.184121152652162,-0.930812882864268,-1.21558294164529,-1.64020305138207,-1.28764766923208,-3.11042647325369,-0.0255297797856515,0.0610534416118764,0.295199947855065,-0.536229598160634,-0.412514824945579,1.64537927664813,0.68503268930445,-1.21720115936175,-0.470741705985722,-0.445598327242652,-1.3984987103312,-0.647658083431841,-0.186327424895313,1.13905270598098,-0.13671548874896,-0.936983274663996,1.60125236292804,-0.784744258441532,1.43667275849179,0.412313364728867,0.622083586464567,0.919306770859185,-0.346812139630305,2.24346135093637,1.37116873993858,2.23652671734914,2.6437559174282,3.14608107723476,0.116265443524404,0.715355337116937,0.377853379669336,0.0772518037287886,1.13256735076829,-1.06647919187272,1.86450659074514,0.28915774369908,0.832781687873846,-0.221952582976753,-1.00257509320881,-1.1789207769347,-0.502455982997859,-0.633375003886523,-1.71258879992411,-0.137985210849099,-0.0313030818413364,0.829571884739784,0.309355545375207,-0.220207570661958,0.628328977463496,-0.347648764842548,-0.616204560571254,2.00938677401338,1.86355355547537,3.36182426831523,2.13678283185204,1.22284699611078,1.96975818738711,2.0206466329924,1.37128819527776,-2.95720189229505,-0.467625612466834,-0.379848302870673,-3.01820572287606,-0.0375710476674022,0.369211092080524,-0.03969593578755,-0.835387934048458,-2.55885043928324,-0.167339479689379,-1.12432748392223,-0.411585905692473,0.826438626318425,-2.7331456548552,0.477291796559321,-2.30264401009026,-1.14356980962506,-1.76577228475514,-0.415331730052598,0.236442223303106,-1.80457456448235,-0.605991756041931
-0.363951980327726,-1.42680627583201,-0.617574120653867,-0.0467378065734856,0.871479300997074,-1.24753902594972,-1.04166856424928,-0.249616630389099,0.281823891271522,0.310825185717605,-0.487567323987242,-0.808180696733132,-0.240103277061806,-0.0608480723221729,0.172222137500144,-0.062200964051057,0.226068971369596,-1.01074707241652,-0.988779310488615,-0.35388199270531,-2.01584084818015,-1.01431663853465,-1.26694439389508,-2.32997020392166,-1.06798250979622,-0.92386974951882,-1.29313777250961,-0.26529599711055,-0.568580224615466,-1.59528634643209,-0.796595422155158,-1.54063420312575,-0.80477197310762,-0.328652029926028,-0.693248091186443,-2.1596065919693,-1.86271367622696,-1.86374752486908,0.477924654038347,-0.0906092882996037,-1.06462560529758,-0.569618845408933,0.463168512706389,-0.482095084968748,-0.348737237825258,0.651649947217383,-1.13632410576232,-0.0697640688973823,-1.49660254849846,-1.01098318818889,0.975209860855602,-0.803070451872004,-1.11272419153911,-0.904579327872011,-0.237467145501423,-0.793144750029949,-1.33932146905235,-1.81155790789439,1.1581740271388,-0.795487069623674,0.633845144472101,1.42231937460902,0.733382875231931,0.548421943940165,1.0213719943257,1.24508831318884,0.396546959125678,-0.259442626129097,-0.754818311281332,1.14725355778678,0.766508658309024,0.381453967163001,-0.248359473424541,0.91400453999218,0.893242363428747,0.272086031997095,-0.177171255994464,0.859641905399024,0.832634692392084,0.942242711658494,0.0570007595097919,0.281436494854129,-0.0579384568072734,0.532301019779048,-0.273476630786827,-0.189902373938965,-0.726572488845103,1.14187237507845,1.77552945534165,0.257423144629611,0.262667748054122,1.61535279152489,2.00506840629173,0.374353048552071,1.02479359933017,0.423351657777448,0.493616710226349,-1.24147293842523,-2.25476342004922,0.420150791695379,0.384764602521219,0.420471049205445,-0.787637973455991,-1.55707204503911,0.586968104848776,0.252819923506223,0.168377478026687,-0.107912940769134,0.457926575727214,0.690173370102784,0.223618506292675,-0.55418514422201,-0.827906472064419,0.554484240151804,-1.05067322490807,0.93448893454234,0.0276602556398705,1.05088383857181,-1.28539205229899,0.384165362038166,0.122381105649534,0.564036730726515,-0.38694512741336,-1.51648332388621,-1.96388849509052,0.0608947703335157,-0.578081793874344,1.22757658269299,0.365221920714676,1.48996040448792,1.05728093639097,-0.704598918095979,0.0416764949798613,-0.324220761478335,0.587830375225525,1.26806394358852,-1.91327538695734,-2.18970809510043,-0.501041661969343,-0.568146045382828,-1.92613659224592,0.384247101090573,-0.56957859368395,1.01317423673894,2.01971218112768,2.14485674919001,-0.29266966990188,1.61237334347425,-0.351963649082011,-0.859249985940694,0.38638448690622,2.06697995221046,1.05542356347922,0.952002574306919,0.4442468487795,-0.107452086133834,0.679802238086714,0.532209665763991,1.59303265124558,0.485239344239633,1.09783447557185,0.278932528859037,2.2500797659788,2.15463165678686,-0.62571505558235,0.0090050735924822,1.37987265769211,0.446498001910545,-0.197484600870629,1.77938036340348,-0.165545899189864,0.0354205673556179,0.118926676455743,-1.01397466810172,0.13259983682034,-0.788553328723798,-0.103136472586591,-0.484281437808319,0.89650711344218,1.52036229747886,0.345918265467219,-0.615204777064951,0.167803413118023,-0.0369146532977663,-0.207003934348626,0.358524003159088,-1.04257608279312,0.100173755781308,0.13386168646051,-0.203175472980362,-0.710341666426442,-0.771552452332243,-0.550632357339003,-0.516371980894967,-0.780116434019634,0.0674996024443899,-0.245896880367434,-1.58227576881718,-0.341986481805439,-0.932622809923803,-0.545556030832549,-0.397991119919062,0.611686670896442,1.01817491651188,0.169079123704364,0.586966358419722,-0.623326922013366,-0.979846270072135,-0.908082106705135,-0.904435407602247,-0.837976440277459,1.67558738327825,0.517416666342479,-0.1457140294172,1.6575710783954,0.922840682759332,1.69124181874072,1.0411236896097,1.72425687837451,-0.610329670834513,-0.538418220175102,0.253708839100827,-0.198638928310915,1.80251635418978,0.803491160571854,-0.0844834053946718,-0.476098164576909,-0.699828869969194,-0.796713416435485,-0.717544062408194,-1.06715351490804,-0.71032834652906,-0.104484254731389,0.773939674659495,2.78319807219206,1.43345828346515,1.6950128930335,1.16887412529376,0.352337735233658,2.19879594906364,0.301395614718684,-1.1262653589155,-0.467621842351668,-0.384462568293003,-0.551200868797154,-1.81292183283142,0.662908188797953,0.0177329193784979,2.3199067776234,1.30901789403544,-2.12249439365007,0.182306130108551,-0.235060677526045,0.328330807578627,-1.40056569931264,-1.20999538356311,2.24266945089,-1.99445938696067,-0.160465842312452,0.0543716554267867,0.0778919938124138,1.38151179649605,-2.49682710832377,-0.801274553890777
0.614260424450766,-1.27607595750934,-2.03413284422442,0.277232693926087,-1.60199023979936,-0.985144138217273,0.00594058851533882,0.0149261058338878,-1.17608285638739,-1.71855380518019,-0.132897067247903,-2.19267712807216,1.16326622181831,-1.8369576109963,-0.432596899577718,-0.430257768549131,0.0980800547187111,1.78805410605439,1.55153429967258,-0.21970277496442,0.523624838455541,1.50943482410514,0.583343262606718,-2.02401219746811,0.125383476717663,0.0516596255111743,-0.742214414556978,0.132022613100813,0.0179590195911898,0.153558733294607,1.37038655612261,0.729805619691083,0.928218244543854,0.379111248908638,0.366808584401143,-0.661689005482029,-1.73626036544422,0.613633216014263,0.390155080370182,-0.602160045210756,0.530744248718786,-0.359214958559857,0.0160574915049829,-0.46773277243423,-0.362169757473182,0.0243804989120531,-0.597086548770965,-0.546774111489229,-1.02738156910406,0.0721529845114193,0.146364150545562,0.217308264406548,-0.0400117160168499,-0.146813725744936,0.0849556385688511,-0.391447466357555,0.203752369341657,-0.21915509382797,0.268866274831721,-0.466871799615415,-0.0406033106815264,1.58029817340569,-0.989786394698319,-1.21745752852165,-0.89005720158031,-0.780829257905537,-0.89000302136247,-1.54927624873504,-0.956096599496202,-0.843035784776411,-0.538166080317538,-0.237784747150075,-1.13083275508291,0.316576915860435,-1.48544064586033,-2.70190032301014,-1.2630278990928,-0.729564902809218,0.276836756071603,1.29625847257463,-1.4509651028508,-2.52961458531981,0.256903264972579,-0.0103139777530139,-3.25265305407405,-0.72365483036123,0.943491773783936,-0.00587496460825,1.08122310365327,-1.53079982586065,-1.41093703475645,1.81005431177346,-0.708032104796829,-0.189660879472749,-1.51719982675405,0.330710816154934,-0.426206416005997,-1.45085780817232,-1.06850853592688,0.339165214352358,-1.24342366197186,-0.112265020154966,-1.61252039779185,-1.59940912128042,-1.05367189477142,-1.64788192485231,-2.43565238721838,-1.99662312376097,-2.8467756395844,-2.46669985554559,-0.48917554443185,-1.70427338734556,-0.831203795691131,-0.584794442735169,-1.92104570175641,0.0267430791956498,-0.819231103191541,-1.02591465040739,-0.111513045313277,0.666685558102379,-0.918258260841164,-0.81754574895932,0.0782728675407365,-0.507539959467207,-1.86385355431641,-0.241998260623456,0.565450216077143,-1.94094022416536,-0.694617681715084,0.233722027892989,-0.323807528812087,-2.36021308394311,-0.988150118330938,0.0324597834413921,1.08439917527069,1.94385869960814,-1.99994715654854,-1.13507898726964,-2.66638132999412,0.394061011772179,-0.538969981622749,0.558839283196329,-1.89587512054489,0.592144963763958,1.25756227245094,1.32180427421809,0.441741878001073,0.146076162881153,0.71214400850921,-1.11221948042813,-1.16994149298787,0.0865866381801652,2.0831952491587,2.15885190863148,-0.34217201937508,0.268233397984029,0.264724914096367,0.230234308041946,0.611918897857743,-1.30034338325247,0.975687358972893,-0.218047688578054,1.71056163001637,2.35083744321819,-0.346127830189539,-1.97307975109083,0.539430463663263,0.802720310358144,0.296086545891531,1.51297949611204,0.404017461440747,-0.604364039446289,0.630714499957915,-0.928843288455554,-0.662891140377995,0.0775878773935113,-0.877889305425095,0.0426703444273458,2.25915699711916,-0.844976705208832,-1.17791486626254,-2.6736060323835,0.802642302573667,0.870651680991232,0.396850082507466,0.550753477334773,-0.288281376139708,-0.378271199442961,-0.047881765340574,-0.247139702936663,1.23300750004223,0.537461999556298,1.77975525722794,1.14386227084202,-0.126887054207889,-0.0888060912971447,-0.794640000593141,-1.20369205876358,1.43480680834711,-1.20959120320643,-0.935060092539807,-1.50995824644196,0.854049521712034,-0.00921703264753367,0.742160570322071,-0.536405254840494,-0.478128873798991,-0.243709292223287,-0.4739906666254,-1.33285584888486,-1.73074260284999,-0.358688240330105,-0.021031999581813,-1.59683582531191,0.188582632519237,-0.178508270476319,0.145222829878759,0.380309455657501,0.119177733960318,-1.35129699716775,-1.23317012619866,0.653278390076477,0.432516062035228,0.418045043161147,0.716995128215306,0.132224878454259,-0.304162342275711,-0.937055648040685,-0.135176777303288,-0.529552058737295,-0.743360544097987,-0.395082180633439,-0.222097064162382,0.212593372233822,1.35805239182347,0.168192333868194,-0.670479465177667,-1.17618880232569,-0.48473007228634,0.802889139466183,-0.754287488563442,-1.350382840929,0.422294320700571,0.55525263219848,0.20516383678431,-0.492080873709511,-1.40259261422891,-1.3985756972209,-0.426085967394967,-0.593492389002702,1.00861981390147,0.0384042792096596,0.486995268076357,0.583654779616575,0.648734247402642,1.5023781057827,1.66154332806576,1.3407019762847,1.39005746511844,1.35658911883507,1.17638735012644,0.817942954760078,0.528513998390236,-0.916013810935035
1.20105256785177,-0.0638776511225351,-0.492903370184846,1.28237049895607,-0.675496681698944,0.956653299399246,0.89592994656273,0.989620412785781,-0.992275994378999,-0.251311494716153,0.719153512255661,-0.455606549803071,-0.398804428929538,-0.159232449687726,-1.11829259061621,-1.43302426409302,-1.86664238147585,-1.12911724617207,-1.14296068809599,-0.891397613271824,-1.74158144627916,0.421159723063201,-1.67868848654881,-1.82165640521982,-1.14851071336823,-0.445645557739835,-1.582589957525,-1.95583265192765,-1.10686009134464,-0.305032128000486,-2.06234454186749,-1.5275342746342,0.700834532472134,-1.63857148501989,-2.29573084844815,-1.56984421555026,-1.98236091291552,-1.54660799473211,-1.51730243701926,-2.30660520010879,-1.5491613663445,-1.41950674276713,-2.66487906184754,-1.76775569221511,-2.56670002224123,-1.64812119923365,-0.475560744660479,-1.90430011878547,-1.51279015244273,-2.13465069473288,-0.348384037574416,-0.0976517576520412,-2.14134732228683,-0.62915877865054,-1.98749682829814,-1.05371784194001,-1.80658845416773,-1.61948974861052,-1.84393208593178,-0.701554473212078,-2.66948722708327,-1.82837423549483,-3.31319500479099,-3.3874494722033,-3.1623029333453,-3.1434587751067,-3.58899742408777,-2.54094565861938,-2.47387103089761,-3.31952433527359,-3.20298441404428,-2.33968701164775,-3.12343068850216,-0.103331044733304,-1.14427664558225,-1.18131460952964,-2.86734299258961,0.0650783854228439,-1.73389633847575,-0.282914212428154,-0.534751651856999,-1.20964071725834,0.247485917733579,0.220897137965237,-1.01337403569933,-0.645011888794088,0.714031551403308,-1.1239296046539,-0.70217920147786,-2.51665497213352,-2.49255117573558,0.703536655200059,-2.63232596904307,-1.04672046755145,-2.87364990494981,-0.670525171463654,-3.42224426524004,-2.4532063038922,-2.14515915650493,-0.646211053992781,-3.4921489723668,-0.302983011267387,-1.22449300482721,-2.38558803368208,-0.76027077364103,-1.56915352236602,-2.47362102938059,-0.868993764931956,-2.45890107398494,-2.44669569048487,0.103241426655628,-3.06733801600855,-1.74187890361635,-0.0486180427640672,-1.44408276185563,-1.08012550011223,0.0484696380626806,-2.16635834674613,-0.497302497216129,-1.03523606283874,-2.58869987243477,-1.71417364883292,-0.489499884977859,-2.02813141917413,-0.88952835232985,-0.555280447720648,1.5887437066326,-1.11779334800742,-0.408242418403537,-1.42458785384791,-0.709165502961518,-2.15229998338243,-0.31118401087333,-0.0562123551591341,0.427621937419865,0.540939605524091,-1.31873483509954,-1.84311040693195,-1.47266582584528,-0.0959409391377405,0.580070963360247,0.733783361228108,-2.13529495557647,-0.688510683272008,-1.16312929090309,-1.4927097257577,1.44066466505264,-2.28717757823281,0.502697439109112,-1.31380464709032,-2.8935313729136,-2.60362886921348,1.86264896240436,0.507877707554969,-2.06092729748345,-0.975125467811567,0.12158464699133,-0.502955991451982,-1.18301158799883,-3.28575983901378,0.105139638215246,-1.56302853290738,-0.444262215652881,0.486941627282403,0.218460147971288,-2.13544710422869,-1.19232208658426,0.00410818574267558,0.156337254713447,-0.430350176293553,0.738118182626341,-1.0998248057352,-0.0227104928550682,-2.35419852996583,-2.30083422658622,-0.345975385847576,-1.23429498718138,-0.715878226267024,0.745555592809361,-0.175300556483351,-0.311086418074878,-1.82313639973854,0.99515348186156,1.58769269001763,1.87467314554819,-1.61392835727955,-1.65245455032657,-1.59206393091963,0.288103400955378,-1.23632466367165,1.70277638864025,0.643862848295574,-0.376495541637144,1.91145413409526,-0.556416559026907,-3.39520508305187,-0.391293814744021,-0.730167828008331,1.73601324046831,-2.39036150561068,-1.98439480746542,-2.26500368345038,-1.24108694720966,-1.32675150238397,-2.50519883320149,-1.81481627081063,-2.2514432218568,0.203515623545931,-0.386963191549527,-1.00212869012203,-1.28326933830561,-1.32301422851042,-1.00551182774868,-2.68309808074727,-1.71852523114239,-2.28542422179042,-1.1457672402307,0.478287652998806,-1.46282419936733,-1.46042517901957,0.439654208336599,-0.522843914598857,1.39338873295085,-0.168305015680416,-0.341045227879711,-1.06261761255985,0.979643693220976,1.18606642952008,-2.10363936760443,1.43697004726845,-0.334914642687295,-2.00995991985835,1.36097043569945,1.83680371573237,-2.3348597016865,-1.80226604010838,-3.632351457718,-3.80009058298636,-2.91808994640339,-2.51654876729417,0.220398162140365,-0.194352191831745,0.712759629855504,1.63982206238069,1.70476508242294,0.734133711581431,0.606701635734067,1.83153077767561,0.18961669311428,0.327407711756201,1.43666970346682,-0.642268729660918,1.38073679845622,0.539706951014173,-0.160688206340527,2.01499175993969,0.0309128075280277,1.12061298604784,1.52342396659097,1.74574978941652,0.224793780984402,-0.511022025422919,0.764247064763646,-1.08985666512422
0.610606204633859,-0.996318785142005,-1.07210516489311,2.13926914262775,-2.62764873493177,-0.505273999525195,0.00532100050455606,0.012863080478139,-1.97556997065367,-0.788182331161955,-0.936316458562651,-1.31618071772034,-0.369156802455869,-0.920370677544788,-1.73742556896719,-1.59515904027264,-1.22136821315623,0.0778330537257216,0.207287960705559,-0.160934551408779,0.0282299573029085,1.38258059455927,-0.0125994833860168,-1.18171144395983,-0.0228618353194171,0.169650886969936,-1.02082695865242,-1.38624168554172,-0.452857133536753,0.604139639307043,0.412042888196816,0.325470826291021,1.09861595418307,-1.02011780667966,-0.3308386722136,-1.22335080408494,-0.770061807652368,-0.165660012579944,-1.54642361493596,-1.74555144381305,-0.618952995618748,-0.097098086170802,0.379726547828237,-0.470723371861545,-0.891687064339978,-0.528327263363288,-0.505665538139032,-0.506747163885218,-0.470968075564689,-0.408154769473586,-1.27987225957545,0.00160501626160484,-0.50020571857853,-0.234873718516248,0.027838041424077,-0.835863046278176,-0.538965978164121,-0.779755954523427,-0.392341653435053,-0.121889670765139,-0.00697134666783342,-1.94715696313188,-1.97189751493413,-1.28358206157782,-1.71079277922849,-2.42319614671891,-0.951245830214105,-0.655291809389766,-0.653586513369035,-0.876425702502423,-1.32783395957233,-0.0300412049364767,-0.553701072665576,-1.41273688393898,-0.518447883548775,-2.80365354826889,-0.508063668842272,-0.761559963357083,-1.26645945083546,-1.27120719460912,-0.826233732201605,-1.21090652337706,0.625739928153159,-0.0231013379554796,-1.74294142747606,-0.874186819343867,0.424268158248938,-1.66400821863048,-2.00182240262343,-1.62264515154191,-1.46093368383665,-0.846253528706713,-3.33668431498935,-2.71884423058245,-1.80073471385597,-0.570913414329994,-1.27411188359098,-0.887268199005537,-0.625625969501449,-0.940844362985502,-1.60635796575086,-0.407240118101191,0.294650978150959,-0.718213277773711,-1.39217403009604,-2.30173718818344,-1.61236352426262,-1.26906827991753,-1.66116562830744,-1.86107288828532,0.298808887547329,-2.19042186929812,-2.33250913108346,0.45356773756505,-2.18499810672655,-1.70850238298154,-0.296877114877538,-2.32644342877827,-0.885350599247832,-0.371471739991186,-1.80770885319852,-2.18410485925588,-1.11737262509681,-0.0345212082332856,-1.22848067177919,-0.384884320394494,1.52673086439064,-1.59174908053728,-1.53203083704846,-0.916355829723004,-1.28293199130568,-1.44219340560063,-0.799629885462388,-1.40425100342559,-1.65106718051035,-1.85899817488426,-1.45389658380407,-0.450859748520709,-2.14344001533285,-0.706697903864884,0.118602197579128,0.238469922538705,-1.32697768911635,-0.834580594747874,-2.71022590806095,-2.69937743420706,0.352159907325248,-2.24710461363482,-0.22541224851071,-1.19056169230318,-1.1966103739623,-2.52186365586391,-1.03317482976576,1.00560406831097,-1.48354106161059,-1.34757376094972,-0.835453612022749,-0.199180909155267,-2.74326105123426,-1.25945004993939,-1.10860783689696,-2.38309717888078,-2.14080076488024,0.848519859924598,-0.132679121662272,-2.80269613559899,-2.30482027052428,-0.481961811446398,0.640754933707273,-2.02232839690429,0.954025881156153,-0.405092093675035,0.225049698610082,-0.514711277302282,-1.42093906414865,0.657458580742377,-1.14589998005822,0.286632070696106,-0.393060203604343,-1.95276064980339,-2.30804393064366,-1.72986586106411,0.880850285585492,1.47944537632711,1.56148210007539,-0.428683970365872,0.521433167536113,-0.422178298707619,1.31311531305691,-1.14066236489078,0.934854366713042,-0.101353555039772,0.733016077937263,0.633334860160298,-0.675326804038327,-1.75757737918731,0.154742377581225,0.0771841825259378,0.828836495268647,-1.23910434667106,-0.397668908423341,-0.883993529753828,-2.54067327207919,-1.27305696865036,-1.31851470962326,-1.69736531519909,-1.00284177310185,0.316474895271895,0.238274063887147,-0.271421328068583,-0.163300305075494,-1.32569770606518,-0.144150852919365,-1.75080672146328,-0.238500842091088,-0.418173081830624,-0.94553868528745,0.0296343854757456,-2.31620397910466,0.173449397354186,-0.395370716508412,-0.373423552878046,0.59418640640119,0.0668293847499257,-0.463687173614747,0.225511645492961,1.06351834754102,-0.737051260325569,-0.0384997219925364,0.642761012661846,-1.00522098218606,-0.52943729761383,-1.84084873591843,-0.700713127336223,-2.41915871308903,-0.901759983634024,-1.35657234697375,-1.69849826681422,-2.83176057996942,-1.98857626441013,0.0230665613314925,0.298148328854145,0.972482848177879,1.77396537364865,1.32526049234757,-0.446982709893408,-0.606188347866361,-0.731659487016869,-0.592373354822734,-1.21389601637265,2.60246877528775,0.0872480274261956,2.3566097589256,0.0982905430147864,0.213683695896449,1.28050522325794,-1.18606766405238,1.70544629382335,0.957092465856779,-0.042177272394468,0.573081121875827,-1.25594790550663,1.70238189896002,-0.515176474471208
0.685209326317621,-0.507767491939707,0.556440195058567,0.305781454421182,-0.144676985873112,0.513267840917941,0.809828534895185,0.210210741896568,-1.18226365581629,-1.21537508367549,0.0345291885096322,-0.314384371002206,0.318525491491621,-1.38348556251934,-2.01979345836022,-2.05658974707596,-0.582970035926557,0.018865022331199,-0.856650485486997,0.0690800025586888,-1.06844742471543,-0.256138934512491,-1.11795184779313,-0.695833284468232,-0.408288813428102,-0.416360935090619,-0.621519202076651,-1.39590879226913,-0.942132600629033,0.53134024474506,-0.794365868334225,-0.974630116385907,0.788378927470669,-0.85346923302636,-1.25783689759058,-0.385063156573397,-0.31331097878198,-0.791415775178421,-0.371010347165162,-0.718551268626145,-1.0683831626213,-0.374729530306381,-0.916995075714972,-0.30310843092323,-0.790256784160592,-0.160012927416404,-1.78925196557449,-0.76621179497287,-1.02884770048605,-1.42506615402502,-1.91048518209189,0.33727613381234,-1.15244903497675,-2.19057283408242,-0.488135037816771,-0.649803620821276,-0.308276516485429,-0.368378185583472,-1.09711589516806,-0.554647108337154,-0.446234226004173,-1.41693184648299,-1.8357723910457,-1.52191216207713,-1.51603540827693,-1.91491794304759,-1.53859994115882,-1.30954847652981,-0.834538596245729,-1.58773606010561,-1.54453171396349,-0.625190656959053,-1.22874630930224,-1.26369699494025,-0.0494221838450786,-0.692931412415147,-1.70878060634016,1.0403576095893,-1.34363185344022,-1.17181909397418,0.392267707422666,-0.361299041266752,0.0998099547593623,-0.0393106139317775,-0.496901871407338,-1.00934078467661,-0.679556300532822,-1.78666944232777,-1.49247689769457,-1.39752789797432,-0.73250939655532,-0.965397275761856,-1.13306701838616,-1.88662493497441,-1.1431095104125,-1.1181721931397,-1.61328985347964,-1.38894980330577,-0.649521741727259,-0.226991243081458,-1.0499057236473,-0.267654722770689,-0.715739408059018,-1.14400291130915,-0.14418909604402,-0.684785881318659,-0.939250363318111,-0.627639053236937,-1.13913448354561,-1.27654217359915,0.133144967387106,-0.534950809868095,0.234370206154441,-0.109731676488242,-0.34517861699791,-1.1883655990962,-0.104000954306604,-1.69034823749336,0.817235982659506,-0.26003325841825,-1.3655548190631,0.116387450645051,0.155076284006504,-0.0506127083583506,-0.206613501913,0.692488990835314,0.381284039896235,-0.445676351990575,-0.326222292847763,-1.47683717902384,-1.01306591188182,-0.374728142444008,-1.54226329486118,-0.302915587617629,0.648140032809277,-1.15698567158314,-0.724662716010231,-0.701632523759946,-0.967778529046922,-0.0876022531017971,0.03193130343844,0.455052134836961,-0.943261490265776,-0.0921470052152132,-1.22228916596419,-1.00605252258235,1.54971816576879,-0.297548407814362,1.40637977694641,0.38362655590615,0.160509697282316,-0.656165536617957,0.237031085752638,0.481092886157066,-1.22976065874781,-1.24416256676747,0.833341336611375,0.513998989983874,-1.79450481559368,-1.33482205306779,0.191070801337708,-0.756639445354287,-2.32872054692462,0.890941282200743,0.618988882110324,0.253279843996958,-2.0906298015797,0.0493484472352946,1.14335605334441,-1.4039169630537,1.67507837212681,0.742387231272968,0.794677646037719,-0.96857211777689,0.315135321412382,0.862474561344941,-1.16094180879274,0.999615450218262,-0.45418384983142,-0.00331272268058533,0.344147042885361,0.153028299368031,0.632532320888679,0.347530633513696,0.749372317248579,0.743713991845767,1.0447926706564,-0.293503514347748,0.809154070479008,-0.56342984030806,1.33529193957232,-0.245760707149552,0.601204547155529,0.177437002143574,-0.590082548217476,-0.484269692967261,-0.168775674591483,0.0627812305990462,0.842306303585888,-0.137983268138415,0.0360579001575394,-0.180452339694493,-1.60360277367671,-1.58615418210896,-1.81999647807139,0.0752617720588398,0.130984073189945,0.424108948883998,0.215828704266151,-0.0506706839467334,-0.946474828644627,-0.376912462609599,-1.16295885441535,-1.42274403871329,-0.157528429478863,-0.91125728541131,-0.691216826608018,-0.19859581071314,-0.242895888650373,-0.156355373193195,-0.612509008707224,0.260301081470661,0.252287676239247,-0.4856786167286,-0.72093040309956,0.275416698532798,0.589718172847151,0.286828338166704,-0.0560130274031559,0.897162561855673,0.452814509992808,0.272199481526833,0.383075769431098,-0.332757056790757,-2.18537780052416,-0.976286366796609,-1.79280364417944,-1.8448011087842,-1.68358383899191,-2.27490576123603,0.301083366508596,-0.367741492211814,0.954208295964832,0.699455337610389,1.03841843189175,0.441429044021524,1.07945093873019,2.13071300700732,0.538393380064591,0.328675256711613,1.603069417752,0.414049132520781,0.510775555353972,0.186776737001447,0.526393547231144,1.7268286867853,-1.06573446281641,0.74490038934646,1.25906040475237,1.52837470575587,0.325032125383838,0.0343305578763443,1.10319830335752,-0.767727103686019
0.676467832096285,-0.354067091247599,0.878181920335093,0.542989754872229,-1.93886529233587,0.194349163041147,0.102131699811238,0.54317564506246,-0.259857028012171,0.436416193175456,0.799454408097302,-0.650578652790721,-0.604275130574912,0.138144793424119,-0.952333022761732,-0.627558900932743,-0.33468786850832,-0.173100886549771,0.13525184489391,0.638749496959781,0.256744802243294,-0.238933207124946,0.316811054234783,0.43695778261491,0.116327171450313,0.346750124394571,0.083669063152996,-0.199479532226777,0.449964989126628,0.478159880645979,-0.284765239430617,-0.0820235176420752,1.7367578309373,0.130574044110688,-0.0782930064062771,0.0418392274988086,-0.0558726145565557,0.167680459885804,-0.720817612096033,-0.788941692061624,0.0313246148479289,-0.0960094205174286,-1.5708136057425,-0.0982058582501889,-0.369298366381022,-0.123695948732046,-0.0526600653957035,0.0806828191637815,0.0854244607755814,-0.0325412057815788,0.467145095875356,0.344596028398944,0.0792579640516908,0.086882258826822,-1.23086753035077,-0.378585939180224,-1.55953514302073,-0.568359212511209,0.238385674226745,0.204016223759098,-0.220914671114184,-0.537018295825523,-1.9598070221834,-0.334439337787885,-1.63463093113851,-1.89873157960673,-0.359580850170349,-0.124997739735129,-0.535007406046933,-1.65061936948393,-1.46340283831912,0.118748679895987,-0.730518371954888,-0.211600741716755,-1.08166969377664,-1.91509737813882,-1.15969834816321,0.552990026032902,-1.18966088490449,-0.0612221532023321,-1.03134236474046,-1.06794488612096,0.035416245004274,0.224537551271893,-0.850154426385932,-0.433372441490222,0.672408423381298,-1.53001243903874,-1.10972948721388,-1.73271641907587,-2.68968880456712,-1.409781301767,-0.399598762485188,-0.382237630543265,-0.709536862809192,0.495676888631708,-0.835180496986585,-0.721176644012163,-0.299826893735426,1.05276136202813,-1.27324536386534,-0.931401891356574,-0.65569096542695,-0.381569196327232,-0.82383318702992,-1.51236681527162,-2.04739303521824,-1.22111867037139,-1.83085119551403,-0.977552033407853,0.392422672154804,-0.114506479476794,-1.55187009470987,-0.0911565391145231,-1.68653724796213,-2.02481828384882,-0.697837250974875,-1.67666723502244,-0.145690214737654,-0.398947461783114,-0.893458721736631,-1.30297019778662,-0.91640828290592,-1.6857569925569,-0.766692884574306,0.0653494784035181,0.414705757208234,-1.30466048191061,-1.60155199306094,-1.08077089895784,-1.54680201932844,-0.900061199576321,-0.701550452046843,0.184585191582324,0.432834865035571,-0.380526961300513,-0.965258591109809,0.0917071897145507,-1.96600771130165,-1.21638561602959,-0.89842947268769,0.417552709164122,-1.27932337180762,0.011430031065422,-0.791498006556771,-0.497901417821231,0.83836934569084,-1.2562424689746,1.21074334906708,-0.6641308234437,-0.838765483397833,-0.0696576013963571,-0.155363139481517,0.829278544380665,0.588147201091762,0.373155750942825,0.244526545624893,-0.544283035548975,-0.357519555108935,-0.789528634033371,-1.16852045078794,-0.407367255401442,-0.714005972828495,0.289459005135696,-0.528444156467778,-0.297041523615946,-0.506656073631114,-0.136778961320512,1.08907802451632,-1.56892070986392,0.494018317728185,-0.502517002136381,0.542542343600543,0.640358198466288,0.526109642567013,-0.0488045287499977,0.566832244243753,0.963677330011291,0.390003828583115,0.043162097586819,-0.685603553420463,-0.681428935728003,0.224132296385313,0.726782355860685,1.12396603331376,0.817832418521455,0.612599662947961,0.0714479329947724,0.753275553425916,1.02402304762596,1.37059906883262,0.988623020347301,1.48945764669897,1.11548432261694,0.392056344648844,1.04023659056313,0.695053680393874,0.866065682610363,1.44999242202145,0.262134845349276,-0.0851756752739079,0.388547994885734,-0.439654913689977,0.446800973485399,0.213724267058242,-1.02495244791644,-0.497308970007241,0.444179886723396,0.605475452419256,-0.158827009437825,0.0246360808938639,-1.52567332663011,0.393638794962919,-1.7615692183215,-1.70697553471987,0.494199987846473,-0.841748237170744,-0.0452202294955833,-1.36493295135707,0.265660054516173,1.14843219732543,-1.38094137592394,-0.662786225241547,-0.317900792169585,-1.35333777464699,-1.25392665767124,0.592308974273861,-0.753865623552274,-1.36496159464861,0.379568902224505,-1.04765657821458,-1.69069569032563,-0.189806242204677,0.21804899761422,-1.16546834390801,0.667568987558655,0.0351559463474192,-1.77743892532096,-2.06644414286099,-0.823638643907913,0.451963521256374,0.0675244252200343,0.188354474973513,1.17146878369887,0.65514489823715,-0.0735694107430147,0.604750511930241,0.806297415189749,-0.229212384337269,-0.392429389085075,0.778831096192711,0.371604482282209,0.713216167772949,-0.121059391546638,0.789016550641547,1.24932629322469,-0.977621143137367,0.799758716417892,1.73635018471055,1.06595235019168,1.68600113402835,-0.325062771483797,0.848465499999456,0.124307824642794
1.25675613712073,0.296172798371526,-1.11071319486782,-0.0222387179157533,-0.639940363049265,0.117355763580715,0.620809526146941,0.299371355290027,-1.11793403076166,-1.83946600517621,0.108626419199254,-0.318948287937624,-1.21439939855132,-0.897306214688673,-1.95748628262428,-1.18500787743297,-1.52643087989615,-0.724684208723714,-0.664631015455235,-1.00724568512143,-2.18625339769042,-0.636567189283683,-0.599555708729767,-1.99453482291788,-1.48856240896464,-1.18157501950325,-0.978955991665146,-1.82600974940671,-1.5066018643742,-0.532281040570846,-1.19824700119653,-0.847005922444031,-0.0850196404592879,-1.53076458163416,-0.864484912513202,-1.95905596152381,-1.18987403059277,-0.608223327872394,-1.69328835196748,-1.49546049953627,-1.32059031824291,-1.4504906585361,-0.0278859147583227,-1.07235599836978,-1.51872790842199,-0.781729242241144,-1.01055040026162,-0.846674578581796,-2.22779840041992,-1.70295052881841,-1.78659374511369,-0.301114157912906,-1.81865934118989,-0.778166136492398,-0.421890409006752,-0.822999652586152,0.148923112858604,-0.376116662958745,-0.17759688870681,-0.783844172041186,-0.278077438759295,-0.666743159539781,-2.49320938375765,-1.26252412645786,-1.95551546598828,-1.96760344114748,-0.849387170404487,-1.2151118827066,-1.29962709107611,-1.16203480562731,-1.61955532867526,-0.823017117048726,-0.675647026048272,-0.0484820474168646,-2.19185001864898,-1.42027577980317,-1.34886610444704,0.442716284598851,-1.02841697580283,0.117874241109477,-0.991510554113249,-2.08091337688521,-0.775640062964418,-0.487155522143555,-1.87014087549875,-0.503278269715544,0.0351289882660053,-0.558082399807321,-0.749155502069082,-0.3014132808866,-0.886156705753581,-1.22706704484679,-1.16187634404998,-0.98586166258971,-0.617064600335612,-0.130340996309018,-1.17622916280573,-1.77356087447228,-0.74445805252492,0.457022143931671,-0.61045997675023,0.123911862323199,-0.943574105200903,-0.0774804059662631,-0.089573389999122,-1.78638241201699,-1.42593676034335,-1.2327755924844,-1.90621381413538,-1.66116751814125,-0.522220904566529,-0.629147453752856,0.696236633783581,-0.395019287681912,0.712105871623035,-1.22671015338725,-1.28823981278362,-1.44272937112128,1.84929060048227,0.506331651773631,-2.02172147338151,0.586294486987748,-0.314921349925538,-0.0587187870721649,-0.0807428892250322,-0.111367942994415,1.01451166373903,-1.60243722851137,-0.777786260407922,-0.606878675917214,-0.742005807350144,-1.2468418004735,-0.454649670006381,0.157997928593234,0.527694697801826,-0.939770497819152,-1.13329678255428,-1.74133175405438,-1.57034958083143,0.729197709617906,0.9450649726204,1.14534526117857,-0.29810957984301,0.278933226083829,-1.14009686404343,0.0758348454465286,1.16135469471255,-1.36253781483625,0.693172724222729,0.399417010171249,-0.390630661667956,-1.23397528259816,1.10340893279134,0.96031925307141,-0.646931055463395,-1.37786630056964,0.363892442171973,1.77619470002077,-1.75568065805578,-0.883582071510101,-0.385330671008603,-1.68717441177984,-1.26261847996977,1.16906397162098,1.41255208832771,-1.27293295830413,-0.894774434034925,-0.0291174319914832,0.911904473009676,-0.454790519107755,0.86736650998265,0.380597216237734,1.03752790578301,-0.498081453514247,0.571869565447441,-0.186881556122262,0.250422847661746,-1.92531998422639,0.461860175301863,1.08743819460841,0.13237568311555,-0.171997791937557,2.25194877436272,0.755227970648491,1.35585803125522,0.198614515482702,-0.316285630534062,0.845237910127605,0.0345314171478771,0.474837990330253,0.980663493281923,0.868785455981283,-0.772492242165845,1.62394334149029,0.135307722956233,0.304031539383588,-0.308121732006686,-0.268790248910778,1.32609303640642,-0.665789458311166,0.46322984091575,-1.32623430778214,-0.802968953740943,1.11105257193424,-0.895403068961806,-0.780368978993414,-1.01304786146884,-0.495039053223345,-0.57969089719512,-0.595572367219164,-1.17136336251905,0.630500392162095,-0.253177957338757,-0.644027352272094,1.00946683940376,-0.00501435246587763,0.0775513063282773,-0.184676820368913,1.24822075037074,-0.400741476620471,0.247663741651814,0.490123982595272,0.696248396574085,1.46855740496516,1.70170404416216,0.101178191035087,0.256865456288472,-0.0659021796331423,0.708875657020973,0.555388066714601,0.477582794230206,0.960547283561949,0.804906648857451,1.00331402266659,-1.31236352351448,-0.19807016684286,-1.73182627745194,-2.15147733224066,-1.42355082316444,-1.75470305997245,-1.04247735013022,-1.28563562212579,2.32923676051795,1.26944444060526,1.56390293088192,1.8913290854024,0.162114723909964,-0.800724990489019,0.611094110550396,0.569374451247108,0.601191218128037,0.192683951857116,1.40245258125541,0.63344489254144,-0.676963775357777,1.29543196338539,-0.72648649371892,0.0675399598741821,0.848325960260322,0.893240621967317,-0.656106678317082,0.644653923140282,0.17281726539886,-1.40411764937982
0.0972168672215973,0.0463376410136295,0.00993599105555235,0.190125666675571,-1.54723879698114,1.11040796005616,0.645526989570138,0.0513427800850682,0.283292324969295,0.143958465054512,0.574454157653322,-0.970886941562484,-0.808558686642368,-0.000870492565180157,0.111254805315575,-0.180027139135683,-0.205612605967715,-0.018574480843785,-0.0502679651685393,0.479026777378834,0.0494238268997156,-0.301992649183708,0.265114617847705,0.128952520358397,-0.157251995079446,-0.0770757526850025,0.269519371407674,-0.712573980058073,0.269904875653496,0.231527628552731,-0.421887832690248,-0.532034625372604,1.36459262770963,-0.836621302458831,-0.190121684054794,-0.233818150123811,-0.0200012171236037,-0.340256859160726,0.0596187947099496,-0.0785345888560338,-0.773418080356263,0.185988533606462,-1.32659870415831,-0.0499436522206179,-0.710123030231115,-0.435913261899226,0.063053010233106,-0.824733149776927,0.12650967733512,-0.235272721483096,-0.326190150198324,0.404055634077118,0.197007650941645,-0.260585297685935,-1.01523009056815,-0.396882223861239,-0.812591930104087,-0.410617199055327,-1.11091331928943,-0.140311400831641,-1.12807446451929,-1.0523296325508,-2.28156732694595,-1.38465708692492,-2.13519320886835,-2.09350997867413,-1.53362888136531,0.0895262786041362,-1.012727291868,-2.1796674076191,-1.85466072864449,-0.920530085768827,-1.30917772727211,0.354987092176595,-0.31383750867123,-0.783942642619451,-1.07679264890374,0.248099946701205,-0.79022561512265,-0.159822999911513,-0.756678773364973,-1.01460841338498,-0.290192925339569,-0.0128475169466315,-0.285878603491295,0.566028458672539,0.524272335815888,-0.32633029776806,-0.0427761041846402,-0.704599726640851,-1.33618210785674,-0.813825338443151,-0.574459421659223,0.407952484138234,-1.41194477555947,0.858515311955094,0.227303041304386,0.35819505533066,0.378193208459114,0.17772226247093,-0.122675168991382,-0.823240179698317,-1.0972547955219,-0.236773060313151,0.327236295602382,-0.737442016881818,-0.259830548680711,0.194516189181487,-0.661446270548297,-0.62220979493605,0.448247605083213,0.926787031734825,-0.17871612019109,-0.0134489573203806,0.0184159326127326,-1.79486407698824,-0.529050778673288,-0.533738479624782,0.670437469425405,0.45055891691975,0.810744731830753,-0.847941345532197,-0.334353403041434,-1.10142165366635,-0.64802878410376,-0.177469217104562,-0.122002632856207,-1.02191727417225,-0.819700091522284,0.0276380854184062,-0.309177081367916,-0.0353502168459561,0.622296176914878,0.299561894000101,0.487755907678951,-0.0450197354298083,-0.505215098714023,0.632275068539652,-1.28025701857592,-0.390771072071036,0.336944668484957,0.150873241581547,-1.61659315252455,-1.28460513878979,-1.30365387156343,-0.610043333913106,0.0657438845675003,-0.4232226045303,0.656100427394643,-0.763203248669056,-0.237436279064985,-1.39669151687487,-0.908498877342362,0.630919040023696,0.403506553050837,-1.05651836769615,-0.474273934421161,0.1219212098959,-1.19216957619918,-0.899496841314182,-0.724605668775711,-0.84182118985117,-1.16102261528792,0.136226060011933,-0.0231958221132041,0.37350248465949,-0.984642723434155,-0.688862063270279,0.301012836012539,-0.690351354741562,-0.408959845131085,-0.63123728145397,-0.175600797353495,0.332887392076753,0.557453597531743,0.432754742413848,1.98174507615882,0.792895350882977,-0.789775876555517,-0.249141081312561,-0.94007687154031,-0.306970525312019,-0.510279834684955,0.0656029689851887,0.58178403988011,0.745140653414814,-0.191329242932338,-0.445933803694343,0.463732008396782,1.12434555439722,1.32308983960944,0.868955145525251,0.88108037058547,0.764269564037228,1.40975532732417,0.938194910913731,0.357694678297827,0.374580318571251,0.915332486734123,0.182416721854932,-0.0242569910318608,0.27478697105851,-0.517462282314436,1.89835596073718,-1.40305818728101,-0.300837930615619,-0.216999056074166,0.433279117226535,0.547721651566312,0.140536267660957,0.299689308486515,-1.1258031249543,-0.528489355243331,0.135925260085804,-1.01913174858681,-0.886302287864436,-1.32477665458734,0.353452050135263,-0.361888393864324,0.622135376882219,0.992610467069005,-0.150999279795034,0.347045637761029,0.612988849810284,0.535417491225684,0.380146197488958,0.879428592450112,0.597399985165054,-0.148737122276327,0.428338878441329,-0.54907506893524,-0.213588108290262,0.302061874440664,0.0426991265490613,-1.39452620397264,0.060020149400589,-1.59391786118229,-2.14614929284395,-1.46464257883773,-2.22939669526172,-0.0717853467550506,0.210640690758961,0.248698726764688,0.371750404451593,0.252869078686967,-0.0913820781961724,-0.102539614319102,1.0542221689691,-0.0328149431461319,-0.353781449054383,-0.384669611191401,-0.231922657852225,0.480167391393692,-0.771195561047531,0.389657176532639,0.503859457320655,-1.74019069449119,-0.171713051401224,1.52307907594911,0.87191190615569,1.55286397205558,-0.617222623910748,0.453198361864666,0.103751322393549
0.539798498633624,0.124060989656136,0.399378503458213,0.362610041160346,-0.134231835609629,-0.51415346689566,-0.488241196093863,0.217350173945145,-0.129277275603824,-0.26288249748075,1.1106833634997,-0.334894731572931,-0.559495272173758,0.27448874373189,-0.237510786402789,-0.0822713281648611,-0.105282445080903,-0.276875970939119,-0.280257275901032,-0.0177495224181327,-0.539321375912521,-0.514712891531888,0.0613947809961687,-0.23527569647646,0.231990820704214,-0.111546939401086,-0.269753394397319,-0.151819741520388,0.12068434288074,0.269213613380539,-0.483620072697109,-0.243529587864014,0.328548450281893,0.135971997459347,-0.584692402863826,-0.582041474488668,0.227118429375512,-0.916841579465173,-0.0217202973256853,-0.417032866425489,-0.00928640449076152,0.274886910392583,-0.0851002743226199,0.0827301410539768,0.0295104786632277,0.277694334286467,0.0879898350437368,-0.407394959098904,-0.47323765614547,-0.939846298059623,-0.0451559065577108,-0.65860909800253,-0.767719656949902,0.0545763439134277,-0.33926238162134,-0.885997261801418,-0.00942458363626812,-1.11303616167835,0.935410476991932,-0.241236805142955,-0.301177499477775,-0.145568746702235,-2.1305563636987,-0.446062416624704,-1.70404942625763,-1.776838157944,-0.00195597875931653,0.338198292074071,-0.737034062540892,-0.640437020042146,-1.18507625664424,-0.144013153524431,-0.413587868503378,0.387224620330088,-1.27895359589058,-0.153766660895751,-0.451120075993076,0.494661093425096,-0.669715209600822,0.417636730963884,-0.154980005143072,-0.688719530843728,-0.641540609348841,0.221109351454502,-0.429157550245603,-0.0561180419545826,0.540720734548423,0.275739183463602,0.153709104399148,0.116801965830169,-0.605567248142883,-0.366210088449587,1.05030976027304,0.583586446308151,1.0886904024269,0.593880272229671,-0.506338871415563,-1.02482222438067,0.201321956386372,1.18830890004607,0.114154777930591,-0.79448629629357,-1.82338259236218,0.236837289477213,0.219668855457522,-0.414330302976844,-0.966192134642198,-0.884730619929033,-0.611333929809182,-0.573342474138051,0.380224584869413,0.64901233905795,0.713722073259863,0.345355041118762,0.466809890164353,-1.68900117436064,-0.785630041828764,-0.20492299383196,1.07257797969798,0.943378002577383,-0.196576135891355,1.33569702816265,-1.8449166178356,0.220525211337651,-0.683478656655805,-0.0427256130340212,0.200474003384317,0.0152746176736363,-0.051386305383956,0.0752425187344565,-0.512252514982644,-0.625678046524624,-0.0177622351526077,0.830162252055492,0.994184261300665,0.60638430773898,-1.27364338941602,-0.877457798085786,-0.435897504784444,-0.198828088671386,-0.195223806655063,0.436258850425815,0.454279359122463,0.714786946966713,1.07915054274585,1.35711226117375,1.6115419659535,0.829210157149789,1.09033746621911,0.254234968813925,0.788836774853669,1.04140574624919,0.0627286058218994,1.0720716073197,0.228322703758457,-0.376010842365094,0.877363115550707,0.70567422239891,0.286134634738309,0.425029004257164,0.407236931192595,0.442424282916392,0.529900232209308,1.54256430928931,0.0163154413115658,1.15288104044996,0.755010892827813,0.562453022094096,0.150515285034246,1.15881358066965,0.911851832548829,0.501835612525454,0.212724607135901,0.15901101053384,1.13819645038124,0.148074460617592,0.75414566830579,-0.190155006564237,-0.183244078722301,0.853919164537805,1.12075957253845,0.809091384369279,0.77123662544009,0.217752571357968,0.972567503293109,0.158640283035203,0.665242323805992,0.399216471604271,0.373820423755706,0.666893923004313,1.13652317574849,0.795167094132659,0.473112751376827,0.994301663041164,0.721216582966654,0.371466297844155,0.459033963773409,0.234495228350576,0.624214177123046,-0.688307400133143,0.767725134754079,0.256276711777228,0.285160004950344,1.13329142283741,-0.97125948484707,-0.20660067453244,-1.10979670957141,-0.0308021497584094,0.225178554976656,-0.149457912809661,-0.0453921781862703,0.602238404665771,0.65583906466209,0.149375537812892,1.34411416946654,0.849049606251085,0.192997430163489,0.569170437167041,0.993777787835666,0.294959518615969,-0.29508102447943,-0.120350814548776,-0.960148537443615,0.57310339884232,-0.313333165749014,-0.238439355512702,0.614117836644598,-0.43045557258621,-0.211407379752152,0.798893005848541,-0.192736468837447,0.169272214725629,0.623982128251493,-0.00805221021452584,-0.622277226509779,-0.0436328945559395,-0.783691115059267,-1.42965805273525,-1.28832064651944,-1.43558307615378,-0.171563109860765,-0.923906675874063,0.505900624502489,0.486684225020384,0.663669695041181,-0.210366152851528,0.727672093878304,-1.08919639789991,0.986677589490393,1.04688850923474,-0.0768877596054587,1.17961149864412,-0.0051059025770533,0.254780537237037,-0.407732376989368,1.25813664164151,0.360714396407429,0.587626852276559,0.799092867222738,1.74648445310533,0.743227709825573,0.0914694122510208,0.344267254402636,-0.176479927406278
0.768959792355761,0.0398547079272641,0.64893613462444,-0.068425984150485,-0.428401232286787,0.450698913839291,0.272198714744019,-0.284666870254377,0.0207753646924417,-0.133022012567509,0.10799276599507,0.225874226829637,0.175202905960133,-0.868316177701528,-0.776738747491498,-0.354048186702475,-0.248094838683746,-0.110592262580847,0.0656844464269167,0.490218235783941,0.0796995456499474,-0.216662529573012,0.0664625331358728,0.07659183548858,0.222117019581149,-0.173711467680414,0.482554021319013,-0.151247922567881,-0.112755229461988,0.791582877963736,-0.129204792645585,0.00780033648038178,0.87025218893466,-0.088841689666326,-0.0426646365558998,-0.431347938075681,0.313264777362639,0.0883935979222969,0.0978962659480997,0.108707515306515,-0.349028017013561,0.155254472401468,-0.566645027604703,0.41587359170338,-0.127927260420104,-0.024478812379585,0.109335826030186,-0.083676559878359,0.183260963422959,-0.0196829285717959,-0.907385203469843,0.121161026855147,0.311281872172069,-0.153673123287718,-0.0755565926183907,-0.515208784620289,0.556514717960167,-0.346844242784381,0.126969024080263,-0.0734378540919543,-0.340067423239171,0.0136714083118089,-1.05581959799706,-0.550961308368358,-1.05680542851722,-1.27311041948958,-0.454781221729271,-0.0856702896524922,-0.264889792731207,-1.0198597415959,-0.829009954752935,-0.28171494148454,0.0112400381947379,0.0312799209124495,-0.0866770739494856,0.260365482987113,0.0414617280662625,0.12674138662772,-0.279197917514661,0.439901521592604,-0.606309932538886,-0.239433838046347,-0.773558543567451,-0.290799161747262,-0.226476090431552,0.170819917026234,1.60801631233168,-0.150649321377453,-0.304340159632874,0.493058599146771,-0.0491247646360183,-1.6853212183469,0.0560982046607677,1.21632811176951,-0.649504323396203,1.39725158960485,-0.0184524907806596,-0.757134555871535,0.834079726355641,0.773053323854743,0.971457454251837,-0.158313345526518,-1.38214400611068,1.25502985308383,-0.168786509187843,-0.745256321055428,-0.226683408022441,0.47641615235569,-0.132643302518665,0.644741363337639,-0.177793232425211,0.872158957198498,0.832958673886171,-0.650604536682156,0.397016279551402,-0.680599681251809,-1.22987978149763,-0.133520967001763,1.6846133590463,0.850069829222509,-0.395066859120116,0.618164608572294,-0.0708080505651891,0.142004841421056,0.458234223414337,-0.0725146980074997,-0.812067776253485,-0.0673119195426303,-0.464641038633081,-0.382603496457291,-0.272692274523184,0.371533627536925,-1.07984654888214,1.53895860939499,1.27670981460257,1.36540912758965,-0.32876586454973,0.386880199167993,-0.526354179992482,0.0875598378401822,-0.281017023007799,0.657994242972756,0.297725705316152,0.0545868342758215,0.297941515240775,0.583144071540991,0.886259862972372,-0.324333896429213,0.762034477401961,0.680640303499253,0.697622967155408,0.111864213201053,-0.114249763031817,0.602545920402789,0.917947917980362,0.522006472215497,0.0614886226665963,0.470898451927784,0.379462299375912,0.363399982478715,-0.480357590854192,0.287511224272416,0.615548643754494,0.387798552666387,0.065270816558737,1.2178438611119,0.486688140777134,0.212078132382764,0.553403448468748,0.910884455133161,0.234873398084801,0.35693951676798,0.312603415647247,-0.198039226753019,1.41217045850834,1.02873388968091,1.09871763275514,1.11693805950592,-0.00111542091000062,0.439029355699053,0.155058449161777,1.07184241102704,1.03205684916515,-0.610675831247816,0.205983954404507,0.41911197232558,1.56145856773117,0.808141945841228,-0.0640032764065689,0.914785683047439,1.35384143517536,1.57654328197074,0.776883062582536,0.638821552348555,1.61631340292921,0.662194499170749,0.325978686284617,1.01235270976424,0.564394692047645,0.557974076071945,1.36554930816298,0.472330003428938,0.948964547727346,1.13101349920764,-0.357513909234598,1.10979121296604,0.360354281891308,0.194969184534454,0.131343211330436,-0.153559923316561,-0.333097295547203,0.26314070645643,-0.139099303254678,0.00111394195073806,0.0586963766594529,-0.0701677735319334,-0.446512298917628,-0.632004458927688,0.57734270911606,0.0446650536719702,-0.493546461597321,0.762548843833413,0.87220042185869,0.893738524221551,0.656277097779294,1.50109006020861,0.402229556369858,0.551130054793269,0.415983231362386,0.312049600691015,1.06151081855834,1.07871244849685,0.303233277432463,0.328013514049595,-1.13467239408364,-0.55639872883648,-1.60493229605684,-1.08377795712224,-0.0609902481527388,-1.15415746705303,-0.224188433312955,-0.235559683145491,1.01477267856915,0.0897031349462522,0.106476878024521,0.482612052791667,-0.370429069046088,1.47705747203455,0.187632858542261,-0.368956462254668,-0.373683657097928,1.43472131332173,-0.199141770675219,-1.05214172207474,-0.0603264308246515,0.321978110115721,-0.79089844481347,0.0176397051532728,1.26375170222136,1.45927281118816,0.540382770747759,0.0971231151610079,0.528780925860985,-0.260436164482091
1.56885533186315,1.08065745273236,0.753927069562459,0.309432232508735,0.460023026265647,-0.987319629958066,-0.513119555100306,-0.074277058299418,1.37532173490115,0.55853569716531,1.36526182771921,0.885038300880929,-0.762791954540301,0.404449552433738,0.151330907046208,0.339902992009827,-0.922003087963126,-1.53693091050134,-0.843953000551717,0.485312960009807,-0.434760684195706,-0.935881507666008,-0.404155252089312,-0.218014717197104,0.359002098826705,0.497524922191125,0.169843545338564,-0.765844027630323,0.331160397439037,0.0683447133557644,-1.42584490069598,-0.186181088247104,0.796030522769691,-0.881473571559601,-1.04442652268252,0.133588200165233,0.0422325176759053,-0.511633009833098,-0.544474417721212,-0.197861047814641,-0.0270855771159059,-0.253305616652921,0.211805921496696,-0.131571493859796,-0.194246654430665,0.0994544599193749,0.89274414897232,1.13412394953714,-0.129546698133904,-0.684428333855159,0.858690609592453,-0.447220197888951,-0.787505655047881,1.21306805572871,-0.501374694947648,-0.237571635906719,-0.286856180624221,-0.685784454157914,1.44819195538016,0.342515224663113,0.262064583781732,-0.494577976551536,-1.21545143445945,-0.103372451920587,-0.970841179687972,-1.28687762620668,0.609455582059382,0.391059155929823,0.287912812021342,-0.41644736956465,-0.796896843875251,0.358318077024999,0.273255645370575,0.364194740150967,0.20424089556464,0.826459777612912,-0.476142471408429,0.146979165110958,0.48398458955977,0.752328781948989,0.173648985226216,-0.255025854393696,-0.63186143096549,0.441735436955473,-0.261375520325146,0.856264047703621,1.22355281503897,0.00706936998311716,0.17828355276171,-0.000321169235645386,-0.405967894969287,-0.286565689366039,0.667685448221812,0.147573957876562,0.691403365902847,1.35437219322146,1.61944816065306,0.819622884830794,1.17976403370381,0.843437474435614,1.05016953168961,0.926010658529208,0.409618258643444,1.45945401309393,-0.0291146739013949,-0.122832452772429,0.706631793125465,1.18059776291155,0.655313842627115,0.816271956404066,0.305934415502034,1.20586166851599,-0.0220463248667907,0.15182488095367,0.0299577028642586,-0.239928022157675,-0.875071458070021,-0.243414517651229,0.595652705676227,0.741250713879014,0.91358898618822,0.55772166300124,-0.836896529744663,-1.38465141313278,-0.0684117679308115,-1.30162966000262,-0.381692188297408,0.602277472418203,0.188311479214045,0.983529027783153,0.221906737131261,0.0524325315406282,-0.0529204180344051,1.48531899327041,1.09035133027611,-0.0856310246438759,0.0619032581835018,0.276608892034363,0.58470243628341,-0.0178286733597221,-0.00347328132759311,1.41114677052419,-0.215912589101302,0.552785836030686,-0.670738880285609,-1.19859419602033,1.04552818110145,-0.986497543988361,1.00208982691896,-1.17659611217656,-1.12778291150628,-0.46482062406761,0.395879476678369,0.510961111858321,-0.346945502141829,-0.104982279326099,0.884060544944992,0.735583701133936,-0.209340996513111,-0.130225030364167,-0.924894357999844,0.0466714196790733,-0.406383665987499,0.134903368104025,-0.0734488293826802,0.827652003859058,-0.346386527411213,0.12707603012132,1.30307620295577,-0.183726006151914,1.08923889909487,-0.490132052339767,0.381741306010762,1.63129215629739,1.38913011220126,1.57854143206823,1.10821731762775,0.696184566777855,0.6175575379327,1.02334613686301,1.00468531131317,1.19379867824196,0.41835016132631,-0.0549347116880968,0.596335473005029,1.4769888418137,2.25161262008525,1.21999886562986,0.412117911150387,1.61091447023648,1.100118483281,1.93606773223386,0.815827491444578,1.4958081598763,1.23540522184868,0.485004399354447,0.542588130572755,1.04525150839826,1.51126024232893,0.398061035736154,1.77391423603395,1.72729739294187,-0.536538275636021,1.53534134922631,0.559684640215251,0.296245994121871,0.0481347665229536,0.479321444405595,0.63096100743871,0.555595714613793,0.663689860869589,1.22225226625642,1.63838522782021,-0.110636039531891,1.27434786203952,1.67596624831387,0.867509456798664,0.0868111836705689,0.264326888082779,0.544621879626696,0.767843591433277,-0.280413446504565,-0.630956759562148,-0.460941499639925,-0.57657194359468,-1.05997676079775,0.346890591215702,-0.117861295311438,-0.874863850571947,0.0355149164144844,-0.434666384493829,-0.309861236653127,-0.264838471431017,0.265978678020596,0.501070967793853,-0.291869897348192,-0.946877961082564,0.442207799172453,-0.299284801027386,-0.333551320155945,0.779481954699178,0.256852448208963,-0.363123634072895,0.212880251645812,-0.0281748698090774,-0.755599039094793,0.831212881149623,-0.442703211344007,1.22477700402718,0.632764187611433,-0.310056295950577,1.16827530397897,-0.0401900455985379,-0.881096372355736,0.858336576238686,0.614065742351368,-1.18315038035213,0.303861545017374,1.25712673140506,1.49862742950087,1.1605200094844,-0.957408956096202,0.57745649052342,0.831479065554582
0.685599168487429,0.451819852199984,1.05118044487744,0.129945753107491,0.870437639172897,0.731649197601241,0.845057568094826,0.395057794529002,0.30209967228835,-0.177626200150218,0.685838849611554,1.54506272238419,-0.768494608741716,-0.439711620488588,-0.748586722856715,-0.595221463269164,-0.70404892608565,-1.06115443379358,-0.942181485273463,-0.0909474771027315,-1.12528751091542,-1.12875889421197,-0.57016649271838,-0.739754446008163,-0.774336177446199,-0.399821285107415,-0.852105039004979,-0.950558101264482,-0.991727057816118,-0.409530245398553,-0.579220375147663,-0.782591587257392,0.566618790610813,-0.578773588168036,-0.363928034704253,-1.1323696319311,-0.818776712198186,-1.12451313516169,-0.762736305136637,-0.494820816418665,-0.752833004878725,-1.07135745620689,0.410752672853602,-0.932758353993518,-0.851632157392293,-1.01968978170822,-0.486598647740303,0.813243841973145,-1.35583174118798,-0.345749564101878,-0.748494763217425,0.936445470565732,-0.603922073211489,-0.245947795321928,1.19054257320684,1.09161551643681,1.60280768220474,1.59002799087118,0.430220268743806,0.972156991195934,0.0218318977606735,-0.810284153813138,-0.409748167331523,-0.148534679474575,-0.606068421565579,-1.15102697670845,-0.455294740610638,-0.213772278092733,0.0426982449968665,-0.770854144135972,-0.469222489913337,-0.322958478121099,-0.284638708883332,-0.176612515785998,0.733731497298524,1.28501091743842,0.0352197149571943,0.154715550754806,0.813413983655109,0.507555895498736,-0.833045668375267,-0.222964603919743,0.510855507544898,-0.334452166396987,0.698286302228,0.770785312264974,1.10264673223331,-0.379153979430153,-0.597955137662712,0.0558813090172709,-0.147700047478523,-0.193848063555878,-0.86248673525048,-0.558966005823847,0.0285270344580966,-0.406917277493616,-0.248331012012054,0.255511944169178,0.869842650391385,0.36886526142668,0.516915933174413,-0.0973485194273901,0.0235691333600114,1.2721739512524,0.300234725087697,-0.0151580703560439,0.799821449186962,0.55508515255558,0.611631445832356,0.953378860436313,0.436402382684805,0.562026770043256,1.36189267777606,0.151341188030226,0.4351423722804,1.08320746383592,-0.412383830279573,-1.07070365297645,0.637023528513831,0.263657388391915,-0.864136196395699,1.13879468571091,0.377764031520017,0.00342334610392382,0.135476869010336,-0.769038380613541,-0.582940162079256,-0.213160035992239,-0.623263645485711,-0.0980448106101525,-0.87787540052746,0.254943426400193,0.0190947126190298,0.642684932068859,0.688297791901134,-0.36758628254072,1.01557567284737,-0.222670659403574,0.505569131976744,-0.2447074776919,0.413567723196417,0.567400570863119,-1.02596430227219,0.0698324869376823,-0.638726919876456,-1.11550327419126,1.00029396696126,-0.842457206690474,-0.0162857830953027,-1.15823452038304,-0.870997260238311,-0.799995657369274,-0.14904909556706,-0.443950205356709,-1.32349563786144,-1.31585884741536,0.327678142842479,0.0347940408807894,-1.42361876992925,-0.7257056512797,-1.09001773292014,-1.0921227762919,-1.72911713316521,-0.44675300770096,0.0852610826430783,-0.387817338226566,-1.4702283549245,-0.741005954136376,0.882028798621918,-0.811393640112957,0.367193325415759,0.221214549825382,-0.480190329360219,0.0663813068066631,1.34867891243788,1.28751698250612,0.291357002998153,0.280578429664093,0.541289912623786,1.21750007597147,2.10828003922982,1.3882474845352,0.645862399446919,-0.386986199567014,0.0970212979780445,0.881367703336684,1.05126646043471,2.70929253837003,0.795190852437075,0.617673029426443,1.0090914547615,1.07407908182136,0.0981534688181232,0.942793530315523,0.524104624917549,-0.226285595447668,0.447689483980244,1.37590247668985,1.21021993448114,1.38693849479421,0.994102916894283,1.04528758567942,-0.741834584006015,0.194124778711746,-0.760484817609599,1.40372506269436,0.27751836740394,0.789238645721368,0.841675032290828,0.322118898838966,0.873280638550951,1.12156507555642,0.535224283266981,-0.0490014219725424,0.728749397921844,0.255073185724252,0.118848063737342,-0.0180854269461536,1.03725366711152,1.22756984404315,0.32124959774527,0.734633659395788,0.65201623378071,0.67314427898864,0.478629634570169,1.01765589902321,0.771101385991501,0.356783507011093,0.762169474157756,0.840974758729076,1.14322845418957,0.689508747376206,0.0299183552900539,0.296244265469542,-0.587003561010754,-1.35955857728,-1.35127332148187,-0.0512703561300471,0.0759387283263089,-1.06648886835258,0.556468533021629,0.984546370836923,0.0761261667207629,-0.263057338806203,-0.317309708342421,0.553336699058018,-0.223685662501949,-0.998562205328903,0.228393283773932,0.113490448329173,-0.244869880711806,-0.26063063908243,-0.25101836073876,-0.262260742691358,0.546304551637304,0.337013297739791,-1.51946452424017,-0.456313231379148,0.91758190768969,0.536332748688736,-0.109379757594041,-0.565013478916207,-0.240203207361466,-1.07124501275211
0.400836728306295,-0.253126429237441,1.16442702701422,-2.74144144594403,1.07999520401683,-1.86094691327649,-2.32150459731114,-2.6528488616618,-0.448209262224199,1.04319017571925,-1.52667661805691,1.60293481301539,0.153687600989951,3.1686022078753,2.36259663774868,1.57825136644259,1.69078569845796,0.353725202512692,1.96146158018841,1.24109807404319,2.11148858223066,-0.134111289199804,3.40503961757067,0.944290796852542,2.72242533943171,1.66799071379264,2.22221154851426,3.09478038007412,1.19104484702882,1.75119446594878,1.33269903536702,2.60935800273504,1.54190831465067,2.97793314587059,3.41131907477057,1.18641335163065,0.0132974202575716,2.06893325787445,0.997563442518057,1.1367955711408,1.51891320186288,0.342679199608185,1.00300983828999,0.230877484064247,-0.421142157961733,0.025546679577178,1.89853025882944,2.43733592542855,3.61428945531881,4.39167834875395,2.4849302549966,-2.1943126287207,3.83342336172269,2.33308511992604,0.848964295524568,-1.24127074579834,2.28912919014273,-0.683216433642945,1.68806883375936,-0.968179628435652,0.543296645298598,0.51088746504912,0.562274691448407,1.44927190332095,0.267829479271117,0.32319889803624,1.20573624543083,1.24384111758637,0.487126506937744,0.636053378215445,0.83034788185267,1.40027292660042,1.82757513574777,0.177446487178541,1.31543730588653,1.34636116565737,-1.16522179989823,1.06521954557271,1.10633370936633,1.02676037705587,1.15299299996645,0.97177604613583,-2.55940342999363,-2.83217367528004,1.51630221597267,0.800174917114522,0.54011834265321,0.469129805911191,-0.00702073613993582,-0.0897474406152161,-0.920467102251994,0.293789293243139,0.418251093599548,3.14080655934308,0.467587873477868,0.425210280730779,2.63561764655215,3.77817217883135,2.7368549217113,-0.552798084436519,1.86009380182065,2.4023502820191,2.95577151653019,2.82978375026,-2.49501135338155,-1.245982315308,0.0802258408383024,-2.30890124409833,1.4035278753053,1.13939099856978,-2.98860955254858,1.33319040043839,-1.00405218164192,-2.48370226374934,0.67224940433123,-0.12804505878481,-2.50878748053028,-0.688269930434623,1.00520464588792,0.33310905076161,2.18009109110731,0.361952545100906,-1.72787304373079,-0.563296494673164,-1.42806942573154,-3.0959222794575,-2.53908848051014,1.37602340183873,0.441031424627323,1.03502895595658,-0.0476175310372486,1.70308292512391,1.77324366768776,0.0787171299980247,0.761305540837315,0.775104018275002,1.68687196177903,4.71972666945909,1.81985715976096,-0.960505693030883,-0.751389134903835,-0.148572872453303,-0.127615013380513,0.12949418270235,-0.204251710006394,-0.453452170486017,0.878906004273393,-0.674522676727267,0.351485422369114,-1.43402191392375,-1.0582216127519,0.234866735464229,0.610939181071042,-0.471473162665439,0.169286386049479,-0.344681898390519,1.0892502841474,-1.1119663269782,-0.0456474415856053,-0.455527502420181,0.0407882762441091,-0.0277136723153105,-0.698876324482671,-0.974289110544578,-1.68721815234934,1.35604361427023,0.0453565107896799,0.407506200861601,-0.0779372875049917,-0.528090800285097,0.29978608620849,-1.17104206571681,-1.29335405277353,2.28278432777552,1.08323202926288,0.377910586456691,0.997532240765232,3.4409897161968,1.87473503009884,0.498294048195851,1.77274161438915,1.26497866619967,-0.201173857616401,-2.96284507663168,-2.58810748784415,1.32713556077137,0.608780238350667,2.02176858768326,-0.867892522080848,2.37041644365755,1.22351966870483,2.2322383035641,3.18546841283031,1.69084270496522,1.02527983076477,0.48323228271736,-2.14428684863071,-0.891034545242961,1.96913389667269,1.86406463573847,-0.417284465129722,1.48861252510171,2.30287186893818,1.27226879967835,1.9989052417853,2.44183451688808,-0.728629593735063,-1.61730567926302,-1.36419330021827,-1.35288068083603,-0.406373183334456,0.867579449172837,2.3782525250277,0.357045377200039,-0.12854721206092,1.49691783829721,0.521699065487895,-2.18235280614479,2.09276463588222,-0.452163893932871,1.12446077037541,-0.426602679270851,0.444814628893287,-0.0446941877553707,0.591566817678696,-1.08486808375197,-1.69447473290324,1.23587484105267,1.51077871199817,-1.12345441609267,2.59237232532889,1.99271166426487,1.46480025901472,0.918255768238104,0.934064182204679,-0.311778939480744,0.0424132953522204,0.82491005844077,1.06390543624919,0.531450707949565,-2.02129823950332,-1.60644433153591,-0.702933578080191,-2.9985530904336,-2.63292361637801,1.59669149916952,1.20343824975578,0.567287380334077,0.632765305879233,1.30738046910218,0.232984050737986,0.688395075674618,-2.92375045018369,-2.23004545631233,2.91976478282965,1.04368540652795,-0.63370634719502,1.31399918123966,1.42517368937831,0.906324700585044,2.11809201853576,-0.413274495631098,1.35155477078823,2.22839040549832
-1.66668382870489,-1.52050489752062,0.694101885997151,0.262537905688103,1.4899621995685,0.0282711963807365,0.0185316119906847,-0.0781503783023436,1.76139535797342,0.564892740766999,1.0193634391135,0.0442431143866294,-1.29756038999433,-0.0387848666200088,0.902550986317164,1.36045041316389,0.0659762334729014,-1.02978923150403,-0.670904749613578,0.568780865753515,-0.566343866912611,-1.8944592288919,-0.191864340334699,0.526497853343014,0.322089113384587,1.34256424030476,0.0686025327428035,-0.427594280729973,0.335063223820062,-0.051870307295444,-0.577799350159689,-0.748935108555998,0.212071981488124,-0.292132436274734,0.303719971942622,0.419569908181481,-0.14418497132997,-0.178067483632135,-0.014050181194002,0.555191132721987,0.120999587696643,0.619543383168245,1.75496077016549,0.65895468938406,1.18449214453799,0.876865744979584,1.07762902163499,2.45527145090872,-0.0890759669589846,0.507174795448844,0.83639009686447,0.787349248944914,-0.054779427621251,1.61158852384089,2.16533076576687,1.96427533653336,2.30328627091967,2.52641374497141,1.52652193164719,1.35889574876371,2.06310966583055,0.725773527355902,1.32927932798791,2.2917019276961,1.55257709986908,0.810993028078146,2.54444845013444,2.34187071556947,2.26526607609567,1.94451468848817,1.77019892888759,1.98498713799735,2.11416486678353,0.956377059302364,1.06433759929134,1.2235843437273,0.876342318015708,0.535859585685288,1.51346824928741,1.2434252576418,1.16978148606168,0.805523264467978,0.967506991854943,0.715791990869838,0.390102174179467,0.0963350196775684,-0.723794257825691,0.0581175195288078,-0.316355340774,1.45105807431459,1.14071105802124,-0.518644927540592,0.681469896322503,-0.334727111934311,1.58107343435953,0.804486834925199,0.696922321071962,0.675133459798942,-0.352271012605732,-0.667611822587481,1.08382874947305,-0.0739235756475288,0.766299177396027,0.71781964876045,1.14574395927513,0.784293174379562,1.16340890088145,1.05985142416183,0.820185106480458,0.128799086925529,0.333053873349133,0.546258340114161,2.05989768667237,0.0700506763875139,1.12382311388563,1.46835035661688,0.792424257121042,0.997934405715249,1.30475907159103,1.31809378530063,0.0909309042808957,2.05203501349169,-0.181602876152424,1.38822609256738,0.725108605428884,-0.327569241971316,-0.209516614762283,1.23445434914604,0.537951222497999,1.59746168858032,0.954589299001736,1.09906253596106,-0.252656177214178,-1.42654549616008,-0.643911675071923,-0.752981665002994,1.94681508895077,0.661588721458234,2.08622903939069,-1.11295162942736,-0.903102986754692,-2.57964753891419,0.892039058872969,1.44869449331409,0.823670388964287,0.769963349167242,-0.489150191401117,0.317544558406846,-0.284505825628625,-1.06874825099681,-0.532086949969293,1.35020374247294,0.404661706420698,-0.633670458270118,0.0858189671859098,-0.0976670774806226,0.337443307510264,-1.7951515559141,0.259851554105016,1.61892848466361,0.123239760638342,0.0136739135396102,0.0908999095448035,-0.927471453073205,-1.72770761179868,-0.489050425320214,0.328877258036799,0.389989801842347,-1.36192966885589,0.521589072033225,-1.03052784591055,-1.37265976896854,-1.0335543994336,1.12910304291626,0.210980836513555,0.593912511027062,0.708537271178097,0.349240464674156,0.849187586569869,1.02282541380481,1.29509050237557,1.94152765529659,-0.798798776592059,-0.354779053539449,-0.563160587220956,0.0702208135729164,0.082074505667628,2.05784968782484,0.555991203746792,1.11043091570987,-0.541986566910826,0.338010334577162,-0.116374251969216,0.290373156066581,0.118697921567467,0.055748291629267,0.0974823475488221,0.247828445607217,0.163361976322417,1.25145793045636,-0.34405352053777,0.986682394038166,-0.134558011921767,0.938037079696147,1.03964705959441,0.597738312314523,0.894559007750776,1.05068023553623,0.598962756308698,0.386043721677296,0.756406234938191,2.26683590204774,1.75898689583773,0.91912432597465,1.77173181743225,1.28464055377588,1.29792473617577,0.26487766037345,0.153972878262867,1.69409761911951,-0.590922588376161,-0.292482465380529,-0.54604162409473,0.11612577719041,-0.436446401686785,-0.47156061900117,0.457067944139317,-0.20000346660638,1.49474239538898,1.1356605783977,1.59807005624412,0.0759098669877427,0.902398998297099,-0.478117241963253,1.57801079158707,-0.145797212846577,0.674585516664158,2.62129697881349,2.02458590805844,1.58562351155803,0.62999871643879,1.54779409161641,-1.00392595255523,-0.460471692446146,-0.632297736466862,-0.410614281738697,0.610726680284522,-0.573302215632181,0.848899423045736,0.442494927853021,-1.40474535319034,0.863869551446617,-0.255208182123895,0.130488489720259,1.27085190379706,-0.616311514806303,-0.0901005882791485,-0.591476143545483,-0.764431635028338,-0.511720542716505,-0.181497775513923,-0.0227821821949973,-0.904276229568576,-0.145880181148139
-3.40023835342528,-1.62759708445866,-0.476876132575422,1.03321618852052,0.620302970476072,1.40415332369143,0.510214315321505,1.06463128156851,1.58466981517082,0.321147360458425,0.123593697441468,0.147634206504587,-1.18246750604704,-0.907109731194759,0.354642828610879,0.6482284481056,0.114950008039359,-0.341204801722341,-0.758080229222908,0.236875177124549,-0.269251590995349,-1.22812898442053,-0.347367705732273,0.766053891633452,-0.187606881038624,0.430084715536018,-0.0233171609963446,-0.51443032926634,0.140227519530348,0.0136468035660569,-0.208263937202727,-0.574163478741896,-0.223131217177405,-0.169710675053007,-0.242780634301813,0.256110023147341,-0.552784092917576,-0.288907355695759,0.334507114644146,0.600136789172504,-0.0389255661256093,-0.281111044961678,0.554092919540341,-0.342613654138155,-0.0245249062889741,0.275867012411285,0.708334286473614,1.23216065957793,-0.0239696754132391,0.0319241353966213,-0.4277105587591,0.77227347606977,0.0516280493447813,0.502102603568156,0.693923076615361,1.55901665052159,1.63619922274413,1.56103504414354,0.77080937921026,1.53748569443808,1.48580940713228,0.419462298538239,1.2990531549698,0.936888115079383,1.55802177401266,0.516136898312024,1.09277193145244,1.28976336744205,1.08437252216027,0.563420862233221,1.20500123278996,0.94024907873942,1.15310443272664,1.45162412611805,1.69061565188678,1.57126739614855,0.475896418582605,0.0804497327047655,1.41752363811066,0.675129058327644,0.141986728929365,0.923940637874567,0.92242704296434,0.193441376016827,1.27676783549181,0.654952756351142,0.0136327671663164,-0.256410521840645,-0.340387712393764,0.247388056903869,0.432350604877967,-0.254078571548266,0.199458466190682,0.797448512446966,-0.0560639095931069,-0.148622326651707,-0.181594099173345,-0.183209684750693,-0.914529226767797,-1.37282417657521,0.504881943445822,-0.887779813641988,0.359719519167763,0.201932685491414,0.597811597060044,0.818493200847329,2.10953674653017,1.01216174682874,1.90089531548525,2.02713832247059,0.69801175173651,-0.198625996788278,0.687960031385318,0.415454246737295,0.325134927967941,1.84340963419317,0.0607525175805792,0.569882025142853,-0.276213827636022,1.13606525164147,-0.547013344498031,0.594820051381617,1.28609151576647,0.276178407400017,0.485616227374838,-0.130171991617526,0.446192153217327,0.103282157605614,-0.51655224680799,-0.207614399052567,-0.157452929920461,1.32155218771643,-0.292200607123499,-1.72891605092874,-1.64851572255106,-0.504674989418738,0.828670505455292,0.520642340039295,1.18119298713494,-1.89550467862178,-1.0706566305121,-3.68997629859024,0.257082730228568,0.44714839956668,0.245682479832521,-0.0966933682694515,-2.09137160229975,-0.343436514317675,-1.98785915956403,-1.14986638425101,-0.853524814834487,-0.0642928808186621,0.223310218327275,-1.76312368935342,0.67592059863552,0.294117392794247,-0.52346706816716,-3.35720477873222,0.596896344248917,0.543240036021712,-0.305298903161704,0.0397312217326177,-0.145313875940054,-2.16634601848572,-2.58629111301275,-0.344921962885563,-0.00496622578463892,-0.976920465324697,-2.22841771436221,-0.209204741232801,-2.81820282277851,-2.14277139092829,-1.27138759685261,0.605847392899469,-1.56446309245301,-1.53606956226317,0.859419760926501,0.205853065297417,-0.568623910979701,1.00687745989403,0.479326827576531,1.26285159121935,-0.699444951644321,0.0720306360878967,0.0999639818724012,-1.51388504212099,-0.849205194529319,1.79674368101965,0.599483306123294,-0.0125545758513988,-1.61046453524188,-1.01318155543584,-0.849277560496013,-1.32965299203568,-0.235839452502441,-0.679735945567419,0.704728446806356,0.203531859310034,-1.98169399163561,1.12968245599961,-1.01711468155146,-0.585337743259897,0.359093451451767,0.0790931091985392,0.486918101965596,0.365257515835372,0.730726493747907,0.695213603709324,0.356461266211364,0.194822265039057,1.42329465104987,1.27439767988702,0.772865429417555,1.38462062127968,-0.0842550143468192,-0.11686033751696,0.0130331024200701,0.831564571896977,-0.672853930587007,1.73892896868055,-1.67491716666974,0.37087393355743,0.430966025899612,-0.327752475252184,-0.439013789077234,0.673677082491341,1.04746296866696,1.79609982427732,1.09086446863735,1.84894853568574,1.98400409918418,0.56500718696037,2.1275415698993,0.840872104134373,0.556147783009206,-1.08469383658802,-0.576162344146389,0.998821371510883,0.925362747596347,0.731351326434879,0.185893352007017,0.962887771527783,-0.525919250157208,-0.0230673718453232,0.0516172477974695,0.539298248155564,-0.657240684738678,1.33817680930228,-0.58588230045762,-1.14223665493517,-1.63915925506541,0.592917117084813,0.339136173117904,-0.19021335071643,0.166920780410198,-1.54295891042749,-0.371906388317157,-0.868753252571071,-1.87719612917755,-1.48231949155088,-0.600121814882265,-0.859510021700851,-0.626540143759806,-0.252441884313998
-1.31085138118636,-1.17530951387469,-0.459394354584866,0.305972223178148,0.714494586562365,-0.621990707425317,-0.612995880557733,-0.0309275479886145,1.51857938072166,0.487853574450271,0.230230127717482,-0.212452579865418,-1.08701932940673,0.90737610601894,1.76217865436636,1.6469421400683,0.177642282960171,-0.525435245549016,-0.656318575034626,0.0450943612431076,-0.354314324725953,-0.334602759668592,-0.384071123761194,0.567227940492463,-0.136625907135791,0.419302312175474,0.0200316530424354,-0.0981353342624315,0.576358643402861,-0.164822758838663,-0.601403380003607,-0.283584249942318,-1.12778056099581,-0.247731972140002,-0.545185223968756,0.366269086597124,-0.272182712670141,-0.20858939824721,0.0471147037511493,0.5507255074959,0.658413849178049,0.0661778127591295,0.943074220736288,0.340218573466056,0.303333468441376,0.541482701316632,1.29392679462141,1.16598032388453,-0.259631824648859,-0.0454092019418966,1.84544794757235,-1.14459966576772,-0.0429691333771345,1.0158199819544,0.166648525491134,-0.207487439199062,-1.0471649735,-0.566548472328091,1.41433843699555,-0.202391948988781,1.0678150089921,-0.0709463573818603,0.5454299408455,1.67775673025845,1.29937442816288,0.423033932824884,2.16004196686143,1.11967721115966,1.34677325728669,1.46011035641635,1.31597520736099,1.03709907528912,0.92049989014464,0.87839109406375,0.0321891070621747,0.683439321867445,1.52588609385126,0.427371963343446,1.05082763424949,0.567724838314806,-0.218675702261416,-0.528697767683573,-0.271467711537847,-0.216982186284144,-0.328373341305149,0.253346225087186,-1.47568588650721,0.00770134141861235,0.289219653813843,0.132145210555655,1.07788021053635,-0.0300901163394073,0.561585829631666,-0.144477665254319,1.26835188032245,0.660123005026707,0.79464465471884,0.467185611183248,-0.237101907680168,-0.66405671046821,0.499975551066492,0.0509665394850012,0.0638154640238758,0.127817278689386,0.425095095202743,0.645235250817125,1.26431407392242,0.39274710909074,0.831328212750228,0.491220995201654,0.413513389754731,-0.423001423598263,-0.230661484405892,0.360987467076081,-0.288866556476187,0.249507281975335,-0.528456351454519,0.197359521198244,-0.435408188187536,0.052904608379625,0.86837286403571,0.507702158348863,-0.836925845520922,-0.494470651058554,-0.531761094624708,-0.396328827015287,0.158397099597445,-0.385781467164519,0.363325363708359,0.609099540310632,-0.552681861211627,0.410571042646475,-0.212855448552679,-1.04324234871767,-0.883653096921897,-0.912668227064514,-0.316143021962022,-0.0432947913001184,1.1190460070607,-1.00833100716382,-0.893532398486575,-1.26884622949921,0.434020072185749,0.874361801388628,0.243060263933422,0.380090080928946,-1.06858482319434,0.587259092420672,-0.887105817843582,-0.272181505573904,0.18679437326565,0.279847402353355,0.667257817446425,-0.430027483560639,-0.27671023387448,-0.019328453012748,-0.121308160239027,-1.35727744235388,0.228588347807087,0.394513103293991,0.151087433001881,0.423685204802722,0.430469547945849,-0.484086648383967,-1.50246557486861,-0.499131013011884,0.415309143306041,0.334164309662001,-0.339618394510081,0.349583927098821,-0.50855752264941,-0.763601196938821,0.0215993917981158,0.802010573867057,-0.496212576853931,-1.33872630770249,0.0552448901360351,-0.655510348868154,-1.20303185795778,0.341928825575612,-0.178408260933809,-0.231252439664901,-0.528303633520824,-0.181983652195705,-0.0884005621026141,-0.586860943175196,-0.435019584923835,0.881395158697536,-0.426242540107902,-0.0299475908053677,-1.94313744951379,-1.27423951930948,-0.957499491965609,-1.48310833649758,-0.543552952822656,0.311205378756591,0.102253554438684,-1.26885295825287,-2.03335479370653,-0.670395255519222,-0.685425310896999,-1.11126293187306,0.313823084946721,0.735879750874436,1.15774976740109,-0.0313366923877366,0.0219748130563718,-0.915300343301423,-0.786592646143848,0.0784201836972917,-0.351943148672254,2.03723568763527,0.807140049511921,1.7046278924983,1.37917151086854,0.90218701852963,1.51498991177438,0.579567719784729,-0.164080002578017,1.11862209810242,0.0287548344493367,-0.384502461729574,0.287675501595387,0.170007921690351,-0.0726946496369042,-0.0543141146987155,-0.0289673577117296,1.29706221420746,-0.892577566021167,0.217016906762632,-1.33836409638755,-1.26689782122262,1.58882671469258,1.64665823000429,0.455603957065952,-1.69459846794556,0.231518621538374,0.599876326188433,-0.259688996070215,0.839577470186822,0.383514225186442,-0.259378053407045,-0.78548219834454,0.131506527717934,-0.68606673342414,-0.634456477140354,0.359560624741538,-0.19067381925993,0.158603229646513,0.0921668841632379,-1.28721395578781,0.829244923296371,0.13748414159743,-0.310095824662171,-0.54955593999709,-1.50437978305791,0.540143767633198,-0.815170498008867,-1.60531528382524,-1.34761882453689,-1.32761878962287,-0.779297064905069,-0.89686877458819,-0.0318753650232363
0.008718994340036,0.697791557438379,-0.500815288516975,0.353296934703265,0.614483507394873,0.327722260662292,0.550532712741288,0.436838652212061,0.49217281459258,-0.908154102222793,-0.218593164664918,-0.508933005358366,-0.238147631904411,-0.167414873487451,0.502550896609201,0.683704813631026,-0.0595460805276801,0.345025166890134,-0.312982472945646,-0.16137277005726,-0.879063505358973,-0.0300936977004947,-0.679109418131704,0.539650132533209,-0.297091901680228,-0.298989707195487,0.403339204689762,-0.59303019778763,-0.435952425065111,-0.190774140299239,0.0794238193349063,0.150387302079412,-1.01519945933341,-0.255392388417453,-0.313411216307492,0.0322550510251152,-0.432495553950585,0.00142766203274572,0.0280458127602994,0.0329542410572468,-0.0642593077921033,-0.478302162984704,0.0139579854965143,-0.0366682284859395,-0.119661532625368,0.345398489142613,-0.0726003823425134,0.0898054271171031,-1.4705881440352,0.0855777603330482,0.293916082727276,-0.1355546153187,-0.198756295339224,-0.525422801469487,-0.479742270646467,0.0738354504482493,-0.63544886041937,-0.292605422384064,-0.249200919256161,-0.629185916641707,0.250611002676094,-0.574357613385732,0.143716151839163,0.17290266918233,1.22261733119289,-0.341276420024176,0.450138038431575,-0.239488046374677,0.347803090416817,0.49830848374486,0.461922409857272,0.533623600703032,0.0164347836943195,-0.713246888242996,-0.143897607559051,1.068113741286,0.11432656854364,0.77160176429534,-0.226579860506884,0.0320137870981465,-0.061753254285219,-0.0990024674706123,-0.18521267170528,-0.225166578144731,0.976720229191732,-0.621200603453222,-1.33183967797172,-0.186826881038313,0.191570258107063,0.436536127750264,1.75906246798138,-0.123426332662697,0.364225031987497,-0.342864612705042,0.198374758717557,-0.218438636557858,0.036075810103623,-0.490380145638959,-1.06702201133804,-0.53407576952716,0.165015417776172,-0.469058401890705,-1.15875384255419,-1.10642380172439,1.20399860400528,1.09642933728058,0.902890344996036,0.265007034448745,1.16206583354976,1.23599192868543,0.254433110608258,-0.668656358884402,1.2107059475286,0.292882741892273,0.916451108089355,1.06953633968999,-0.576672305814031,0.386620756447431,-0.320583361399752,-0.922500732231947,-0.101904936373733,0.961742877473005,-0.224026177057606,0.602225127228208,0.922369125575434,0.290403166777321,0.18647840646827,0.0885956749052889,0.519721069392544,-0.000615992101792522,-0.503791280263801,0.314454576998827,-0.316206162806578,-0.535921442531234,-0.436872799274131,0.327202979364846,0.0435328026192176,-1.26554360048765,1.39331249398509,0.602273661449208,0.892028390105065,-0.12057547617992,0.338691234357735,0.265927937322262,0.69800034448726,0.577330037878453,-1.08794221723358,0.68418669862516,-0.797912787302338,1.18288905974557,0.704577371633132,-0.0143613892193367,0.210728969764122,-0.35965488851154,-0.565109105470405,-0.310138845742834,-0.426278559732629,0.219328046242281,-0.141814920955286,-0.213537579263738,0.475871666287388,-0.134517990860314,0.377817567328591,-0.0569205931544302,0.47353035366527,-0.36417010460244,0.187094728486469,0.737038183630766,-0.0542827866079955,0.840774506534608,-0.0492385436178684,1.0551500966032,0.498612812913953,-1.29229843318811,-1.36565232125856,-2.37315023993883,0.130697955596029,-0.932005347139481,-1.08325472363835,1.32130569124397,0.395734345489204,0.284063717112124,0.89522118464866,-0.092116176234194,-0.207539217464534,-1.3989554460872,-1.26022636138751,-0.156243820720927,-0.991696874063916,-0.556972993139936,-1.96020140238508,-1.43272895096411,-1.4022297660334,-1.52011539469661,-0.647171552658054,0.206598479016356,-0.285407045560796,-1.1111101541889,-1.56428573541633,-1.06769239696411,-0.470031803187196,-1.49329606054555,0.108785546395675,0.234747174491124,0.319371790938352,-0.086091344296885,0.446905627298187,-1.06127497757141,-0.906562276721899,-0.600102569465269,-0.368465597709617,0.668327945403017,-0.757622068765658,1.76945977990575,0.308911277674441,-0.520939546345563,0.491111984062456,0.387820551916826,0.139149553751065,0.100718525624599,0.158451990803392,1.21293087509952,1.13065051992532,-0.280956193756885,0.281068020524807,1.17061837201509,-1.19892389337789,1.39640923065611,-0.0311560200124372,-0.160314894151384,-0.351688230942116,-0.633752562335906,0.952134192051322,0.721307656747549,0.00474897317970259,-1.15164181740567,-0.272250458767515,-0.337568537829285,-0.0265732146139346,-0.0260660417646705,-0.201573341135251,-0.609028750211524,0.195115130023601,-0.0417892244832637,0.309109060709168,0.431020088554877,0.242286415141265,-0.332540944897189,-0.702004786749048,0.498391744522897,-0.398858869260334,0.216685856506602,0.11662592973949,0.459085684991221,-0.336676090690838,-0.952616307864651,0.780238952367716,-0.88416817878696,-2.3869079204876,-1.42431022738755,-2.69779721759529,0.305795335507117,-0.487552499018728,-1.82329654246804
0.0685362079484357,0.261624688409819,-0.744562250469588,-0.776646665857941,-0.297162633085506,0.262299148040869,-0.0649467845290045,-0.292305148992303,-0.0431573081751722,0.26292611110821,-0.560777412674203,-1.19985450281593,0.000173899058956359,-0.0915894236749099,1.42153050788373,0.893889995747703,0.237217369382624,0.563129423201172,0.593188172231849,0.75013670844751,0.349498978085844,0.943521602905735,0.449205153278152,1.69325781724523,-0.434842630726328,0.765982163127971,1.41600936350677,-0.044103507981612,1.21053593884568,0.11999178398669,0.548352396188269,0.448985702406846,0.14770633803605,-0.100287036542797,0.174343595352606,1.33701327700991,0.724303948489824,0.609289338621761,0.355016084274065,0.67652563406484,0.743931160142771,1.26397902410014,-0.551981892272455,0.602336744317186,0.744662956656963,0.548059642647039,1.17236902803179,0.219690153619038,-0.32461483202031,0.332877847848523,0.74579691657848,-0.729568121830606,0.368237369661569,0.534292597129271,-1.18692233685578,-0.775742525888126,-1.29315219221065,-0.935439819443913,-0.057120939150015,-0.625600705657839,-0.874884408718801,-0.154737240243299,-1.17083619005579,-0.267318307379505,0.511336842594336,-0.678979005596137,-0.206429006689944,-0.544605942287693,0.0356942824144937,0.354695603060417,-0.145527806428452,0.133784948814934,-0.248009024481881,0.469417245597122,-0.176711341011923,-0.100847617251608,-0.701101683406011,1.17070610013187,0.182307558039977,0.359615304392311,0.0800094689986804,-0.256748850904487,-0.375523901857462,-0.400799419570325,0.413797672189766,0.322919353337394,-0.776936970854266,-0.622596173890517,0.00901810463353649,0.107512905128143,0.444508432808444,-0.346198439819054,1.36704043082884,0.575868088896495,-0.130008170981562,0.562647410482805,1.36090288737173,0.410042920943633,0.157404528873312,-0.0295900021799856,0.629325977759598,-0.835854402403533,-0.708900665554336,0.337018718180307,0.335316314456526,0.223750147255123,0.36672751975388,-0.116543600352674,0.49851299796942,0.260613639543051,0.217206863990008,0.542676196327881,-0.130931780516101,0.0907980160181261,0.318365819568849,-1.00118727192863,-0.670678014778545,-0.100693264816415,-1.25364236189954,-0.839226562471435,1.32288160497176,-1.30765349162895,-1.07476001691764,-0.0532987324274982,0.689306120984815,0.579794432200936,-0.233580097176159,-0.110711572263235,0.10731172651984,1.13913978466745,-1.0877166346474,0.575825336374283,0.458159872110623,0.179120010501648,-0.773494332596453,0.441562034236576,-0.91805957178994,-0.0132919343544515,0.0627689482442691,0.336808609121623,0.0771749186974571,0.100711181395655,0.379821244121645,0.474071521111529,1.16530715021178,0.833068578376739,-1.27859510520627,0.260886101014016,-0.19311868668372,1.24273240754792,1.03729756288442,0.0645491747681133,-0.425079614422202,0.348120139622102,0.945049363140635,0.782695392166555,-1.01315708913847,0.219385330605283,0.801866347438304,0.0463790202960736,-0.0443514528773405,0.93734055869681,1.13100738227088,-0.406419153236727,0.475181791546538,0.588261085498744,1.25028790059161,0.535637704983416,0.777963383144035,1.39037476030325,0.462009091764794,1.14214801351296,0.564137028487578,-0.431345640769295,-1.34015443691644,-1.11986703370288,0.945233303202999,-0.111922541902297,-1.24492026962857,0.09357817584177,-0.515546647512803,-0.206826011489892,-0.537769345518715,-0.281849763408141,-0.509781726732925,-1.22437924891034,-0.398938871001642,-0.216094180207108,-0.60382359979147,0.69014482697394,-1.42077716219445,-0.481739204524873,-0.235687065528472,-0.890944972366842,-0.091747732888676,0.0282909977272387,0.30020284524136,0.332013890825668,-1.55585436752775,-0.161498928222506,-0.401179187519592,-0.37772868632722,0.57248190197454,1.07320828558223,1.07045691735113,0.246968521305607,0.0967602297332041,-0.716750116249572,-0.625851910200344,-0.531863946489614,-0.579821887444824,-0.30448725940586,0.220217891443154,0.951694829264112,-0.65303663542596,-0.174177410659885,-1.10364869790056,0.559237066374293,-0.423379955147093,-0.0447325026084847,1.57345819822767,-1.1094804969398,-0.340715003234657,-1.14236322263923,-1.03582419987569,-0.97555856064468,-0.582455789430576,0.558444996794831,-0.571143817353041,-0.322663005360657,-0.422724742438806,-0.90212246052235,0.567589941117563,0.811609051459456,1.17873978231131,-0.604949824458016,-0.0468223471013013,-0.914656583239267,-0.855858123607468,0.266836158014505,-0.122161633934703,-0.493401899641538,0.231407466914553,-0.095170946870385,0.153316543131218,0.332218229255486,0.460100407154528,0.806322130336562,-0.288218312946848,-0.0414921953153787,-0.809733344851775,0.00396371770610775,-0.540473203922362,-0.260331772003544,0.0406856526401438,-1.47425165156975,0.273522387365438,-0.970255421604628,-1.33786787771751,-0.916329729880462,-1.06197173293695,0.0225407231270669,-0.300535964373646,-0.0702458648268241
0.550292844717922,-0.411234511536364,-0.970291199051099,0.77363130473853,-0.149032979831639,-0.342290144521403,-0.213822188394379,0.61044059544601,-2.08224277006495,-0.717980901019658,-0.522270878036813,-1.65370056528281,0.0534918531191325,-1.38496014567918,-0.211467597400936,-1.47843764906528,-0.679469238406281,-1.01237695551235,-0.658604483616265,0.284161548088732,-0.581959645382413,-0.507197769009884,-0.749620076714177,0.63058739079812,-0.983424781794106,0.213442094971755,1.07931932675928,-0.498193317606602,0.445178766619845,-0.501598252503511,-0.812060228192071,-0.8344814152093,-0.423296994353205,-0.453504138646623,-0.620601304800263,0.512648676471348,0.466769906661588,-0.700485218276563,-0.669816596370384,-0.651907880593588,0.453618397161849,1.28165941888059,-0.166692880669209,1.00682425509187,1.61109993026453,0.926517420171235,-0.437127684539678,-0.534601589534029,-1.19528903016448,-1.09522245612638,-1.08781896460604,-0.149429758482884,-0.824670652433556,-0.503441806341807,0.36656066620875,-0.697020186719185,-0.31718335260052,-0.285963906680942,-0.379897455814263,-0.475886355148308,-0.233155775402808,0.352541061684791,-1.3362161211505,-0.25686226925308,-0.433407206101796,-0.758062709102533,-0.398599517459236,-1.04976392454148,0.0655202788470309,0.607020955581247,-0.310393598699223,-0.12449130947809,-0.27571923769493,0.737160278752563,-1.72270111250339,-0.837649077848003,1.35040838895759,-0.18133981588788,-0.259098095494181,0.263362640371399,-1.30929179383688,-1.38331080753706,-0.631480639685926,-1.1887931364029,-1.52193176336302,-0.711379705559484,-1.01591582789584,-0.28336865237555,0.00285728276070503,0.721408002268725,0.639302335019345,-0.10879816253751,0.542727685909148,-0.00455701158822614,0.924117122460803,-0.618015627139513,0.319088528790569,-0.537355136894391,-0.230550503767544,0.656055367758303,0.768840963273046,-0.743883874745694,-0.696995801637544,0.106611397099608,0.167773143414079,-0.52227985764258,-1.23711745641185,-0.899929640164128,-1.42087103888564,-2.13029126717543,0.0303139594642585,-0.717798188932513,-0.386551432651445,0.72723134258157,-0.109411081283446,-2.25959728172686,-0.179584666395572,-0.999851314069645,-1.8641738299857,-0.991775774273225,-0.308366496236816,-1.22801191402984,-0.866330139890922,1.11259393764349,0.220191763930611,0.973153495354139,0.654618943462287,-0.674542179409617,-1.13385427096628,-0.126682639265961,-1.22097949222858,-1.45704459215588,0.723622410371633,0.386797233507654,-0.355512596758969,0.638439812517921,-1.48681839492372,-0.612680700393943,-0.36251537523394,1.03233469649616,0.101514145629912,0.225219247355219,1.35328179797675,1.15753384217236,1.2139696551951,1.48805002068823,0.587507783607928,1.28759565193495,0.284551598675652,2.22796790531361,2.28254097275366,1.18160991977413,0.199428942660742,0.289153329755867,0.253246234289103,0.49562289778689,-0.112680365905794,2.22213058822538,0.553888548675948,1.43318729120162,0.714084948202658,1.02174929701965,1.12675576448681,0.803733173892462,1.47128687742139,0.495956587980923,1.52418651579746,0.834466932884449,1.04625724755373,1.53025270706793,1.86312119023148,2.04099056847834,1.69078852242882,-0.550483036899507,-1.65298987860034,-0.256383330488687,-0.131390694432139,-0.492459921216418,-1.65393313408002,0.0189599453556909,-0.931955555873795,-0.781163148037162,0.833048414891414,0.410509114141506,0.465786561899016,-1.54263885942764,-0.632734734400202,0.137911833429442,-0.787098246016289,-0.983200238544498,-1.01294666381239,-0.985186436621618,-1.32829285460956,-0.58704109880066,-0.738659187429062,-0.166369477905316,0.0266323049688783,0.00498321323957494,-1.21301977422817,-1.02786738714793,-0.385135311445339,-0.473892278836479,0.342897729403662,-0.457692092379318,0.536199328295068,-0.151287903102681,0.703589057932102,-0.569876460165086,-0.385856989019131,-0.546266086423618,-1.17782445743097,-0.216671064993307,-0.877852646524636,0.841805758962885,0.0437943319462043,0.142968200903977,0.196478902828834,0.387440183474652,-0.330548631674005,0.128311601767073,1.43376818004098,-0.467278302874263,-0.529723172239427,0.0659931097992397,-0.774372603851175,0.0651445051271266,0.00859446287854263,-1.27245946335806,0.0854013932396836,-0.590008097785028,-1.16560670238087,-0.221733171211276,-1.38053909668542,-0.384413218090752,1.14875736149552,-0.0379058057354757,-0.302213470636275,-0.182492875921277,-0.41250762209742,0.761565789606238,-0.596367628773114,-0.815861363400549,1.6973761929241,1.35305815224558,1.07476206331864,-0.26018916779767,0.140979871053397,-0.529091751144891,0.286483547406113,0.690486183867601,-0.922290185602991,-0.454636033022766,0.809522286563813,0.696387960949108,-0.902841178826852,-0.864584180029597,1.30294132183574,-1.03132837753181,-0.907720780097493,-0.095587535924376,-1.19023143608881,0.685919745306261,-1.23493067500366,-1.10476352227775
0.373110292459262,0.899946529497206,-0.748015020696946,0.0195424368339945,-1.40365103328537,0.485711757455124,0.70283133368501,-0.659610712133608,-1.25198609534979,-1.58897343438192,-0.935209260687467,-1.6756336107322,1.66916910220042,-1.9697199770389,-0.581748375575358,-1.49607399600445,0.408040822382294,1.85293741034045,1.43045846411587,0.413230157859285,1.04853808882575,1.74277103430207,0.797718702412834,0.759204390226317,-0.2042611867575,-0.172724832744942,0.950369528359789,0.465367049091777,0.66156482621426,0.142300076034246,1.37421004105167,1.11860317297607,-0.174227809681789,0.809880042655445,0.927909967816271,0.334587882173024,0.826973012031708,1.44007901352802,0.458512544931544,0.0892271554422682,0.325090785045461,0.907094089523147,0.0857861561060063,1.40029668814684,1.2636073231225,1.60738361015127,-1.1890648337187,-0.641861501252922,0.0528635730548222,0.194117556245432,-2.16834342960975,0.819568650704239,0.629963385685968,-1.22401621378743,-0.0576100595979811,0.470222448533772,-0.0906925493578573,0.278190764881607,-0.630591383811636,0.305435244183559,0.0819735265591912,1.0045961599937,0.0456442656453409,-0.83985826513982,-0.0801232159829027,-0.106811177946999,-1.04318345758135,-1.52790497179629,-0.378891128220059,0.456960197806587,0.31911098600505,0.509962712725937,-0.196705642421237,-0.518284693354488,-0.77607696587763,-0.698213452929927,0.882333505536214,-0.135747782398877,-0.493029535355252,-1.27802502187405,-0.730937805329986,-0.286278959018128,-0.533388500463855,-1.20765890490237,-0.154980842363585,-1.90058106835987,-1.25099032367842,-1.06106815209982,-0.791019661738637,-0.00175481208785555,0.247838596059159,-0.588384824964677,-0.389087273659726,-0.275224388190165,-0.605300945936222,-2.16235612133612,0.403258514756395,-0.02522140338555,-0.449951095552056,0.113597572694606,0.21843351564598,-0.19430239775871,0.0882291266862209,-0.221034070271187,0.136238918892017,0.0787466513327944,-0.466934836770365,-0.542223467231867,-0.287307409379995,-0.0390464713540642,0.0122162985984397,-0.280914683416385,-0.225913354644988,-0.222756413874792,-0.456767986536917,-0.926604984885817,-0.570932792009041,-0.936677750960273,-1.70335468178247,-1.28170858481747,0.492896362489442,-0.816994392171114,0.29627761436542,0.60480184949737,0.021125594941701,1.11210093360756,0.462767067059771,-0.963457823491455,-0.868019480642393,-1.14209834157332,-0.906675898973505,-0.462418428893732,-0.795222152172505,0.388790848241857,-0.780587225049013,1.87546098085128,-0.727534296559293,0.431212152330815,-0.564181738200426,1.44516326503069,1.21432174828259,0.323675074791473,-0.399783075739983,0.250051688615323,0.383059290363289,0.447224970800963,-0.54451819146114,0.416392553297273,0.166474378933173,0.658711469241559,1.18995940558956,0.285167045589845,-0.745271316401977,0.570529062881859,0.865728856835535,1.31319182699514,-0.788389225207879,0.805695737852742,1.0762214514491,0.671158264107992,1.2770368700618,0.724963623626345,0.771358290163749,0.848176679182918,1.75347966998214,0.5846883800892,0.794294584078095,0.990912389977518,-0.222833188948845,0.258157494695727,0.394666649017484,1.34630608494047,1.09632130744275,-0.991762720466681,-1.26802223887983,-0.0303170122608587,-1.11469641096195,-0.0635213804472032,-2.01415603976706,-1.21696867088896,-1.57189280707596,-0.869650860359679,0.444941865798445,-0.0937405829392154,-0.273338153287754,-0.950965338761161,-0.635658052314573,-0.846488329611588,-0.578507488412366,-2.38706067804854,-0.229100558763053,-2.37953796581139,-1.12306790229398,-1.42309023751815,-1.65623850136309,-1.02720794519988,-0.128139275924664,0.288801577948235,-1.45288480237101,0.894558680291674,-1.07796661616346,-0.596022962232138,1.16517899488533,-2.0112867292685,0.631041524607647,-0.438556823618465,0.82972361362821,0.0725905467932423,0.0406938002043598,-0.233818240012803,-0.30014293568786,-0.990189435978656,-1.19559746817717,-0.41469540519494,-0.808052559618063,-0.248328211155388,-0.283796271918853,-0.030120054619445,-0.735728767894337,-0.968638453354765,0.444082615146565,0.471813076076669,0.103867138278812,-0.23334670965553,-0.282018945476404,0.711033099830715,-0.0399410193865139,-0.489245681338218,0.144829787591813,-0.701570756034374,0.17390321435246,0.472212781679394,-0.516782998897869,-0.596359956830803,0.327549603959081,0.581106626781675,-0.269645965241189,-0.0171107421213398,-0.15853232829683,0.910048833724742,0.222903499119338,0.0151404235317893,1.47007650468922,0.559174467863016,-0.225455739043143,-0.0508514516232604,-0.373713344698303,0.367041523975691,-1.12348431209212,-1.25860617523451,0.577358184123221,0.291904646241936,0.602724966669869,0.443462137297849,-0.801467485233704,-0.254613345948218,1.14604902835775,0.205815086596495,-0.559485565415342,-0.0413470589453308,-0.327162864678087,1.33439281066281,0.318570410281132,-0.404339549606439
-0.396936730437542,0.911713395154135,-0.144360923215898,0.287286874196866,-1.05823693479632,0.500329093649667,0.329251600686206,0.228711125267338,-1.75975454698711,0.433855145013862,-0.792492688902147,-1.60804536656183,0.831320563249337,-0.0710846430327142,-0.084332142525355,-0.817064460210857,-0.144125829476474,-0.154980749910591,-0.123120359395697,0.318086533548792,-0.504740652816999,0.954407287476881,-0.716766250728886,0.458579407636595,-1.08107732848785,0.508594721338123,-0.3959731150648,-0.820375775229644,0.661070153739939,-0.559873536397972,-0.150810269337726,-0.753318434029504,0.049230301486169,-0.0341497211627866,-0.50264266210509,0.237044600309886,0.266386263724977,-0.87767828202426,-0.0543711304096396,-0.0494509735681203,0.600334409943683,1.14770102509945,-0.304200691604905,1.45268344053064,1.39623823297373,1.23967934004823,-0.0398938964374327,-0.361813639421566,-1.03625655424252,-0.926793923547692,-0.43735383854477,0.814270447501925,-0.748956083714893,-0.130986209113557,-0.528407423586583,0.845645030458777,-0.444729391743281,0.113602246267915,0.124419751230508,1.01876112321623,-0.497171235314933,0.568755001169419,-0.354581796147136,0.715372370599158,-0.229753364595485,0.138729468282061,-0.401577060253782,-0.375999029993556,-0.100329619263094,-0.0805978554758386,0.320887060802793,0.0317910551445403,0.169443476208735,-0.163719363843152,-0.910854970358505,-0.882193584438304,0.405545766386224,0.2317559680908,0.172000205961966,-0.648887173346998,-0.224186198401222,-0.475519985249985,-0.798504489576729,-1.20418941758153,-0.158743447044983,-1.0964602929814,-0.43632576259838,-0.377015103476148,-0.523057412108996,1.01744047404074,0.149761518252737,-0.736174952560417,0.300608019308023,-0.464921151289788,0.580676678725892,-1.4361985727177,-1.14124137379923,-1.1128888052857,-0.632367792117785,0.578965056125785,-1.08139285088102,-1.40692896524647,-1.23904861208914,-0.926959904262839,-0.472197614374774,-0.686773697937109,-0.820793466624601,-0.768635496837605,-0.331838236004598,-0.25380182551059,0.435662743068674,-0.21768154674357,-1.20727223811311,-0.242201599106782,-1.3405034492897,-2.35794699964563,-0.360165475293385,-1.57115797180593,-1.76357765004509,-1.34631121226629,-1.00750850417047,-1.49202183167147,0.503648828663725,-0.693844297517902,1.16502858166849,1.65784579797374,0.42040762013388,-0.852343920701157,-1.08621939976308,-1.10916377647166,-1.25296380374079,0.232218272008809,-0.353846928496774,0.283498682569492,-0.719176697333258,0.643277773034853,-0.735329110942582,-0.329327333156653,-0.672854512494158,0.729193293245736,0.799146733318505,-0.591808454983465,0.47132542023453,-0.0303901312245368,0.0898642995863034,0.824618481577151,0.0048229268622097,-0.199396177019788,0.406538354809885,0.248931336977789,1.07329538997422,1.06635597562096,-0.53672171549574,0.472466075691775,0.990466458696801,1.61468452375575,-0.0892326811528713,0.799357781488457,1.15489238980312,0.543626184126434,0.323778051058507,1.23722580057143,0.977883397098799,1.2413803319169,1.38454353732468,0.652270303960951,1.24074300005375,1.03044247705039,-0.155647605248587,0.512155356108661,0.534021872634484,1.30568187575599,0.928065316501222,0.353305603927098,-0.993822637466205,-0.493441877328288,-0.640121310690588,0.0327372737083824,-1.42246940178073,-1.29789552535575,-1.33205000406688,-0.303117938062826,-0.857148017063265,0.450349772103349,0.572526156066192,-0.640072270083515,0.185676903418433,-0.650965598555759,0.0533609956397795,-0.864188261064589,-0.210718750907976,-1.29526492416802,-0.9421421775314,-0.991556707219671,-1.00135082644351,-0.856878440891384,0.24760685364964,0.598431124573566,-0.743320734565688,0.251013093441521,-1.1045459329493,0.202792288564514,-0.103228359451406,-1.61508214960662,0.999690028533798,-0.669936532163659,0.0642357621439581,0.898677867335941,0.87789034592299,0.237059720476835,0.530523853702725,-0.974889584198106,0.214827576745661,-1.2267355513965,-1.40629291192195,0.0463628074314358,-1.54203259002207,0.272320900745939,-1.28926569899884,-0.246231479968424,1.77534821655778,-1.63890476362866,-0.974581434431615,-0.634193790720776,-1.24024564959123,-1.90422448498583,1.14411508837248,-1.83367331431829,-0.0924956016787325,0.895362555168725,-0.58039651315424,0.460256280362024,-0.772935094910784,0.599726199278431,0.445473742249633,1.15231066863738,0.297063144204803,-0.0116835354805333,-0.882567722361627,0.811440474340325,0.419352677267019,0.378180533681508,0.465550087583867,0.98309064650265,0.437291248279608,0.212797525370294,0.677651115052674,0.311989027763711,0.386728788295068,0.10694732402995,-0.830656948489756,0.376141537762646,0.700371920081521,0.957506300795025,-0.0726648643765038,-0.624218585458426,0.9249587306365,-0.752181484837713,-0.354273895511166,0.00564443742979993,-0.11772865990833,0.754652358320104,-0.559051416395538,-0.454448342264378
-0.262833940044093,0.14747465496178,-0.71441594446419,-0.348831733174224,-2.69743891059555,-1.09718414726552,-0.83022597251849,-0.661189371040475,-1.72646079068887,-0.61333779569179,-0.664980904751972,-1.66066983014178,1.16620438524936,0.279148911896069,-0.181715404851196,0.0801778107743985,0.398438047751585,1.22561500614899,1.28050218118934,0.747896085252522,0.411944602568276,1.3355543941096,0.107277773548172,0.33742261484817,-0.333363556220502,0.201706421038813,-0.327933372834108,0.472627697180589,0.615145186441481,-0.315308042696807,0.854319882054699,0.0113415955867405,-0.0324206594309767,0.250865653744358,0.305619802902691,0.502789733432364,1.0142716982833,1.25005956570188,0.165994598404813,-0.054393512053513,1.08093564595938,1.57279517475362,1.73912880236156,1.68278561543712,2.14382070612997,1.96238386155306,0.141236483832738,0.302059565497101,0.510863408077367,0.718824856817562,-0.394501779958632,0.598725577918211,0.588670725614913,0.245141852028998,2.12498747179826,0.385674255498958,1.69268941753207,1.8794448128278,0.925083965922165,0.285870198157163,1.29906758643664,1.60750802910067,0.753564656193356,1.17407405223215,1.05508477235116,1.33367312509653,0.891195225068698,-0.00954599936618648,0.636093763315559,1.53353977731429,0.963524750988148,0.608076784798764,1.52490357845449,-1.03609980234224,-0.854288483067126,-2.15898143538155,1.72782619915704,0.300351734513428,-0.0865613073833986,-0.629970252931282,-0.301536127351836,-0.717220800389774,-0.695021565998014,-0.891508110037403,-1.23231378225895,-1.47930393054124,-0.377430104139061,-0.512417741805084,-1.1175366520103,0.834109549387279,1.22671623583975,-0.876111138340495,-0.371144364035016,-0.931420292208355,0.367588565870294,-1.46432020891282,-0.0147498067546638,0.105562196819758,0.693553821357113,0.2271443646288,-0.52084428540691,-0.516835629108403,-0.0776519286222307,0.809578161847032,-1.09750274500985,-1.5868438541129,-1.26626510972681,-2.0857781917386,-0.915268157419838,-1.14416309304912,-0.450301126219782,0.878556078868793,-0.270564440915777,-1.11930968298764,-0.877861110332761,-1.84705075106599,-0.13253042878417,-0.714227883903476,-0.771650448432592,-0.785572462404372,0.217849608788269,-0.501363143689779,-1.02830662695365,1.47499704912582,0.365061918701602,1.90723709926605,-0.563055457179769,-0.959964194312055,-1.08067343299647,-1.26411873677687,-0.0894799476126196,-0.176940750482911,-0.774728704148993,0.362011808015984,-0.658574863544394,0.36144955761065,-0.344328119361332,0.999552617518094,-0.710929906746251,1.28298591475239,0.271532801431607,-0.208533543392317,1.1715919068321,0.23861303859798,0.361301484103922,1.14460075058056,0.501121381769535,0.904377785979884,0.364504869281514,0.72575066590482,1.93793252830217,1.67200925857098,0.00400800464950532,1.72531797178569,0.822831334267665,1.23244924473636,-0.191526644237079,1.32073374538894,0.658885926753151,1.89563933739749,1.33635508470672,0.575990642466696,0.518562914581684,1.88524184490771,0.548872915662787,0.297855736183286,0.936827519354841,1.33085388866509,0.158111114340699,0.566185042211232,0.852869296917572,1.31221178813478,1.04376790598627,0.932872629300874,0.762752617890747,1.87405185532728,-1.24447411132635,0.775242149684662,-0.195200538723716,-2.40930453360618,-1.66897903817986,-0.287322828494952,-0.521335355163947,-0.751646692543096,-0.488323458309798,0.86041359604124,1.82444342367242,0.601386053743449,0.061767421503337,-0.463589443195009,-0.0711692700965221,-0.931672951765151,0.527205490827264,-0.723221123583356,-0.763766509025289,-0.147587172720542,0.0769066082822678,1.21020891828986,-0.250307062509965,1.17168997244182,0.328467178334965,0.796265535764117,0.0207159728778485,-1.28178939743913,0.9649826013113,0.127949587248556,0.998318313324871,0.487167005250219,0.403882001310645,0.0939586926370755,-0.376956386828418,0.126247333629625,0.639112393287438,-0.717897581330087,0.566330309438433,0.886851915874272,0.00209931724734541,-0.447862839413949,-1.0789202957022,-0.305506364282194,0.329814933169671,0.367572880496514,-0.179868953104138,0.804600198324552,0.466173103861184,-0.0435294378554913,0.039415129111478,-1.54781497713434,1.04621109315312,-0.247031872181701,0.601679896480329,1.62475330131873,-1.1089300480554,-0.398141165656193,0.0445839125705468,0.951365220152252,1.28827848948132,0.806460887979432,0.320041511203347,1.03573457457409,0.0744164466792124,0.074324918305555,0.872849686110463,0.232183974956887,-0.156571946864127,-0.691602667790016,0.329938978900982,-0.760390450535156,-0.338742097497697,-0.90143698398671,-0.0735198639578376,1.36305290349033,0.094609222492699,-0.121832048246183,0.310395117140412,-0.0288366086688292,0.993067473338052,-0.345635177949639,-0.00767009756888467,-0.222412018367635,0.889839509201057,1.01618220454583,0.130721909679698,0.798578250559409
-1.70803931573699,-0.931703917134529,0.495226028830856,0.180058400552108,-0.854581366888491,1.71155291118305,1.70723481099109,0.422079558877586,-0.0425783446628653,-0.801559806537901,0.128225877488892,0.114025181699132,0.288749827123726,-0.892423798301792,-1.16503125498059,-0.508662175825571,-0.0180045649403043,-0.132475827316663,-0.86563277556936,0.556914210322966,-0.786253515412618,-0.785998591692979,-0.955217176051207,0.672500370461524,-1.03088759871153,-0.411887563710071,-0.323180460925961,-0.658960091103017,-0.196290005097704,-0.451154823458159,-0.497802679320206,-1.33105476703534,0.358116948727993,-0.292272871509639,-0.180852786343109,-0.0583897755699122,0.825198041897146,-1.32716506240148,0.0668405147483242,-0.0206245765723384,-0.653506550210626,0.0181687319747198,0.574622743600753,0.156886780853898,0.875332595033114,0.322796498595467,-0.160703684499978,-0.594873796893742,-0.68658841584248,-0.516454743238591,-1.19884495477306,1.98134715469562,-0.796584005089897,-0.227337156375183,0.86785811802403,1.67080950735539,0.47672903150636,1.46169699856422,-0.167133785216388,1.42197049703774,0.859858423596769,0.755746732250539,0.962742335770282,0.602939639515242,0.401839753836264,0.354093039491352,0.04734662536964,-0.181591947456172,0.0288225048233505,0.163623045809294,0.772489836116227,-0.496381252407964,0.790906194805879,-1.5575441210509,-0.455644955435931,-0.617015707172626,0.840724664692832,0.732350543088232,-0.686131442340956,-0.829365385739822,-0.430540782299085,0.0518860600820557,-0.323230622371539,-0.647160401736412,0.956062691626437,-1.33327241039422,-0.123560494657379,-1.00978828436949,-0.945711829606797,-0.184926548793603,0.243202413610838,-1.67957953173874,-1.03489250514649,-1.33899882658209,-1.31032951456435,-1.18017932234412,-1.09647928993435,-1.05304046186481,0.199201176142432,0.316316418520176,-1.12436493878869,-1.40432063137299,-0.99897927954224,0.187229856512369,0.181856519650659,-0.787370726272118,-0.274617718812019,-0.0726017525030864,0.168049036941884,0.455797409057079,0.643123061613217,0.737474744952649,0.283807850735914,-0.152910289922392,-0.566799039071341,-0.269170373103594,0.439801119800076,-1.08359761664954,0.324729160496994,-1.56299630454069,-0.907183936072904,0.274322114628214,1.07945101664961,1.59678664587268,1.85882380181734,2.12239259782636,0.0676144568593832,-0.796609412302078,-0.578055789526805,-1.10528053553153,-0.883140049664929,0.878580449379559,-1.66974913417643,0.443853090032515,-0.334225082313867,0.0463586416419604,-0.101224868151197,-0.426869008897122,-0.115935523951069,-0.304240594456717,-0.74586593889996,-1.78486893700925,0.869637599592284,-0.310599024944021,0.47665890787155,0.817307717727494,-0.767702072255214,0.56783220820271,0.132031450204592,1.19445492400751,1.5067289029279,0.269785304021462,-2.68875467340323,-0.33671239988865,0.801815417525791,0.812057038178545,-1.06117344283374,1.04534171086361,-0.000941340727294749,0.370888208819431,0.737613590128882,-0.0576020854180347,-0.219300375831958,0.649696971029615,0.309156400807519,-0.228617714068989,0.206953869258345,-1.13556147110311,-0.00689382843948761,0.519372214518487,0.395947148700105,0.892966982285957,0.396922589443523,-0.537504651982184,0.661749340711645,0.825898525987041,-0.391029039233794,0.666798145579871,-0.516629022373785,-1.26279823037729,0.192350639827936,0.528593540226276,-0.181814534857632,0.421321920558725,0.304879893876786,0.72099765461272,1.40063799262501,0.528956988181112,0.601057058071875,-0.247961364095449,-0.0723191395737262,-0.380933852398919,-0.129045178512281,-0.806547161108578,-0.336367329871359,0.242190592514669,0.712836145987739,1.49698553966801,-0.346771172909756,1.11054798963725,0.346274368417636,0.721869744315383,-1.03940819525522,-0.957572256535996,-0.37921656920668,-0.838045860468334,1.10118661700837,1.40487786822965,1.46140977749104,1.35814768665672,1.34523243994445,-0.537947136166377,0.179155607126849,-1.43724617531547,-0.243334339993825,-0.219752735460788,-0.991123908231293,-0.0380009946183177,-1.56885741711823,-0.00787623150174095,0.320500970421847,0.956747910601824,-0.0545631416113726,1.25469734505927,0.664053656411178,1.38309009774804,1.25135139279417,-1.35973820452542,0.939923390753069,0.226092021382588,0.1617189910339,0.650015496615053,-1.70024347037751,-1.3512685006433,-0.644473476917499,-0.608231970726288,0.132262302727624,0.582718800404025,0.495929196024941,-0.220075356944414,1.27805667812757,1.10791069640486,0.591517508144776,0.491522629890157,0.639302370259556,0.213486273386138,-0.12081018936955,-0.345011228746695,-0.100342600346253,-0.578255878939488,-1.27752039584612,0.867881801236594,0.789193952749187,0.218616784738498,0.109484109978838,-1.13126407099906,0.15649873072167,-1.31053081800002,-0.0493559921680134,-0.0229293970254565,-0.298823458008383,-0.192228267946288,-0.827131189010682,-0.722833871823183
-0.559484424635684,0.762058746322948,0.772962584598785,-1.17456959025245,-0.692681513501213,-0.154112192778446,-0.550443240339481,-1.87539912258907,-0.416059335951996,0.395468636323967,-1.04204799849259,0.086222664057099,0.90205130148812,1.27879099970998,0.750871535192922,0.771113911993631,0.723377618259012,0.885222339640145,1.1334137929869,0.980134953592532,1.62094206312214,0.719625795901301,1.48706765271317,1.28824476083815,0.418827605027627,0.691679940672265,0.740235918557422,0.648401463821045,0.658244295809291,0.660714951815236,1.0104369026997,0.764518631136086,1.09195142794232,0.80980498674609,1.41036685663857,0.752506914366472,1.14661896038149,0.804505916963523,0.440908739164494,0.70394257377049,0.313656563114183,0.493597735603654,0.451513836502127,-0.207738656138848,-0.212602462831459,-0.611498905510414,1.274330231312,1.11300544851763,1.28369564613551,1.738719430982,-0.0592607851252805,-0.126619261737207,1.21030600900492,1.74961593450331,0.249785893694516,-0.100641748799227,1.25488459175631,0.228921954882164,0.287102293506435,-0.121248356259938,0.294533200396352,0.69110754430867,1.289138788464,1.40000090539459,0.807285848457068,1.36410622654486,0.666297756249843,0.515021077233605,0.513042964893338,0.00916539090119784,0.85559393246588,0.138790270658389,2.05344081893526,-0.191663828340178,0.523579819359065,-0.738570677584093,-0.499603387639528,0.94444193591699,0.426430668297225,-0.131181452484444,0.971548242684155,0.140541505113634,-0.904329943086865,-0.683633044248513,0.819052365005507,-0.141312353319731,0.175479277211753,-0.088278817782581,-0.254243280676494,-0.407299586064153,-0.461273874106793,-1.20917666912516,-0.508070501901957,-0.451049011208994,-1.26894552319985,-0.145037394704856,-0.235951486142653,0.392056764074476,0.99604603508149,0.431869934963494,-1.40414135332556,0.406606602173155,1.08995721329534,0.669610151732384,-1.26427169203951,-0.143991576804867,0.0577132116034583,-0.580287421109134,0.692988851558338,0.655282851915665,-0.927054513099205,1.29275055650911,-0.699798161437029,-1.67886306850995,-0.410707229708884,-0.287782834997617,-0.530221677508069,0.163948880515094,0.172923342047518,-1.0090680687061,0.34001440009591,-0.489467102297825,-0.748807032326788,0.937928603084576,1.13946521268093,0.850721483513302,-1.29130453773243,-0.415025633428658,0.481557901097852,-0.673956216207262,-0.0530538474661853,1.22591471001382,-0.650513967862947,0.883410996183315,-0.0248051085022402,-0.309332632432325,0.594201094790714,1.19157508491614,-0.0151634197256756,0.828612626485607,0.470215003366429,0.0352752071920686,0.489016611048748,-0.602262764692285,0.216301403005411,0.613698032366676,0.171103094345469,-0.136624610481217,0.773308943821217,0.514074637241019,1.03513302679765,-0.096409272968435,-1.55277994462888,0.695997365259985,0.598815165029946,0.823263175824821,-0.225714513740605,0.43929001854429,0.0811702185304546,-0.496007188375665,0.982480817967584,0.371008555359347,0.130999898800355,0.639371516676686,0.360872125124363,0.238036741294857,0.69394134641016,-0.350767086255679,0.242631676216211,0.589587185696733,-0.334280310766621,0.149664056453268,-0.36358624583537,1.22301736745899,1.13822084933139,0.744210801253495,-0.182052525300554,2.14823378429162,0.788443799067233,-1.25291612314779,-0.415453336504169,0.671020471404556,0.4396969259995,-1.23871559596179,-1.06314282036538,1.23405977583009,1.0304094189345,0.554029991606343,-0.264047567596069,1.37854090891543,0.0501712765710204,0.127796376678449,2.00626281036276,-0.349896308543258,0.206537217949828,-0.293313540418348,-1.02212071125225,-0.0411240156640431,0.0997263989069157,2.30062017215191,-0.131776665429716,0.491562678970503,-0.582265204769329,0.204590508914861,0.735332879720924,0.431146781127559,0.0950642294288019,-0.252064915172525,-0.114182436108932,-0.22863452241448,0.173354942248609,-0.0597841598285958,1.19407166811134,-1.56221161410881,-0.387413087655507,0.0761509719279691,-0.419591148963857,-1.58640227184843,-0.846311224441998,-1.24026733471757,0.367313284463034,0.742372906098621,1.0199104551657,1.02185324550405,1.05600105884694,0.279940610628262,0.0956197262974113,1.45865801244596,1.17094103648856,-0.443075060023525,1.41030507967958,2.2241174650631,0.705319868168201,1.03137601743371,-1.05084233562866,0.239239482830597,0.849593983391514,0.467378556881296,0.201115593378015,-0.201972586774332,-0.0365417432848267,-0.176134726548793,0.403319292990178,-0.711615361167704,-0.635334514482981,0.91408684079958,0.720475400629135,0.703792762062874,-0.12284352667824,0.81595946322774,-0.37035608870614,1.41135203131576,-0.767805827759357,-1.00799512006903,1.70920481334688,-0.346791677096682,-0.114768542382615,0.102445452444073,0.629376466848223,0.0775262952909382,1.44176723779305,-0.421799575612701,0.645356469490548,1.02874494707577
-1.32438430415001,-1.37196805673186,0.113598187625408,-0.0368225261359635,-1.16840084467289,-1.11803659030025,-0.588339884429655,-0.673691976271603,0.935275571360071,0.834126597357452,1.03537380106011,-0.257081532426476,0.593030667464988,1.24911569058306,-0.22730378552356,0.0167184351724975,0.794571184470633,-0.731064976215688,-1.00050254128357,0.885468965824491,-0.328989678234704,-1.72358606797723,-0.346448641948998,1.46133513846383,0.18751401231948,0.363511853912847,-0.407288910133414,0.244939355958209,0.803233280632712,0.232558689790604,-0.329814966088688,-1.12391858456899,1.06480681368625,0.753665966927565,0.29399294481645,0.52174076917809,1.06006949779393,-0.809805705385114,0.397789244643029,0.838523790269693,-0.419726714274073,-0.270524747990323,0.0777895568149966,-0.952849608661939,0.0616380044791533,-1.49546078848927,0.986207806920451,1.16358852280909,0.582661058839972,0.429034679574418,-0.867527172913794,-0.428635925181127,-0.0573443142626165,1.37906110728902,-0.275624350882188,-0.244846397443992,-0.978033232006451,-0.0589756841772242,0.298797132623112,0.2631402974252,0.417543075659656,-0.0688174725804433,0.665610997106497,1.20476529377788,1.45272505478269,2.00839025254809,1.27138899275266,2.01087882486502,1.40843973436608,0.140058551118908,-0.0586274477204345,-0.0757711608863975,0.557964965002935,-0.618349841519129,-0.718426533427051,-1.80813862558698,-0.251983992853942,-0.940302374665816,1.04820597477044,-0.141858552611779,0.567265959731494,-0.711840408890657,0.295414458177336,0.752879480251747,-0.39713827129992,0.009565555073333,-0.199301130275698,-0.215259401212759,-1.00717166649147,0.562633499226224,-0.502568696224719,-1.38704434303461,-0.068747710511629,-0.0433654861460847,-0.0231356495402912,-0.13001376109373,-1.26860334565445,-0.231348199123236,-0.0755285069710148,0.414179671484893,-1.55377332470897,-0.658251563838823,-0.236879369113909,-0.615823856358567,-0.373956212637867,-0.867877717938715,-0.663123051822715,-0.426584413874157,-0.645247516517185,-0.76869301609105,0.327134936400393,0.0551814515406757,-1.56391892143754,-0.118186573193335,-0.662479954230708,-0.723587152469177,0.908592921409807,0.867714909173189,-0.738648457490791,-0.152636500878508,-1.06551099286406,0.107579824022284,-0.489012724228132,-0.528191548595055,0.268472510217901,0.687990007683562,-0.969675831007834,-0.337138368732219,0.754035758099106,0.110857766041067,1.38865306275524,0.0239976038376211,-0.509174936568336,-0.540326882126179,-0.308340951789393,-0.376434751788914,0.0911368239354919,0.307882198591029,-0.997040886478257,-0.571498102963706,-1.45831262038517,-0.69713063839968,0.153946473944429,0.405721496680395,0.409347616387496,0.904141699474063,-0.163979953214151,0.325397869437932,0.965171421871848,0.341130683129206,0.967871305258185,0.831156295761598,-0.298380822849024,0.944173311183298,0.265796367401165,0.206681688570152,0.184281653319728,0.284742765196286,-0.234432799005171,0.0095438309679586,0.956651104352359,0.143115550580428,-0.280919504480067,0.537140118400013,-0.747662653219257,-0.44884394782194,0.51227394820425,-1.17287784038527,0.283203138212288,0.531812560329472,0.614865329801957,-0.13589749814726,-0.659922507706093,1.33096576066124,0.715082455783192,0.529744261561108,-0.665631156909333,1.99769647456832,0.365919910644221,-0.810036863790389,-1.0994236324355,-0.238324874264456,-1.42924325174965,-0.095338557968824,0.00851492139034759,0.862381757279458,0.812061179173329,0.277290658672179,0.951844874168025,0.619653144054446,0.498140385739174,0.0556317280572045,1.18213242354924,-0.31356081760115,-0.265694270854624,0.0679774128329886,0.112818751577866,-0.306391078044361,0.307154236091787,1.09434656496391,-0.266176368435351,0.597700009537164,-0.8447616151243,-0.0158903866627005,0.0650320763719461,0.215921108192977,-1.45019036222241,0.450825014552013,0.504985012651914,0.234984813279728,0.483288185857707,0.712535121676083,1.39558589208516,-1.43768555138504,0.484644243223791,0.529198631537891,0.871612387741593,-0.31663224233756,-0.765795125102628,0.0596868566073819,-0.522726070320321,0.246115713191,-1.09037431986699,1.32643379068104,-0.0545256284898675,-0.553458371059475,0.608558131607831,-0.953420997546418,-0.256773191033897,0.691911400216395,-0.151914497879242,0.141419837253717,0.0603424766713309,0.447610069250864,-0.664559106601534,0.458384551740166,1.28719183336541,0.510050158721091,-0.454024018322331,-0.857020845122475,0.245668383095735,0.797476784278151,-1.82650369623501,-0.0969565763390457,-0.174181375567742,-1.98550852562566,1.80520065546392,0.413152255197635,1.53053535424844,1.14630343903663,-1.5702466932345,2.1640166737745,-0.466509916429324,-0.462265807155299,1.16914835891426,-0.839491654777001,-0.377062582426584,-0.788498545519555,1.00902085147836,0.553391216617867,1.06604851813185,0.0665407857996625,0.0469254260578036,0.378229537945285
0.655194556149241,-0.811849269118133,-0.212950925299437,-0.473489438807714,-2.08553922920551,-0.210676095377898,-0.0632696569346826,-0.104384316544736,0.0377696582194124,-0.313610272091756,0.448192816037035,-1.73008830322237,0.163708330743002,-0.60359879547156,-0.867396818372097,0.0914014938192682,-0.851166673949618,-0.335955896270373,-0.983007908740228,0.00596300499775899,-0.758011445586999,-1.14450748709916,-0.280303804565193,0.87733779069897,0.140976230557373,-0.22839017999649,1.17425402704004,-1.47057644642577,-0.306079761938943,1.37932561169289,-0.67286639074437,-0.742975576481008,0.742639364519219,-0.866325669816181,-0.177837336391117,0.0621474130974476,0.892386052637779,0.288106781655044,-0.540370707197892,-0.0763880422461053,-1.67460307427702,-1.67299970123578,-0.0286847344820675,-2.0477796542266,-1.35365737938363,-2.11382076716037,-0.102017668546297,0.363425010968299,-0.617782615459144,-0.186108353751254,-0.797778119340385,0.285286716939453,-0.863834650896661,-0.0869141440665522,-0.0238686877468668,-0.607784949661075,-0.965558620765212,0.130516847715915,-0.489381418199101,-0.903725834643555,0.852352294590463,0.854088499916472,1.00576185366687,0.764296400098243,0.643068491136814,1.75644633898032,1.08426043166398,1.06096423649188,0.593643070307531,-0.624192679591048,-0.262873241320383,-0.0620725976791961,0.892489525255138,-0.507708355296828,-1.29607324978429,-3.10761247245714,1.30869929902948,-0.391150325598067,1.90539563253822,0.711990994616846,-0.801799529591706,-1.60951317594119,1.23965277791973,1.12376349261908,-2.58806632310429,0.516320538352184,0.353805612296866,0.234370439886117,-0.581038950598111,0.608329668059523,-0.258262936495263,-1.04520387442662,-0.343107988066735,-1.59380659302383,0.614318317635268,0.309172702449688,-0.728868788775765,-0.29167885403432,-0.579057171322552,-0.528243737202505,-1.48194098689159,-0.329204622802669,-0.364990787695502,-0.859640728358431,-0.601654327251744,-0.61386250772135,-2.5340925565068,-2.28815081031541,-2.44864818740349,-2.89101379084412,-0.407363780700695,-1.29096542139563,-1.13849897771989,0.72485201296107,-1.40634943043128,-0.525185012523793,0.377465976102896,1.43851936065309,1.1418560417975,1.05444777966228,-1.06843408716161,-0.805123792238302,-0.988390784818493,2.01592945930081,0.942723603789817,2.19551119875193,0.0848827325986207,-0.679114074765701,0.576298668938504,0.303918232527685,1.78261833529498,-2.38732805897728,-1.33525914982543,-1.60813039771465,-0.822559248244827,-0.794707225818212,-0.245697210894601,-0.956845740297303,-1.93631577293064,0.214084950756266,-1.5635006303603,0.629933497895255,1.35974338185404,1.0685512921278,1.11857922494572,0.881630563236384,1.50432349148026,1.5079009830263,1.73191859531552,1.39029902058623,0.663541169583788,1.19084662456028,1.00717265916334,2.36976470562328,0.886890027850675,0.593092990381631,0.726307155088928,1.02770413663486,0.00350944414304174,1.47127110641319,2.11025133227576,0.616633690453615,0.0471080126255576,2.4041505865886,-0.224996255588243,-0.07527610231584,0.512383176525452,0.58955063604835,1.99727197712923,0.681655625695617,1.94416335404009,1.04802050883199,1.2119378595289,1.26244422199865,0.637786695829623,0.550309316495504,-0.475846408308452,-0.00766430889192279,0.917558996035469,-0.520449793280152,-1.4560874590744,-0.727032393224563,0.87235878247286,0.612158727137266,0.200656968384756,-0.0274154906905088,0.220104181291357,1.12861433546659,0.716334258459181,0.5697787929714,1.59077861521974,0.562134389791596,0.719619747557608,0.209987388744221,0.254767560261863,0.434670088820183,0.403339674430863,-0.146824371276694,0.933653965889706,0.184531986693166,0.576663830399075,-0.956289695817034,-1.03438095528187,0.574023261213815,-0.582904272718421,-0.40425331930154,-1.34064699261254,-0.764985758293038,-0.718838880506332,-0.978032658210086,-1.69029846406635,-0.0751485829696922,0.304569934726112,-0.491389372480378,-0.238748283791434,-0.736450217172332,0.240837000213035,-0.176963934270454,-0.809067989648164,0.886338205318869,-1.55917322373209,1.55533936043573,-0.333347835242282,1.25927862311273,0.815281028720148,1.25016455443663,-1.03376589526564,-1.15762111236327,0.752053716808315,-1.03694673765325,-0.737853547022843,0.63095719681294,-1.28979541710761,-0.231385588109977,-0.983056027445525,0.795691859926411,1.17448515115382,0.464590930327722,0.131613945457191,-0.663406339764974,-0.926012237188096,0.203574494161656,0.936486244149507,0.866245333106533,1.13746383802422,0.884945849764648,1.20957183844076,-0.0577118915417007,0.85195615774775,0.715924313910641,-0.304636948887172,2.88437580292444,1.18641126238702,0.319478725091077,1.2041900389612,0.166199992927159,0.435005292470498,0.525669145587286,0.919860814015067,0.27018153786885,1.19517427857684,1.11940259204966,1.86212648828373,-0.213548847347062
1.34272137324719,1.49174488490153,-1.38873549054664,1.11302260856999,-0.528206730217969,0.974003645767234,1.0377847860475,1.7344799172304,1.52637363973573,-0.598489991397081,1.67786809781135,-0.291051794203985,-1.05108186325447,-1.55340397930233,-1.95114238278943,-0.396245197137242,-1.4223451424317,-1.81781059562453,-1.94998979179125,-2.13684342015171,-1.29033473474191,-1.27802357081899,-0.832974375964667,-1.56380820960743,-0.0832744871521859,-3.19940867926289,1.14714808980883,-1.33982230143843,-3.1408291206154,0.707839040900648,-2.15388615991177,-1.30098457152042,-1.01332603185847,-1.20849621674815,-1.12037824521576,-2.45508423759882,0.352725021828166,-0.531853089719157,-0.926657255402061,-0.96210918825934,-3.54295042465134,-2.98836482860302,-2.09213237202173,-2.88092197862336,-2.72531896304547,-2.55218540389119,-1.76424733823567,-3.30826164499962,-0.788792360708828,-1.21713227072962,-0.629419651530483,-0.0154176387068343,-1.79973986873992,-2.43308952468881,-2.14494772441547,-1.42301133315013,-2.30215021360584,-2.20952495292474,-1.79894591693438,-0.963036922315727,-1.71626835219784,-1.82652775705582,-1.46397073084898,-2.52828423509401,-1.50440289975974,-0.507185499428446,-2.01284130160398,-2.19891947327488,-1.81781713311005,-2.05165344102233,-2.2928645653676,-3.35136362816739,-2.94234026500139,-0.269379967208057,-1.97565948274399,-1.7118234709601,-2.19471311876877,-0.508762484612051,-0.429261410139883,0.28576672079522,-1.06265152857845,-1.57285533164203,1.33040277909276,1.81461867747038,-1.62975559680252,1.09869275369641,1.00277851796322,0.913324566438771,-0.113934703883398,-0.293824233307949,-1.22676061245594,0.628725119126014,0.0893731077407492,-1.29643369503363,0.0926210509132729,-0.0759231957278325,-1.7294603266211,-1.45994054725272,-0.867949164838404,0.230347502526343,-1.50675679186603,0.0437031896984041,-0.43959633074897,-1.07816248869893,-0.59957569018176,-1.34447483901901,-2.83923321195915,-1.38402843137663,-2.76251785817419,-2.41101618378167,0.0627755722031298,-1.92409397703222,-0.829894101074579,1.41538397802301,-0.706144633458931,0.947966031328432,0.281191259547121,0.735992509652052,1.68965875882746,2.10346972284367,-2.49434969681787,-1.21879431378306,0.580155844470955,-0.666557553917819,0.150247823670313,1.73020975229592,1.75508489022179,-0.747149153499128,0.256862979731773,-0.298086490645837,1.31011876300011,-2.44985896961738,-0.2314489802316,-0.827728605505911,0.607146666842283,-0.940103497183734,-1.26389387754331,-2.62177642217575,-2.29088355865981,0.103802710422998,-0.155461583096683,1.17845337104693,-0.15498600476531,0.544375044819892,0.253732004480211,-0.732818639440955,1.40353135624984,-0.0476137909044466,1.40583747196861,0.0373307293477337,-1.45022990398391,-0.706270516385192,1.25645412431144,0.721889431274387,0.10096958553313,0.302579943456685,0.85272525736982,0.605799000014379,-0.500334542871289,-0.985646753805759,1.66173106081949,0.125368227334908,-0.210789039635653,0.537710021315208,0.877497784587698,-0.106553087999254,-0.833852493026671,0.315740236195824,1.74773943063706,-0.180906744779664,1.83868706837432,0.572938251797572,1.1414365572886,-2.38188470546763,0.658598132991919,-0.40364752855328,0.282470388808182,-1.0746446467914,1.12152355035925,0.914220843882243,0.453244478883164,-0.301249987548731,1.79634392904301,1.99167307870289,1.77763042227971,-0.614627557300267,-1.05135340096975,-0.514213663571255,1.17706958607764,-0.821801603421898,1.24889150981231,0.870534677037344,-0.55821066170605,0.854838247308389,0.633645186606669,0.0819913557137055,1.05371890377382,0.201442162691833,0.821420402512864,-1.6487466559432,0.670194650799603,-2.54146821715777,-0.898113924521235,-0.402195484194185,-3.44685244302299,-0.890809001376948,-1.4395466247633,-0.51092326216769,-0.414804634956266,-0.256712316713786,-1.42200915913208,-1.06736878263625,-1.99403295896476,-0.12162468219284,-1.1446214301768,-2.43211624376937,-0.532503298284044,0.82316952861967,-0.482857374437364,0.785480124666796,-1.10403610501036,-0.484542390774478,0.0769126392333865,-0.270479346376714,-0.0329562859198664,-1.08886190638741,-0.173426479511989,-0.292086433507048,-1.2947245824726,0.215214181618966,-0.610763610549807,-1.81008976349566,-1.0513964550139,-0.30177212267052,-2.343736340075,-0.20674090849271,-1.17896696098428,-2.29377656981291,-0.917836871561647,-2.34511487232603,0.0155869429598618,0.00598281406496976,0.868373672210723,1.94338898218268,2.19785425958969,0.735367444123396,0.260774421029989,0.0301554378768939,0.0917976286209433,0.977033323839601,-0.0783433507288201,1.54227587778547,1.95058102062716,1.869818921986,-1.89721393187589,1.31891135665666,-0.800944776141773,0.507281117795881,0.442061953665368,1.15792409880582,-1.16295769620779,0.564299482258462,1.47901192780733,-1.81000055250658
0.744075353186387,1.5956372297426,-1.40326843265696,1.30158103015476,-2.04692249883253,0.896817114332772,0.590530051024764,0.518170987831993,0.860080427047784,0.289033411953465,1.42722475383943,-0.763568349757939,-1.6496687211647,-1.00630850292692,-1.73997189835894,-2.18882815236827,-2.81194684471047,-1.18230220566905,-0.782105512113824,-1.97019177664854,-0.219080243768188,0.874762599409361,-0.79869674248014,-2.31302192724879,-1.12626082646078,-2.78032901658135,-0.451115482047643,-2.31757622231186,-3.08173587553094,-0.364735513076925,-0.706184435826444,-0.17593713122714,-0.846616393435888,-2.14184023912982,-1.87051802863724,-3.27425513426318,-1.26072795235131,0.125497948615383,-2.43521419547479,-2.70359395200265,-3.44376497229098,-1.9231480122831,-3.96469425309244,-2.78840101645066,-3.1933572583742,-3.41529627416174,-2.44128545682129,-2.63523175255554,-1.09277697798257,-1.55944488918527,-0.771832530627805,-0.574279724815256,-1.06638464480842,-2.84142833468276,-3.50136759775291,-1.92120007333786,-3.31403116188914,-2.56172221875199,-3.04580034295303,-1.47411998546702,-3.78205502315679,-1.94152438241526,-3.66838209139358,-3.38244164122375,-3.3874844698824,-3.34833903061487,-3.99302724896531,-2.09200764168468,-2.57666381590926,-3.5385114129865,-3.92947994177253,-3.58214105709601,-3.32068765200965,1.83759579117538,-1.82715539816696,-2.19532288249949,-1.45780409147182,-1.31030229960953,0.1415080099811,0.441474696527348,-1.33006329219892,-1.18399457031448,0.66884130174098,1.1868202333813,-1.53085731664373,2.95824935797126,3.08136844567569,1.97794136527589,1.57280235584655,-1.30405638178776,-0.560405623218462,1.50378055068427,0.411489527701204,0.0253258959192923,-0.713559074868895,2.56714737635426,-0.869287472578953,-0.297515112204817,0.335626753237299,1.20002723840745,-2.08611304419089,0.00790720362243407,-0.486164000086863,0.0644003350323768,-1.02829476804252,-1.38608235403508,-2.58340587123507,-0.936544460359968,-2.61158638319462,-2.30514156750939,0.0819173359934756,-2.08228929218419,-1.93991022860237,1.256802890201,-0.601685818729667,-0.73300534080064,-0.248695501952335,0.10104053670518,1.62955075840952,2.24915101563999,-1.37886462767194,-2.19684643017501,-0.375205559939541,-2.24370501284325,-0.837951734635752,-0.251673487911558,2.52600330318597,-0.820264593463441,-0.0738226692393778,1.412224288239,0.379544123694433,-2.25172178771195,1.77666517455319,0.844300595856198,1.14000361097824,-0.774025919347529,-1.31300202207007,-2.00892519438937,-2.50316832796003,0.259108589915145,1.1786378612306,-0.117489868650001,-1.5947271110133,0.557822614841328,-1.82599278843927,-1.99956848993273,1.56818013238154,-2.1383909647455,1.37632902737223,-1.27319609946691,-2.03239735065501,-2.82509618727532,0.11913986003518,-0.130536159782014,-0.38522413070711,0.322254563449533,0.794264795528327,-0.15757884337324,-1.0766705922744,-1.67727108833886,-0.748274538962876,-0.108735946533083,-0.18144200971644,-0.352687513190238,1.53262331614562,-1.09499005960764,-1.6138651724584,-0.425869188369874,1.94056892900451,-1.52934254232631,1.42835214828251,-0.199718528755054,0.895135464396291,-1.63431311724391,-0.0578046173201887,-1.06293519114584,2.09012753845978,-1.78429297309246,0.519649686412425,-0.107608075989505,-0.990512148682333,-2.08546644412577,2.04270848288735,2.24824154211363,2.32837990332214,-0.805292638976855,-0.992361421332336,-1.22532291867082,0.305959772281068,0.347907564911054,1.38733635564857,2.05777649305094,0.469978354805806,2.17571544255487,2.27790615627966,0.515846246561091,0.984948093920389,0.755812804095077,2.02926836174825,-1.6324395940234,1.01069219701923,-2.44541819602222,-0.968542079328701,1.4288024168975,-2.59055486497046,-1.75779104814074,-1.07976175644776,-0.322775409267276,-0.428650894254688,-0.326847517954288,-0.771156169941198,-2.64654823032967,-2.29198612798443,-0.726790822854585,-2.74899705896121,-3.34158514854647,-2.36274479920834,0.328404225004972,-2.0616613343714,-0.315539875435477,0.724661525937524,-1.77610151051488,-1.40273284462775,-2.47394044216958,-2.55065033195881,-1.25671148769589,0.625376871356804,-0.0752301863187545,-2.83077288655604,0.390021368239576,-2.04169831989803,-2.72195964824928,-0.68132972942719,-0.10210582378261,-1.3035725673916,-0.130502583655174,-2.94660651555069,-2.81672763024097,-1.17978959604004,-2.46468167092863,0.386917949031907,0.193129124358159,0.834875164810884,1.87392406164021,1.73609982459683,0.810315552882875,-0.0623118557137575,1.23496853913148,-0.538667954338021,-0.290780325558459,0.98570559840654,-0.771430685873947,2.541677470557,1.6546617869628,-1.76809496437146,1.21588792259502,-1.75205027091597,1.00396406321613,1.02573334031361,0.98653221578733,-0.590520928968798,-0.386596473456671,1.43084657266588,-1.9606658574138
0.133854811512504,-1.18965570621149,-0.421256275976611,2.76039520866629,0.331299643862119,0.908577415771187,2.04705046583095,2.53637502025902,0.415610634122818,-0.658588299143581,1.79895283926474,-1.30984775586304,-2.83232278423106,-1.03696377279515,-3.73597686727501,-3.26641291049663,-3.71397883542689,-3.35610479006161,-2.4784117289747,-3.24262005928727,-2.52237280921977,-0.729489563607612,-3.05534927830761,-3.82828010607907,-2.72952005464523,-3.15951172804018,-2.88795498620464,-3.39434551298999,-4.5715745903302,-2.98545161036836,-2.86231011115343,-2.34530482353909,-2.06298315240041,-4.05354103456163,-3.00012833339113,-4.10609288470608,-3.06197808573644,-1.99713344800844,-3.49053561827674,-3.93481407718431,-3.9357749489064,-2.86570202712726,-1.57316813523991,-2.64760127941787,-2.90895080941947,-2.39900555685768,-3.71355154651961,-2.20311316339316,-2.22033370310488,-3.14970781972545,-1.79116337659843,0.795508167821899,-2.89904382850858,-3.93217868563803,-2.11696999258206,-0.979925121915801,-1.37850833195927,-0.808418583235299,-2.19054045178062,-0.336922683972197,-2.09910606843571,-1.99989657875872,-3.94084844239465,-3.35024900282909,-3.72692681895497,-3.68516727762343,-2.77050010684718,-2.67138445844381,-2.60083356625859,-3.10597376664321,-3.73806172810706,-2.95072521736131,-3.10872413321001,1.71174112231092,-2.36465378505472,-1.10166150293095,-0.106240838086397,-0.572738459613071,0.301252911903672,0.823887560443878,-1.33946324964774,-1.88850849745607,1.6131062205621,1.41045006498051,-2.22630079766079,2.01684804642669,2.3889451214586,1.81171494897258,1.61200974633538,-0.351755359488393,-1.16778188331403,1.15697802486826,-0.91059156065853,-1.00371312013674,-0.685967190301441,2.26744515167166,-0.45117706326537,-0.493485774520756,-0.570086191172947,1.72169123355555,-1.27942974109894,-0.434356873877848,-0.360715414625284,0.0456418129834017,0.839589590129898,-0.336402858254939,-2.03525706520332,0.0601467416992271,-2.57689279356255,-2.92683759857551,1.19502401138727,-1.91942432360325,-0.0115870835460427,2.47497499016716,-0.356579609713497,-0.835585047802713,1.34995533564028,0.403818294465574,1.6235823195249,1.78298357341844,-0.947812255897989,-1.56315694944103,-0.852107733710512,0.0609355478312387,0.727624006113894,1.42475812511329,3.32092017713,-1.14223244697526,-0.024690984717133,1.51774821833618,1.98933452163659,-2.96335947372183,1.58907916343946,1.34268405363781,1.72313564964155,-1.93132916366663,-1.10198230346097,-2.7809881937756,-1.58444493022792,-0.678599575643881,0.00515362770897654,-1.27375183892118,-0.775438128220138,-0.0730614879123848,-3.40141126428571,-2.75523662000144,1.84142048333157,-2.29098089122597,0.515413271178918,-0.320966356754603,-1.36926270750207,-2.06870123094551,1.12397023744409,-0.143382132189837,-2.02873797510699,-1.55682733426752,0.468286231974624,-0.172839464732128,-2.15306908194811,-1.19175701010045,-1.21311965327551,-1.3235011151183,-1.86165954935871,0.645458067690199,1.3546285951079,-1.1817220711484,-2.63726006301998,-0.293805469406132,0.590844262368176,-2.63881353785438,1.10124370093625,0.867912202574917,1.07984207650235,-1.99080880379966,1.19349010897004,0.100974634432489,1.02838636934883,-3.67634767772686,0.417545397234011,0.667333385946417,0.870430971299505,-1.34482965896133,1.95199218778136,2.70838777696832,2.97397769333738,-0.0706765300856801,-2.19943435716123,-0.913525955818524,0.0724697787627059,-0.249971123975684,0.605203926085444,1.43769928388399,-1.33416465898956,2.35487306908706,1.33343817045855,0.939258918607924,1.41496441056842,0.673662262878491,1.49066215749029,-3.19348097291152,1.89491554170837,-2.33943901788943,-2.38254058015769,0.879413537207082,-3.55620150201208,-2.42433586999321,0.515922757027648,0.425070069893111,0.13747699590538,0.260450852409489,-0.654092903476287,-1.70308735090588,-3.01224387688463,-0.790181843153884,-0.378343642552798,-2.11688345380864,-1.16050534900585,0.807723517704072,-1.74840439072523,0.0312452478456135,0.248159758963525,-1.51693404278563,-0.52368523635154,-0.805865223010621,-1.80430625646385,-0.218006041232859,1.85783032040846,-1.02184761975455,-1.45953357771422,1.16447207701735,-2.04104239003039,-1.52548231056814,-1.22577897106317,-1.04386374877094,0.143068833751218,0.7826502579188,-2.32402057901727,-0.959302689232793,-0.221573865768146,-0.883128938912238,1.09531585146938,0.946486853911509,1.39866097701466,2.80685239383988,2.660710938554,1.11082963036378,-0.181793356764053,-0.141552316972126,0.776229061126405,0.749990643042965,1.13524578138132,-1.6600556572592,3.40737733324454,3.17338760594849,-2.69764595304924,0.56254368296971,-0.790501191471227,-0.921614529028845,0.445558681829539,1.32414865186432,-0.959797180416513,1.09445558346297,-0.970141946261557,-2.08035987262164
0.164977288493135,0.504727959709708,0.895748980699028,0.57259035320924,0.553629225538964,0.287140880884569,0.00176962004907896,0.038564521106897,1.13262188797824,-0.443471500013258,0.93722198306056,0.556481802837252,-0.238650819856429,-0.162087390579215,-0.991731814724459,-1.99115964916822,-0.992020342581699,0.306956980078832,0.712144801747065,-1.19344368785781,0.796096509413008,0.916483502449818,0.51640165586261,-1.50728580686776,-1.01149924693206,-1.02388275557604,-1.91854950940491,-0.458636299734635,-2.05045011568011,-1.16568291383783,0.500208108272292,0.655167353585516,-0.320222187738125,-1.15917319956841,0.635341219448109,-1.6412138670033,-2.15675568454991,0.289001733242414,-1.42925884003665,-1.26189933951824,-1.54895961811217,-1.35194239365127,-2.08333362845332,-1.14362229589183,-1.79843089356805,-1.10058959972817,-1.83712420826889,-1.50808667677157,0.344793469792665,0.380425049115743,-0.706123092765895,-0.511894286063363,0.306790444651762,-2.00816125833605,-1.41454730078177,-1.28537887760453,-0.848853898469623,-1.18409593707496,-2.00868679687572,-0.535798233148169,-2.48132552583222,-0.172837818360827,-2.65349171420671,-3.28356815602531,-3.20119187259183,-3.05682389266846,-2.75686985906965,-1.35694347419997,-2.09170613831686,-2.24176632824025,-3.04074241275374,-1.65085301731462,-2.86703195850683,1.21792386504736,0.713055148351124,0.190679906382413,-0.544267733838523,0.608910193080137,0.837078857577361,0.754263260616651,0.359011994213973,0.175716118357526,1.00324995668063,1.16742323590278,0.38152756037683,2.45546165963759,2.25303133420159,1.43337296311039,1.91499561740261,-0.857755973293007,-0.200299432603606,1.53887006405886,-1.52214248851647,0.377686228002374,-1.64335388156559,2.80163388944487,1.53210892044643,1.08051548250734,1.02927758450915,1.64877197168232,1.3133104030796,1.61245580849116,1.56794943760467,1.7711937670592,-0.0835535638998638,1.12292985969045,-0.493816229888077,0.760407891609657,-0.87876573682783,-1.28998249720764,-0.131090827046339,-1.48510611909843,-0.550048564805261,0.856982360213628,0.344133269671094,0.346967148324632,0.920052617179097,1.30960293803316,1.18124790636318,1.63307710340489,0.987331101340663,-0.405694197864038,-0.0688044080567061,-0.31886360344935,-0.638733640733903,-0.827434723301241,1.34149293491133,-0.282616423941079,1.11573481948417,1.89621465072836,1.59862002998351,-0.163870334015306,0.529571478563525,1.24898530663007,1.34675407637519,-0.788842286687446,0.953552187123028,0.623643282239184,0.0914937935333324,-1.34663583001976,0.736716050080973,-1.3471525119726,-2.32371066331046,-0.998019390917103,-3.5063223568641,-3.53225335532248,0.99157697438599,-3.4462844134976,-0.230030549730759,-1.43214555330917,-2.03162249918804,-2.73081330215142,1.24614367613715,0.00869223891957705,-1.91355369502791,-1.38550587033681,-0.548026077284354,-2.36262056616921,-2.67271000220632,-1.44218615434196,-0.651900635994922,-1.74828823691505,-2.8245495340881,-0.110630550830844,-0.389722329763885,-0.922912455673391,-2.92054065115858,0.491804573129828,-1.00319678922162,-3.56197319077779,-0.704041572220544,-0.322331325652935,-0.565775251661792,-0.59782648687444,0.818283624171381,0.625894291363632,1.62738260043192,-1.35277126142226,0.440563089732954,-0.191288000206689,0.2215891407101,-0.174449511288204,1.11940816959826,0.808203046044693,0.443057740795913,0.376705410299889,-1.05755455579807,-1.39572896276806,-0.590448785788704,1.10732259175892,1.56003024537261,1.84311917840371,0.358629116664444,2.2708091443746,1.74935842231427,1.53733631943889,0.148324812475306,0.494130537981256,1.34782584428269,-1.31813629225722,1.75864739064227,-1.3371836934571,-1.60163744895638,1.8474739129097,-1.51684615938614,-0.190042824297529,0.612964471918718,-0.0303303393232412,-0.186047721883296,0.124096241737524,-0.186667035336208,-1.33545927978383,-2.67697211790911,0.426593004933509,-1.61232026619258,-1.93255026969299,-0.756078014012005,-0.185019683891035,0.15258350497707,-0.740990547991785,-0.811076140213771,-0.436782151197361,0.766042292431321,-0.986615401830724,-0.800638743855872,-0.564690407856792,0.965850367314485,0.741459601015141,-0.929565250556889,0.238439726369371,-0.782072889283952,0.0223859399094468,0.483729721670583,0.205509556292639,0.619776811306885,1.11194349686354,-1.72234334877593,-0.957826675559717,0.664184943750462,0.0270114481079775,0.815248834734704,0.659807513098737,0.983697038325418,0.720466241740742,-0.106569473742672,0.409093582758362,0.50331370113077,1.395653930481,0.180734904603021,0.458927646510664,1.90440957276246,-1.89594010244551,1.04056442930498,1.57773041772874,-0.404247613468869,0.15052075355776,-0.766693631540254,0.0565752851794086,1.28825552793446,0.970735879712556,0.98520402186905,1.2147477226446,0.137150531314187,-0.526075228770029
1.0796942881225,0.7745352569262,0.366511150753741,-0.423821685381299,-0.0444360951237589,-1.32498252291145,-1.40199216045718,-0.983391222115433,0.629500578789343,1.68628971401168,0.223674325997766,-0.107955775739791,-0.849504932995586,0.0583668027125456,0.722181504499746,0.608345710560374,-0.518688118758165,-0.354196703128565,0.278050368838346,-0.938727302705784,0.877895844349478,0.503046788878548,0.00209466731274807,-1.36710250267381,0.386222938151954,-0.0881647058441147,-2.23776661082496,0.967116929599725,-0.0212748036166456,-1.04976048880974,-0.0320956478655139,0.656822642497813,-0.765654074037642,-0.189257013899526,-0.422355860927586,0.107560513796949,-1.72093291896439,-0.855978473829224,-0.63757203808167,-0.440864574101901,1.11129066762059,-0.38120686522921,-0.428553304153388,-0.0666186987307808,-0.046110175101948,-0.0655905861518461,-0.386693482736382,0.0682488100188667,1.1071028142014,-0.579463562344851,0.737312849545298,-1.93052527195785,0.203765479353278,0.256966095715074,-1.46772536256161,-1.75498464244536,-1.28715957625555,-1.19241258983526,0.359750191792692,-1.59897688608628,0.296361337254027,0.629881448914253,-1.21481430795218,-0.284383602270114,-0.781852382055454,-0.263900894759508,0.160207480544775,0.739624766598921,-0.495556167555903,0.0245811506453392,-0.972821637793578,0.0369247075673952,-0.0301850825621762,2.67673518417961,1.3260829760337,-0.238875886986517,0.830567200764602,1.51151355037749,2.65062902074488,1.88306784350545,0.76370506928867,0.507999323047445,-0.0728758203099852,0.0868113176257857,0.332383318711146,2.85224298848283,2.37683392932308,2.31492084873436,2.03981148748107,0.772025996076343,1.21188551780463,2.4610223017362,0.365482417486796,0.768153781367332,1.00783615420525,2.73197102553665,1.62743622965322,1.35051130683198,1.23058949676952,1.90402094058318,0.40520847993814,0.20815317703609,1.46905100922135,1.29401759678801,-1.32141498176772,0.0501732259323999,0.0613976671639132,-0.853077148607335,0.743320238147446,-0.0911986283996923,-1.36757870945787,-1.09474638542908,-2.40135616744527,0.303006978587216,-0.320643502130196,0.377243292001556,-0.170443931349526,1.88256540159155,0.0175119429157179,2.00665836236942,1.52383945315257,-1.70217696816343,-0.769705237461563,-0.623746556212424,-0.421348078252999,-0.349203475315906,0.759475225509407,1.17102930623924,1.47890541120245,2.87841089495796,3.20603219145463,0.282850604190506,2.74423633211772,1.2650991765213,0.958895862942954,-0.677498678431629,0.879515120467505,0.399460481431635,0.626582555266183,0.0747237765228131,1.2102004244195,0.399812166074992,-0.817618486987996,1.13222883955108,-1.02530961013329,-0.70521198339599,2.07756747108589,-1.20418565306211,0.526585129319383,-1.00178728678758,-0.581288670668437,-0.348245837707058,1.38325030684375,0.597166925224224,-1.50864038838913,-1.08018531867297,1.0703364650031,-0.585284041090108,-1.46649761933926,-0.0620052832852556,0.908923049213798,-0.327078182302045,-1.16877852771391,1.49941406983324,-0.0340705924687974,-0.0679391590417404,-0.929541355206663,1.84748951653208,-0.0446153961548797,-1.50773768053811,0.0326547963994644,1.21560364579145,0.747912080280201,1.15714862980793,-0.0126983078498829,0.418809452336377,1.17984142427629,-1.82002729682896,1.13529397587608,-0.520958471715634,0.340570974102559,-0.247140003221208,2.26400042865698,0.119550049959623,-0.400612548629619,0.289017882995971,-0.920938881588511,-1.36888721807334,-2.1229463917173,1.236883188449,1.28230665577984,1.96835899396405,0.469151230292978,2.19943685849287,2.02078375414075,1.59850156625121,-1.02493653612527,-0.423033429154584,1.54214555089102,-0.513384354828004,1.46573647477909,-0.698490215111612,-0.16833840107865,1.69421897243011,0.796140710778472,-1.30128060326145,-0.940769167291099,-1.70163864476405,-1.70540844254307,-1.60356499442368,-0.917389966269674,-1.50609201018872,-0.00762616196051473,0.411775718237898,-1.30572366340273,0.096627739953489,-0.226467696731678,-0.851291587728675,-0.446711526321491,-0.582182966808982,1.37806102482845,-0.825357481134436,0.0543419913123762,-0.274391760539588,-0.94895875294189,-0.243286894830672,-1.08962629640769,-0.100917522972567,-0.671394930693591,-1.83736442531405,-1.61413378990324,-0.349545435321577,-0.0895535430976563,0.443600235719575,2.13579074151065,3.13412173632762,1.400673623645,1.21974743194871,0.518329808332637,2.23312310057583,-0.494452481785139,-0.816464008722769,1.12716954679155,0.00289495346734229,-0.858511457668742,0.332895294243322,0.110306325301859,-0.257345049050923,0.81523369790603,0.803192099516189,0.504990676920857,0.306652234027899,0.266250153965079,1.19652109858047,-0.363380597527325,0.937015812984646,1.64801788024936,0.459373802646762,1.09861844738289,0.844188918280469,1.15729793835701,2.1015360105935,-0.433181641531218,1.54129100106202
1.03481403260427,0.483511956931057,0.269596735626935,0.432299124218749,1.77649616962734,0.199785361621268,0.391149747836112,-0.127930462378509,2.14883540333699,-0.839078143846142,1.32622628238078,0.0459039348909974,-1.35228361098359,-0.0553833232434939,-0.319537955486467,-0.48794831913233,-0.990896735276142,-0.897828596305967,-1.28985213542159,-1.06493409683138,-0.681559800303892,-1.58334170393764,-0.865995154152323,-2.18926566199989,-0.000765708539571272,-1.11830951004618,-2.30388676834365,0.0428000631228712,-0.0399517530093498,-0.513681601037456,-1.53436253804247,-0.821757010759881,-1.49876357882092,0.228780695021367,-1.30076984060994,-0.0986074547615859,-2.28809342509689,-1.73731859800613,-1.14741972300043,-1.18121332775234,0.743400537342945,0.208895846020779,-0.407048600066972,0.595909891922596,0.370266224894499,0.259322508352798,-1.14643655692282,-1.47794823853301,-0.687493969911417,-1.19102116565292,-1.21999462478306,-0.44186256195498,-1.08775373321614,-0.850352610830211,-0.6696165539558,-0.673436229994733,-0.830509791595294,-0.518031224297267,-1.25860840069602,-0.662531182360421,-0.939320023861137,0.0776472062084665,-0.0550487582929939,-1.00610551193288,-0.953551437714108,-0.377606806413269,-0.559096522717665,-0.686613220267085,-0.799329913678922,-0.141118528879196,-0.218413438244142,-0.70612073647718,-1.18286280476624,0.823319814889735,0.374106171360881,-0.300668828423656,0.288231363199016,1.64920246689616,1.47961100402526,0.270177551881082,1.24220740135748,0.628344666158925,1.09968084195008,1.53591551453687,-0.343704090447542,1.79429396911074,1.87109232495203,1.8838192759607,1.58374895586743,-0.51606348293873,0.789535268142916,1.95321698948074,-0.668768245870752,-0.101498608614756,-0.351476237199783,1.99093409333954,0.745624855219766,-0.0090767318880248,0.22686701278113,1.07397481732418,0.0375051872172418,1.45353625463658,1.07545218078877,0.801897708121295,0.854774443377,1.63624896533637,0.0469439621400656,0.715217424245531,-0.264478789997425,-0.83118225254373,-0.125170165868326,-1.42863218502126,0.464801527275423,1.53347320096825,0.589101002691377,2.65459422851303,1.1388317668632,1.87288159317291,2.38109201390287,2.01452351867838,-0.418018639727041,-0.715414015349462,0.75368007524657,-0.0897005664423263,-0.443505385952416,0.269620859341163,1.29844944582749,1.34941149682886,1.72850870629931,1.49526726228662,2.04205448426858,-0.316824147090496,1.74457035536682,0.589812305212351,0.365433997058594,-0.8314182526676,0.685610410705491,-0.971824363149717,0.936173481710162,0.00419440621605298,0.876358948654602,0.771852309437989,-1.26336719435303,0.189545161171545,-0.899796476758152,-0.220061931087083,0.716108599393594,-0.35032323615297,-0.13136928454484,0.127592819522069,0.089003267301589,-0.358967466796939,1.22307727834008,0.51475215439665,-1.14027838975265,-0.63335641615981,0.123101535855649,0.092587257174221,-0.484227360771951,-0.727055804671132,-0.0995058332440558,-0.273413339162842,-0.429680849976428,0.583634930768696,0.585200944916493,-0.560243818656589,-0.443878253549406,1.22454663339586,0.0411048529204328,-1.23333139154322,0.467700631105785,0.801300005495444,0.350343403371784,0.0770492218281589,-0.0421296270582162,-0.559356176028099,-0.0504275473381755,-2.26523643922348,0.677133625500753,0.0786887695727558,0.43967163106004,0.114650564339529,1.87393631245889,1.1847925524139,0.807981318427966,-0.618191967937967,-0.972208890515601,-1.35231513780799,-1.33274765183002,-0.137958784116222,-0.0852704747465445,1.17270647103949,-1.34253208509768,0.216656821006665,1.07722574212583,1.81747245815551,-0.179305055118447,0.213628073709081,-0.159174957831446,-1.15876728705632,1.5002014209002,-1.47011008186905,-0.0470876449808082,0.595352842206484,0.00692499489712122,-1.6267014094022,-0.114988805850348,-0.72121830570978,-0.775435176971264,-0.459600349487393,-0.390423845245401,-0.856095399393808,-1.14558696153825,0.0168819663101112,-0.428933334890922,-1.25428087449386,-0.588468968402917,-0.384375770862462,0.0072435707602691,-1.35032387054265,0.371940456572483,-0.214355707450486,-0.367889476425441,-0.648559303615876,0.128227823948646,-0.576878624209816,-0.43185446355398,-0.022581450532237,-0.809390278557007,-0.513131307335542,-1.50706243236118,-1.24606482713126,1.0623954969585,-0.134854642762788,0.799314883939586,1.30085911002242,-0.24908773169283,0.989786616927104,1.43489106376072,1.12770625936379,0.880939525833036,0.0432779014947894,1.93615745728155,0.493458277677012,0.601257638861016,1.26607691410025,0.384816619714985,-0.716083900364817,0.874810624195194,1.3672829548965,-0.549429276702677,-0.515694806140016,1.10137450431862,1.33455940232963,-1.63976250617078,0.0729640533745037,1.04724946521092,-0.627757217998361,-0.0252470645281241,-0.0812887762518817,-0.0958775782261768,1.42262151640181,-0.741610857996561,0.401454329391218
-0.0242643681448502,0.384248683438184,0.210353658732237,0.525180308938673,0.253606681468781,1.46413719857178,0.914239090075374,0.0762614939614171,1.9807008082441,1.21043149075252,1.4931292470031,0.0754215423966748,-1.44264810962971,-1.23579323031179,-0.764371479871754,-1.82631943378536,-1.56927539970831,-0.705901221018513,-0.416658260849524,0.57644055150695,-0.130328100465043,-0.575944415366102,-0.526715704596312,0.442299190582442,-0.743051906818343,-0.10403499265707,-1.73370122498085,-0.743204096310535,0.687729270547795,-1.3112872708407,-1.03819336622366,-0.715207845556167,-0.17032260160718,-1.0001560401678,-0.944210469536517,0.0488635633859221,-0.93941967331958,-0.928831884379959,-1.73230394806391,-1.66638658542609,0.146978351848452,0.939699188188217,-0.867350080073116,1.00725721303438,0.50917241346681,0.550248722083537,-1.15686814621616,-1.68983705586369,-0.929482877039208,-1.07755458369359,-2.64677634635989,0.929313915533296,-0.701151575993724,-1.49200780415884,-1.0251875942515,0.382916705658869,-1.44393588064498,-0.0982031936346915,-2.67256957927252,0.394001177220484,-1.57395532004698,-0.312142476373835,0.191023373780461,-0.713078514012823,-1.02968229587681,-0.441801597799417,-1.67163717287793,0.139706854939523,-0.999208395714205,-0.823006701127953,0.11838369316719,-1.12442124958382,-0.72397147031107,1.15106309069629,0.832482512643791,-0.10354639117987,-0.51180964064352,-0.245180922721125,0.946521335116341,-0.670116766717057,0.566853123039604,1.13022782184663,1.44408809059328,1.86936411543199,0.694909223659283,2.58877964293886,2.2123638367896,0.783519302573647,0.723828315430072,-1.97351634920013,-0.510945626594977,1.28309081829875,-0.980405573748038,-0.863614765039345,-2.05801638792592,2.10673187073208,-0.198316285916118,-0.0598407941535044,0.954175124517909,1.27778578362116,-0.84123641191761,-0.508576560959101,0.321635066630282,0.200524572257319,0.655565476205453,1.01657202594859,0.450397682677447,1.50445622854353,0.0862166623582893,0.0191345923306288,0.824108469314528,-1.65008451641628,-0.585318206475196,1.61160924075699,-0.681308016838535,1.18193353647437,1.30348279504782,0.989560125967331,0.884698566595142,1.11793319025652,-0.802152445727447,-2.05900357180796,0.807722411681648,-0.699165266244852,0.234218878154992,0.410996093516921,1.66939584323029,1.19167891088648,1.38196384271282,1.61664203717454,1.1465079112955,-0.0374108598532314,0.421166836918007,-0.0521342208526945,-0.555463701598132,-1.20080184098968,0.238221501771297,-0.294002670289179,0.614894565007518,-0.218695294399821,0.754690356955753,0.195147957187099,-1.0870362756235,-0.687884027774319,-0.211995546928153,-0.256926126261062,-0.561810612888274,-0.710045816658477,-0.305467074896909,-0.333026918522963,-0.46358936712475,-1.62737532025922,-1.09537860412853,-0.266133347957483,0.00583707122244068,0.682373770583069,-0.708066741877125,-0.698048451483592,0.217839560871194,-1.10526697246689,-0.787411403692786,0.333143284956274,0.250880600314487,0.307648493488038,0.315181064013491,-0.293168727063455,0.203252850968178,-0.455850314423647,-0.0746342457923669,-0.0144185330679505,-0.97929363041458,0.037260137427689,-0.0751371530041537,-0.393352775717163,-0.72899953661821,-1.45914763242256,2.0017636159222,-0.89174847931222,-0.190307807311625,-0.25578985095475,-0.345145970391756,-0.327058201794604,0.649142240676143,1.28391640424866,0.988705842053288,-0.436866030817945,-2.06594340604943,-1.50739986454856,-0.443866159753051,1.00933611375549,0.0263208581129548,1.1039533529069,-0.301192855736688,-0.457008973139641,1.56846756545509,1.34811123647461,0.564235192547009,0.767100059375823,-0.724727639124166,-0.815322760530346,0.835026092314017,-1.79458656231182,-1.49857714749587,1.68917888266977,-0.0971721892483527,-2.19521303173926,0.574573715979876,0.21635467685488,0.423330523073975,0.596508195188087,0.979882477145609,-2.11280567794371,-2.24143930586124,0.221979906652215,-2.25342939299356,-2.61291060280268,-2.77065310739576,0.485976133165205,-1.39826948636817,0.139300136949805,0.166818560928311,-0.94501898270343,-0.94038222315991,-2.16550390212575,-1.78249171865643,-0.0249888547653543,-0.0613427171686201,-0.993829977844486,-0.509313876631586,-0.717533145431277,-1.19428486554524,-0.919833852459633,-1.77198995156777,-2.1130811177491,0.181480162022022,1.13916676481854,0.257850250227448,0.124910982339587,0.508476918660896,0.101531434499357,1.66654379453858,1.07570568816944,0.376348331734281,0.788614654167521,1.06504301129049,0.155663017748596,0.427215532240125,1.45707158829603,0.146612033269914,0.285069061149791,-0.508758958561885,-1.43027842645105,1.21148163208795,0.569079007921948,-0.83026502009267,-0.717523114225821,-0.114223872481845,-1.09543586685906,0.00749726960419761,-0.210890494310295,-0.0161496475791188,0.696594572247137,-0.249462772393381,-1.12806051010472
-0.196051271491378,-0.876294771177455,-0.669630771894502,1.97101109899154,-0.414764675754109,0.269841027047136,0.355617456614722,0.998518472444119,-0.219252673486172,-0.178454519270512,0.824940360976714,0.514662284917054,-1.93754142272684,-1.13862580244824,-1.26973080154006,-1.81388561860663,-1.96647138395489,-1.81795349225474,-1.74817852163538,0.649586444544396,-0.956861700888328,-1.82832049526455,-1.93377108403614,-0.301863560456903,-0.511823409921295,0.5614246969638,-1.82013385628277,-1.29252111526809,0.0605622555534361,-1.35484679433233,-1.85208010341667,-1.10412143242674,0.036751779652662,-1.91279020461154,-1.74194827178569,-0.104596843286068,-0.50243317492978,-1.76238860857272,-1.89845660683615,-1.87632184466798,0.265789587445184,1.54111523101489,1.13499516261979,1.85669891343385,1.71595058008,1.52444541563706,-1.58806230388455,-0.588626085812638,-0.884766448948821,-1.67932171765908,-2.07919882083771,1.29459068767978,-1.1891305086479,-1.16481115036234,0.444894300159255,1.04336802934797,0.643405163181542,0.964577021804957,-0.999902627400193,1.80301444386889,0.501005095709465,0.425214220961904,0.452460690991659,-0.665471628448284,-0.165332896118007,-0.17561633441278,-0.116525875523741,0.389199149216413,0.444865753106509,1.226052337292,0.737015223877183,0.179029526434535,-0.436214526057245,-0.238404909934853,-0.0932192115625289,-0.31964252512399,0.283401484022221,-1.95420964964156,0.324381823455859,-0.747548042961323,0.500727335780228,0.999969524841013,1.92635075255344,1.60512422701711,-0.157606842169314,0.356026875524963,0.584508641039046,0.550764685705091,-0.474334823375838,-0.169050531815087,-1.21452888558708,0.234812840985764,-0.287915826614896,-1.52505548119691,-0.566769754907211,-0.0690599747292895,0.272175217708228,0.302212335928217,0.368680406411601,0.984075541685725,-0.142065478309609,0.180768728732966,0.699754503769229,0.863192525004287,1.58923168688218,1.35134364269856,0.840155508983089,1.22916969678259,0.376697921046224,-0.277725672981248,1.74896128960454,-0.0634677160686789,0.985985203048869,2.21190262122436,0.492072884523619,0.0156858993468404,2.37541034729896,1.78154990753797,0.825858477717094,1.43964296028219,0.291600179455402,-0.622457260501309,1.76991234245807,0.915760952609978,0.612854164279329,1.06793944016138,1.59925662216578,0.403005869367989,-0.241225284954743,1.19148796800289,1.43848547022516,0.338166557745367,-0.402817519033381,-0.135803874936655,-0.784558968663431,-2.00958050703871,0.215554847559363,-0.239633298105218,-0.0463333378320419,-0.717227343757973,-0.886302841956851,-0.236979417678684,0.448559932663729,0.225636165160141,-0.194264666813341,-0.247262164606624,0.192280285863359,0.523625433927084,0.240354093816532,0.570393213767691,0.104556232391799,-0.509952549202956,-0.107216761700026,0.771313636443202,-0.764334066083169,-0.0856837866912348,0.500808344633399,0.620577591900121,-0.184767806439734,-0.0621985237979935,-0.287587358613601,-0.268727194684781,-0.370125983997345,0.972018363702352,-0.142255829066445,-0.449699979316008,-0.658814784545029,0.244565994344586,0.829232340656582,0.0969444005914979,0.122234851111218,0.225348405344041,-0.383200484005322,-0.38124727095422,0.727688473514746,1.08964167101926,0.963510795106502,-0.805649436725213,0.264813673268184,-0.0835810305058427,-1.10335096959002,-0.989651577961865,-0.325058164663625,1.61816976560861,1.41270359111784,1.17529982459499,0.0119156906396425,-0.93235305921903,1.88221264904841,-0.431433007052999,0.200241513486254,0.155108105076923,0.087475670245663,-0.125154402080323,0.528227642185084,0.467905969101931,2.06777856656974,2.07063536802588,0.321457230411599,0.355834950326973,1.53837970444944,0.816238280337917,-2.02961604148957,0.14418609615744,-0.0747257749846198,-0.539438485073404,2.27435197261106,1.80205987011112,2.14375176566679,2.43726120981507,2.74031926739107,-1.51799292963119,-0.93364716911504,0.840827372689051,0.47387679529703,-0.0112078219429562,-0.366577933950933,1.83614298649565,-0.0250775295771664,1.79378726808902,-1.0654166599108,-0.90956854608568,-2.65217083461064,-0.630126997340691,-0.940333088113219,0.257594018355036,1.33625590064518,-2.87080600819074,-0.0452931956601495,1.06594146286672,-0.639589161143685,-0.0921254327916292,-3.18426438985077,-3.03648308044042,1.37241336013007,1.6204088530177,0.574109615907979,2.00514242942035,1.70363041600785,1.63411151320785,1.95599021859931,1.646675846037,0.372157028632368,1.39047958721418,1.07874957683257,-1.16492804906601,-0.740454111256949,-1.45110950537993,0.0324599252607211,-0.772197636741124,-0.490803124593746,-0.774129970445783,1.3589411613494,1.71337024791853,-0.363058498886185,-0.29407280951107,1.06835118135437,-0.537643472708792,0.520859024066911,0.0500647054175268,0.368314443176755,0.533027939534411,-0.657476235695386,-0.697822213473851
0.271006676469755,0.153013204675628,-0.0395933432342925,-0.471114256653736,0.998558592484747,-0.409181238919611,-0.24180095079434,-0.578178818847102,1.0935313713243,-0.0330214255024732,0.267625120754458,1.14761279159782,0.957373432609119,0.330739288389862,-0.52921759648515,-0.764805268981853,0.499153994096725,0.00499936070361434,0.126393547659566,0.598187895253889,0.863652650266089,-0.182665777640373,0.482806042879518,-1.27496787430463,0.831140529269389,0.207911571929541,-0.787684577423349,1.68922807982758,0.0773708450467745,0.580990239107046,-0.116946763329252,0.930754481844666,0.225561014778931,1.14767535964953,0.222996189246351,0.066161431565231,-0.139924826472779,0.295610395340339,-0.0291021565890361,-0.440242689859737,-0.212738970711376,1.0055719695571,-0.407499631180181,0.982498364866499,0.63542324966174,1.07491412316297,-1.28329460215036,-0.0889620339920263,1.5574254132288,1.11126040971598,-1.05006703474001,-0.0974908978732676,1.04521681912107,-1.33071041777498,0.143128865043614,-0.103957786500739,-0.0672036187421366,-0.195315977126255,-1.07387190130042,-0.21741028973072,-0.726949805866583,0.851684032101345,0.622250516926403,-0.632398015531197,-0.324951170358063,-0.0429386457232318,-0.748221996192971,-0.579906440766622,0.0578502813700996,0.635690519730478,0.328418685526451,0.249158332003094,-1.0651347094948,1.13306929390535,1.37728137336005,1.63599540944482,-1.04945428276265,0.365994110731611,0.101510107939526,0.018485203267508,0.473285071660661,1.14686362739565,0.147544689787833,0.516142123113993,1.17350873587989,0.11541854438141,1.18042676714282,0.451305714960421,0.73147790179992,0.0149438450779986,0.153129389743657,0.962891166629171,-0.344353277040454,1.72695325012752,-0.444845570172541,0.0374484451646321,1.01605697929341,0.84927946522488,1.00726944257551,1.14591795728691,0.297322490043203,1.05030070533173,1.1047696680649,1.30349646710878,1.27735290835488,2.38359338477228,1.9622374840337,2.01487756195732,1.33973839973824,0.936796757037982,0.234903217337215,0.663406340060507,1.34534028605576,0.285293259971483,1.64933735597369,1.47478306191216,0.649834041610117,1.42671626864763,1.02634255855306,1.18824745570119,0.807280855947055,1.06147119117236,0.660837348992647,-0.347372569504112,-0.831463154668967,-1.01688935783215,-0.186077238081956,1.09594680389774,0.503072147527641,0.713405732079569,0.919938402699393,0.777378986846472,0.876214958855114,1.38442252189342,1.10434234778133,0.985871104576865,0.691187509940327,0.857476652720817,1.1621931535288,-0.230507768162337,0.174596894367759,0.0745466863246307,-1.30024990954535,-0.163368929538737,-1.47281723314582,-1.46028935713796,0.642400702031249,-0.616341915375107,-0.0353408132376783,0.0107665940746522,-0.537839656016795,-1.75611579027361,0.73045353319226,0.400374897730827,-1.28503279801471,-0.290696967459622,0.847773708032698,-0.0289448589824206,-0.268050455298104,-1.55253267943174,0.416674778462054,-0.326770551805498,-1.18392737021987,0.192504267482894,0.377622104634994,0.876479697432395,-2.03853389078457,0.370868635361971,0.858872980614359,-1.14382838369585,-0.197178434725028,0.431193851299867,-0.25223478712831,-0.463577206549418,0.537965957477678,0.302411561821541,1.71103828588454,0.734259267608126,1.41858243606535,0.257986769913427,-0.209269252893668,0.0945682915604397,0.176121999383729,-0.419938422881617,-0.502060508983861,0.721561767495641,0.819544892350704,-0.535825678665859,-0.774655802134526,0.0684131745497508,1.26364473147224,1.07361743652517,0.232217239450033,1.01743680247902,1.21316351537904,0.887757572908499,-0.427185919227931,-0.26580506950801,1.40541322010336,-0.132730086361314,1.04356919922985,0.466749306086287,1.07403580124843,0.465064301084602,0.058309900178792,0.0446447148724117,0.546101024818836,-0.15426755328916,-0.102729059814036,0.557855019793675,0.461073761688655,-0.312076037655667,-1.39191596198218,0.78057716840256,-0.186935952073605,-0.75400739068413,-0.314102189098464,-0.032400857237882,0.844096764088098,-0.708798869711025,0.159209820838489,0.47873355155498,-0.188467317843746,-0.885906308085374,-0.557696460145598,1.10743206990527,-0.903722250121503,-0.795790914408496,-0.950393338563986,-1.31255024263442,-1.14361771976124,-0.80668805271415,-0.595314972213487,-1.55678624891978,1.70973091977882,0.707937087741365,-0.496442059255225,1.36538054282119,1.83060812498172,1.58407983987592,0.522212405417675,-0.0756406737238852,0.242214492677872,-0.695743118419595,-1.11548774322405,-0.620717523532851,-0.688740952201291,1.2581286789589,-0.772764747692176,-0.306169205925883,1.25770026758355,-0.895562149460924,-0.927333907968978,0.602445555496948,0.117049967413737,1.32593104575691,1.155270855446,0.644973859910574,1.48005770116296,1.28581232176936,0.909816103070463,1.09206246286768,0.890653214914741,1.19348989237289
-0.487117892939856,-0.446567433970883,0.573713679166225,0.644309441597606,0.634734608004955,0.728068663765998,0.355633967961867,1.46012020336491,1.68254606554638,1.62176253665093,0.741336995693516,1.97417007637667,-0.20001110276672,-0.383975325153428,-0.611938026279125,-0.695053987923951,-0.680812214662216,-1.70413283190328,-1.05737265849318,0.627949626923739,-0.744299132010843,-1.1085773554421,-1.20213290518443,-0.333228381342076,-0.330334323191248,1.03299703204737,-1.38565667461568,-0.978681972893504,0.229995573100986,-0.626844078705771,-1.1284513278545,-0.696267294295602,0.662081814716238,-1.04720539287181,-1.15298791043801,0.233957501011994,-1.06192049832919,-0.944977742992137,-0.544158664570589,-0.261422938658541,0.101392165595813,1.16153174366865,-0.695254942677648,1.3567348160231,0.807821786050973,0.855832749609651,-0.519807600772045,1.45716175428027,-0.702930065512217,-0.742544048712277,-1.1317741270846,0.997802764996232,-0.493751071260472,-0.320847180096914,-0.980895586403158,1.49670852363041,-0.99702954814492,0.245012055516127,-0.24826584468765,1.78007116454267,-1.23883482009171,0.0578737302917725,0.468503536705866,0.72593630310847,0.213977327355285,0.141044709940187,-0.216437157632319,1.13285072724182,0.578537399691635,-0.0340103275931809,0.753304445859298,1.03941751050285,-0.267901288815614,1.49778946231666,1.07528959979849,1.51943589690266,-2.13497121228421,-1.40793790262255,1.65287908416816,0.716176832070595,1.400813243545,2.21742356273094,1.4445083843345,1.07108716291841,1.27660233653072,0.784367359497915,0.743136149177979,0.0384738342425306,0.174930451546656,-0.0422651005601443,-2.02570144108484,0.453041157523988,0.277005529426602,-0.134276210121093,0.48849487310942,0.919859667374061,0.344453345352617,0.235520456460724,0.0650924137332227,0.947436416544526,-1.23459188991838,-1.16196608385379,-0.925736124065656,-0.908793388389595,1.62343977032773,2.15920407388917,2.3647562656875,2.34853794728992,1.85273813401218,1.61154493091098,1.36859571221295,0.338132318733908,-0.0436778325597828,1.16115749379407,-0.622370980092795,0.558055346076928,2.11169522654619,1.23553213122831,1.0899886267535,0.873969225367603,0.496929471623715,-0.227023993632324,2.20378897069478,-2.0338983864578,0.242120746405855,-0.445616324146608,0.287878365821527,1.94214076244776,0.945877755727902,1.87874308757589,0.0179937663386997,1.4487280370684,-0.158739398681374,0.670746607587737,0.179056106287124,-0.36368742309903,0.345502953823785,-0.313625219494572,1.52081988553966,-2.74667054810574,-1.57637582892733,-0.977699442635561,-1.35033026847178,-0.234869873542239,-0.59338656789184,-0.544289937546714,0.312700185499744,-0.693104823510322,-0.275386752180406,-1.5178627577432,-1.36174549472083,-0.402066330606072,-0.546781912296994,-0.661622744522672,-0.298389938859165,-0.236588262053377,0.0901344489806404,-1.91827945812313,0.0286529690593167,-1.3700963501778,-0.935519879891846,-0.166960628431049,-0.726409085775159,0.11497356654281,-1.59198045513343,-0.132567216803987,-0.394395485151622,0.0942285099681229,-0.425521021894907,-0.971362309901348,-0.939715644842002,-0.922164028372245,-1.39971292351713,0.351099792573886,-0.195200651866076,-1.60464030783988,1.72804528700688,0.096218153785315,0.847923623408712,1.39058213156565,-0.195393451718982,-0.293411535771098,-1.94847329581567,0.811628742304522,0.591698319808593,0.120750817550359,-0.0303342756263601,-0.740685774573554,1.53587646042173,1.23468039220383,-0.114120360237038,0.926158946935906,0.320813281213156,0.682771673160009,0.777937942676508,0.208197769277672,1.18111903565822,0.287637459799769,1.08157238244766,0.549623892723916,0.184518757976727,0.716365613918434,-0.830798414147748,1.45204928976864,0.541757614184523,-0.640113350028974,1.35987179324206,1.40693240125588,1.75836421726976,2.4741570309619,2.64077019060882,-0.63390168437456,0.0935517611475131,0.612007145205993,-1.01318848032576,0.19681552558075,-1.1514624106753,1.62746128764075,-0.328039528456931,0.72808347315907,-0.638488706266081,-2.0824292367475,-2.00024260645925,-2.02785996434119,-1.48155213465055,-2.23093741863209,1.0801288794477,-0.885561393884004,-0.240356215257128,1.22474362778531,-0.287534342319922,-0.514168011242916,-1.00504733662244,-1.26130165243422,2.08327255500227,1.23524779476712,0.727641732890747,1.48684120407624,1.39589111005328,1.35730263893127,2.01310257551852,1.53058797280866,-1.32658835822635,0.302986904355961,0.224027485614545,-1.17095553387432,0.513797748788185,-0.106657292241996,0.642669208669173,-0.979027244800374,-0.563090334463877,-0.331381497687162,0.253404082489144,0.57474665129796,1.02556854043892,-0.414830941765036,0.175183800939504,-0.523442161120095,-0.0142129866771522,-0.034577042445353,-0.545133384671064,-0.564224914488786,-0.209186418554483,-1.04967802002883
0.00119287858311284,-1.01008342579032,-0.394798671533687,-0.266634897439964,2.20049848952419,-1.62253296074356,-1.18821597274423,0.666982206158873,0.678059740261886,0.578894697701043,1.24121338808352,1.24759994814759,-1.07013491299381,2.56797382084322,0.463196877659839,0.140817370479354,0.00840253557885167,-2.0273543723883,-2.1788043509768,-0.0155419142852447,-0.78513076812518,-2.16756923224917,-2.46999480562019,-0.955502587472718,0.499897255345187,0.592101463176269,-1.16011679886353,0.583131946825744,-0.125816824522678,-1.04392704843219,-1.61590047607605,-1.53755139621532,-0.325475436656136,0.0356502782316599,-2.0002681080425,0.194990405296393,-1.27460747870057,-1.70263677381497,0.224893858586059,0.490829084870181,1.15245894041364,1.07938802362818,1.14109847897331,1.01771206234407,1.44731947881795,1.19510776215372,0.14548719528375,1.41642709476262,0.940319347538873,-0.919448861888059,1.37439414218532,-0.145868535689922,-0.255587890998932,0.735725240379149,1.31089190996158,0.641781639210772,1.23768880198693,0.938629902477414,0.815750960843509,0.443701499636794,-0.00838625448554409,0.873166449153359,0.789589333105786,0.323077918932994,1.21669885310939,0.957367964503742,0.534891014272522,0.174311828128602,1.18032476358308,1.34388341789689,0.571241816593492,1.39607756544806,-0.132988529697918,0.980240094345635,0.387767355942715,1.09103099326311,-0.980416368895217,0.355130652276882,0.698054035023149,1.10228547828556,1.25458189888003,1.19815726684043,0.62151307986715,0.450514646968174,0.156055295109135,-0.517749752681566,-0.454993942107228,-0.317503010704627,0.379788318179401,-0.0933364946222076,-0.597056546168441,1.13067600862399,0.77069718699063,1.60703768926561,1.34350080957555,-0.291567196237087,1.57669654491941,1.50094110763325,0.690790168204831,0.25990266638622,1.10969519906886,1.32936286637079,1.29371909754283,-0.402558589973382,1.25732393669553,1.20344757128776,0.899858640170124,0.455838349734809,0.392947365218709,-0.0715145023227979,0.238441103149487,1.09066193606392,0.993520665075833,0.547851430094358,0.916154174545007,0.810611318201768,1.59564849314451,1.28354163197244,0.913392264280566,0.387719975387025,1.78742004324886,0.572636788839287,1.08168664293823,-0.435400079579665,-1.49593966461786,-1.7421974258435,-0.299570934078671,1.42574539843561,0.062491442080189,1.28424912526186,0.969694028604386,0.303261371930188,-0.11392771515289,-0.499285647310317,0.436941098075238,0.242675094838722,0.627688447401725,0.185842794331137,1.92728335402274,-1.64551207519184,-1.72069180716553,0.41935873252069,-0.625057198148832,-0.455622558392611,-0.219748572337858,-0.0590920783674361,-0.490544899050726,-0.45091821846387,-1.16126015611044,-1.19947320099746,-0.985355059965642,0.367794731075497,1.26330914607601,-0.754584959429685,-0.643412332157639,-0.949558840071184,0.656753806352946,-1.27961875179103,-0.340867350963473,0.167467259606481,-0.676614985772072,-0.436244506300789,-0.414126011407254,-0.369443338995585,-1.92568506419053,-0.471968076150728,-0.216003393223981,-0.170519830857384,-0.787617560841534,-0.342194685961782,-1.31281576351171,-1.35165119511308,-1.42047095452024,0.639740043250153,0.661800238428048,0.400079848271636,0.188859992587446,0.0164756526962941,1.58003238933403,1.35232169800312,0.864293638480108,0.32228883973505,-0.801842520355195,-0.134889065716676,-0.194907859876417,1.45828674457127,1.54786418567485,1.28542269840359,0.0220690092098673,0.11663765825957,-1.37172549352367,-0.0355637618272036,0.909073048081115,0.562468116485196,-0.739701026676434,0.832563001331636,-0.185444388258562,-0.902864091145456,0.724109363937892,-0.692581298773462,0.598499895460839,1.60806137360241,0.762150174300395,0.77920463585984,0.54130230670309,0.94081504789333,0.677262857983603,-0.0334750449283154,0.104464711261938,0.51936856121508,0.267630252253024,1.04904140616342,0.406742475036385,1.49002345674933,1.42338274493817,1.51526967445785,1.43122263804557,0.382702773036116,0.364010490208838,0.985540759934921,-2.20254212082363,-0.500658564578136,-0.672555245881897,-0.602264110787789,0.057877828149305,-1.28071514052506,-0.189152920832222,-0.285896313232192,0.0370708128308416,-0.0500490260486125,0.821415638488306,-0.446621531861941,-0.00743562620630287,-0.581254146833235,1.76478889560834,0.393485303953488,1.16331727472738,1.40286723114058,2.22820651799345,1.45912806803541,0.762092228352854,0.367374731665638,-1.57146007400444,-0.66683275725394,-1.00144682098764,-1.42910496485637,-1.12979832255178,-1.17550802968905,0.400155444798069,0.648671439228027,-0.855277103854789,-0.441975148968434,-1.54086065241182,0.518252151642222,0.455003169588616,0.0695486637287168,0.541849278651751,-0.645520172591134,-0.231728354384548,-0.474432262240058,-0.0612961498591768,-0.956871526650897,-1.49791265990813,1.0714937729834
-1.07013955768549,-0.310242186508268,-1.27084424916294,-1.02881426857679,-0.286373494546903,-0.609559187180071,-0.586757967235354,-0.92474995248164,-0.54878058248786,-0.28058456801593,-1.17036512109583,0.354231424419695,1.40786822051412,-1.17206626033048,-0.082747711924057,0.533027866210529,0.977418106090904,1.5083907052396,1.75337081022245,1.04856942211204,1.53303964855855,0.515396108049143,2.1412613623767,0.586072025364966,1.31515904633206,1.35604269392914,0.753859654803821,0.865845706871864,0.515773730518595,1.0266987732025,2.11089990439181,1.52256578579202,1.01567689611484,0.984845404415673,2.47864475418527,0.733345669498762,-0.0606632544524765,1.48695432622801,0.786253996344554,0.772698668854041,1.38446279201487,1.22063744868254,0.815973290346527,1.47809726234934,1.26595338099865,1.26366442850787,0.170827161776274,1.70820451057624,0.687551808646925,1.91059947629962,-0.324133232720307,-0.586064261651908,1.98027636416549,0.851151548432447,1.2867013167712,0.605379136424865,1.35048752180269,0.916574915099957,0.711301338353857,-0.454750460105533,1.5599589102149,1.39983983886368,1.79904797498019,1.27300258074839,1.29963305068306,1.35794799932811,0.883375591367762,1.32609161375222,0.622309289015564,0.590016029096797,1.7640782720265,1.94829218996481,1.67924562348626,0.0398003608804952,0.136356408831805,0.0652148502002175,0.483710768278557,-1.23521452360329,0.0454027009563964,1.23871435514247,-0.2107521382133,0.563901281886217,-0.761837263358108,-1.58213985034282,0.00730240720230696,-1.08441806033292,-0.831308520209943,-1.53178951391716,-0.901793122379441,-1.34724220107997,-0.747678288479436,-0.466065269631294,-0.636735339837423,-0.501915781775377,0.0990099966297189,-0.299213942559223,0.219984665364761,0.70743073346535,0.450468144346417,-0.247562152820209,0.746643212036205,0.0521524261506113,0.138191373604754,-1.2088599826121,-0.350851234450221,0.0604056706817641,0.958964732790662,-0.177843256479338,0.787878866193173,1.19032375315552,-0.958179191310474,1.0253490033629,0.038857149395866,-0.917996479757911,-0.0473564689894059,1.16176622107707,-0.436635957618907,-0.083170959091085,-0.468411889497554,-1.05961731016736,0.908142606323856,0.515359943673849,0.956589791597619,-0.0652750228365237,-1.28550381789321,-2.13322920134087,-0.962836659840544,0.730660223717473,-0.830663975059021,0.853348498907356,-0.990034811281663,-0.104420629640521,-2.43057433103396,-1.06973880945083,-0.451495794061739,1.42625650955402,0.728745850523084,1.56672921254453,1.49796779321317,-0.253441537891624,-0.121505194408601,-0.786787508805024,0.25878317800907,-0.47404172550888,0.878828249719256,0.992235477223524,-1.43561331359803,0.74238049642959,-0.788003803460235,-0.669480824971066,0.467183416029587,0.869459815068615,-0.425534989476305,-1.63075493503327,0.510120990913787,-0.206720650708702,-0.505178115259173,-0.739149169472833,0.388685291935141,0.914849305697086,-1.19558092920353,0.04131455263748,0.145696404703103,-0.57542248738291,-0.486574927295806,-0.480011923697873,0.643376859637443,-0.828076751693011,-1.01986907277887,0.832745726471739,-1.43515632272477,-1.14812441084092,-1.02562785293882,0.717119043691654,-1.01882987238704,-0.236974237932499,0.0584779536648764,1.20278564492235,1.76616468497328,-0.0277972339673764,-0.778220758750098,-1.06391657398267,-0.0184167059465908,-1.2873479581097,-1.53120558820851,0.666905922921251,0.658712455677467,1.02286403162058,-0.766633497698537,0.686449672473662,-0.334143211133186,0.796187412495909,1.30180237653347,0.662762025026119,-0.699268077479927,-0.387607951481449,-1.02484582884633,-1.55113563794398,1.19943812077509,0.322884153354788,-0.741777839796398,0.832289375696468,0.5892851842799,0.246055509938026,0.857894328268216,1.12553466430862,-0.191392841716999,-1.24590732274615,-1.09678676301441,-0.883446082153979,-1.01426407024252,1.59593614496632,0.557412234873264,1.64979188640378,0.913793382618714,0.6505992828823,0.481022690570748,-0.585656498826226,-0.171114958386111,0.653781971138643,-2.58066995257868,0.987842654766007,0.501820352502962,0.657811704503558,0.310155797767454,1.23741279228113,-0.996025671071512,0.520312846370614,0.97540625718193,-0.970489640713103,1.82270808978736,0.784560621534066,0.427127330249732,-0.00117265262434292,1.22435507008777,-0.716632875340997,0.765186608350692,0.95408677656615,1.13404350184861,0.759209928333704,-1.22989639253168,-0.779584873642118,0.276034720174442,-1.43310250133476,-1.33911160692285,0.0539178733223151,-1.5308161926597,-1.14525791094651,-0.60359928293218,-1.94718593442068,1.47136075330345,-0.454527449598427,-1.44333479437088,-0.947720766929952,1.61452606170418,0.713980426675795,0.188848201718389,1.17874292309445,-0.135372302845589,-0.577008926978617,-0.189954832853408,-1.73719305446367,0.897289833766399,-0.818453564988298
-0.932593064257876,0.634815330684714,-0.101702955269663,-1.02319686663658,2.6029243064815,0.0570423185120073,-0.417762028634464,0.518820097083134,0.578495467482868,1.44449133619539,-0.0852856520931598,0.500102591043842,0.0451029113988171,2.05128465397818,1.53843275676057,1.51069053264086,0.467515406061661,-0.934683839363789,-1.16097830285643,-0.481150538274806,-0.916822379769811,-1.35125935241673,-0.706371945911558,0.676326457313878,0.13729499582038,0.422578311684866,0.573445089726029,-0.247502604263732,0.474097769151379,0.0786659835630141,-0.876147019342975,-1.01655333842335,-0.378060816228625,-0.0197688758407048,-0.594159040899637,0.792506801266332,0.040307972342177,-0.865327074405852,0.777888315089933,1.00302447395107,1.46724521885483,0.227510551480507,-1.03612318240958,0.177521264742609,-0.0984806256105325,0.242377304781033,1.15360270424683,0.903380023226245,-0.149276259103231,-0.701451656756286,1.46721675154688,-1.16929167093167,-0.50731869448868,1.75079003018056,-1.13097056128312,-0.11246999600333,-0.264013939613973,-0.796706873520734,0.666011781422465,-0.695546495332233,-0.0961479713307734,0.00961079334972248,0.703862628077025,-0.000949739226330784,0.474952735905312,0.789011650315012,0.0438502584004494,-0.0283080844567132,-0.956472774134948,-0.960764368687042,0.259932846232926,0.37300101833468,0.481340014913391,-0.548397837445159,-0.031511044527932,1.31970436684298,-1.03731737162382,-0.439602795478181,-0.67188086622054,-0.289930206918067,-0.53048301793647,0.400367678840114,0.205360305882649,-0.0388306734446969,0.218412285284095,-1.05081562332624,-2.41212440310296,0.23099417526852,-0.0469991519192234,-0.465765070034973,-0.850158458409371,0.884229042257478,1.13701964117561,0.541749414083787,-0.218670408320584,-0.99137419349504,-0.318489565871493,-0.31470721060226,-0.54607904014269,-1.77545304264541,0.252947398757095,0.269006103458627,0.139601999864966,-1.78719275900134,0.338628453560047,0.826248586443028,0.660710358514747,0.924429929452042,0.310642159121438,0.513625452641278,-0.132006721209294,-0.184373537773236,-0.103183906957802,-0.451465823289604,0.051535094604947,0.822073918629723,-0.479146288029709,-0.528224285575738,-1.35515380654243,-0.826154365567028,0.849671522144554,0.0239712094539902,0.15873432213806,-1.04039667402046,-1.12017292503973,-1.59315236836021,-0.193981543699147,0.122831724092636,-0.871568333760821,-0.701099003355259,-1.67052328075027,0.112745599250758,0.042766754022223,-1.2664130592654,-0.978294337299548,0.227538315471243,-0.189655690466297,0.357950825654855,1.58737895117195,0.171001825098846,0.177994642399063,-0.162487819291086,-0.132557171986879,-0.517437817558499,1.45871960187026,0.889719751831508,-2.1092832603689,0.0524287049126207,-1.34788847689612,-0.771454111091261,-0.469173115654667,0.779963069421112,-0.700156907211209,-1.70276708974352,1.4326043160008,0.0937520893053287,-0.45284218999076,-0.948897038086399,1.13077258499577,-0.496316631542528,-0.146260208727301,0.765236562561875,0.942337964385931,-1.19739921667318,-0.56521621246626,-0.0995335395236098,1.35257218041957,-0.286870457032516,-1.8136535988229,1.33314845184341,-2.19679046865193,-1.85851045952438,-1.08130115046137,0.621132647458702,-2.42945887278947,-2.40976089235191,-1.10626480044837,0.405491999904322,-0.391715559762336,1.29249136795817,1.12874397040477,0.77135850535593,-0.494568111779428,-0.378320923484052,-0.304270545537398,-1.55281972055707,-0.295582517766862,0.469463742540307,-0.5616316606378,-1.10300737612436,-2.19875757066408,-1.38700045429774,-0.619692170404233,-1.64531843151199,-2.39457796410597,-1.49250645447953,-0.738132742489938,-1.88073051052254,-1.41832920100485,-0.769699738041342,-2.36557577928062,-0.0419873159651595,0.709660309546958,-1.15364876376727,0.907385826411965,0.977870412407599,-0.922718967443447,-0.557328765040739,-0.714914176332946,-0.943683511781819,-1.07379250866489,1.27479842632134,1.14103050493841,1.16368192751526,0.164490022291349,0.613964180365095,0.547304875464365,0.301676771115115,0.261709919501226,0.939317611070381,-0.272956245514078,0.064659209532828,0.886906528122883,-0.0277823932140578,0.849429184283201,-0.19167258572543,-0.753762784483624,2.22882634029641,-0.364355904231729,0.241350761995019,0.616513568920528,-1.01974690851946,2.26585849045506,1.78380581916778,0.17779634176068,-0.215259899508565,0.595127446781919,0.103941326403889,-0.427161964478494,0.320587320886728,-0.958767098689129,-0.916671429433723,0.160615663909335,-0.846620508198849,-0.39559686753371,1.41101447628592,-0.0719541916510482,0.861191334875912,-0.120195456309659,1.21101696633329,-0.358944665905606,-0.648432577746747,-1.6025750500046,-0.759916157540186,0.297237043663788,-0.921868596948954,0.283239238400075,-0.16890604760699,-2.35851036185229,-2.56833912104518,-1.10540389735499,-1.92262672522251,-0.266638764666291,0.860719350591725
0.136663464970271,0.189651989259471,-1.13187086868569,0.186835099158818,-0.612185097702572,-1.72898615397075,-1.19834007779049,-0.645807122241353,-2.02129760855357,0.31529313081184,-1.77662396359173,0.156792841903821,1.36483735780345,-0.860321716121619,0.952109852056428,0.331158295177069,0.493305975223489,0.949387952084341,1.16055677373161,-0.247656656000815,0.277012080401091,0.791034145912933,1.29269182739907,1.58297640790982,0.41690558410152,0.321461970325537,1.33650707246956,0.393743276962054,0.772151556610763,0.52073236020801,1.43948355840403,0.610699084351467,0.439745907840474,0.623255811463179,1.11411153509754,0.887678743699248,1.22565308815406,0.277320446162994,0.549389386400817,0.812397042567245,1.07466670578323,-0.496413068899111,0.511978420766388,-0.727803807166722,-0.0473275596639083,-0.643621637455985,0.565708018475792,1.02509788185651,-0.404749370813567,0.668429087487769,0.415643939839938,-1.24148545577289,0.612389294874714,0.356012307430876,1.03907248076716,-0.445085786321271,-0.204385864444149,-0.731594459999283,1.18286400861012,-0.539354125277577,1.29568882973786,1.4680530165917,0.438839464889706,1.11416760695843,0.747955333693945,0.799182293630885,1.11632748941409,0.251823087755301,0.0584771400715585,0.375172130200778,0.489099141645962,0.377534568981361,0.621902825486002,-0.215220333163332,-1.04820182349577,0.573336742139912,2.60556896037734,-2.1844369033966,-0.655232906664435,0.518383094542517,-1.75869782854885,-1.08589389129892,-1.73330845564784,-1.78710703512405,-1.30513697842013,-1.54744942489932,-1.32222811875539,-0.558837885707444,-0.190798257017633,0.473916311850573,0.836814270144679,-0.158118769557807,0.836827011188319,-0.397615521254914,1.11479578670032,-1.60922473252186,0.16721992852786,-0.750970496617408,-0.993033016648197,-1.46603313676721,1.52628663486043,0.0822395347830319,-0.438978981568398,-0.258393606668605,-0.888694750611706,-1.12743186547139,0.0288532698398451,-0.724455223209144,-0.189026259378962,-0.445459312111667,-0.498745071575461,0.310967225078735,-1.22943718799668,-0.654832274601832,-0.0274922600043898,-1.34949295568959,-1.58898149383553,-1.53070349572949,-2.7577204316039,-1.78653389694236,0.0503972233758089,0.275220451612071,-0.657235417378319,0.031153564815668,-0.530944527585921,-0.99862695381226,-0.225405319065639,-0.735469890481422,-1.4691643748589,-1.73816958232434,-1.62172717540226,-0.875322203718204,-0.803736182554104,-1.28596168562603,-1.97298332324636,0.550777271890083,-0.30220731701853,0.629464973153025,0.734608249496714,0.993050832753996,0.625261868041921,0.308824679563499,1.96266020830773,1.14177038711677,1.30792131207297,1.48857438927179,-0.378023864495369,1.29556427593849,0.0894786908406639,0.241108672601757,1.13719224088251,1.89261230944494,0.1353729802868,0.0596467996071244,1.66545641041669,0.976883805962482,0.183322130441046,0.417579657647212,1.43449882801507,2.06038375263515,0.723315594806718,1.02666837166473,1.2454361755196,0.624538923826017,0.973526967996792,-0.242236818755899,1.61040428809976,0.418438716730101,-0.635628795888684,1.52845316156485,-0.307830365784811,0.146439257432315,0.677933686717423,0.376841077446516,-0.885492554126731,0.180700416958561,-1.30281394592587,1.33741399352991,-0.356991496869272,0.502443282798143,-0.695587344959323,-0.646421465200907,0.0623552665372712,-0.527329674584909,-0.48789955577227,-0.421979749942729,0.417549532935533,1.04700154660891,0.325751650747487,-0.815494928920577,-0.658406130764189,-1.60390588016838,-0.246002458544981,-1.15392539487837,-1.30444368723676,-1.12811380057644,-0.302016607550073,-1.09586430997046,-1.16529040898511,-0.00485666372272546,-1.46130821798949,0.0814501997966409,0.345041371201795,-1.40936635324232,1.61277602263431,1.41742155643019,0.0967320511196357,-0.314352833942917,-0.296408601696662,-0.137642766319385,-0.345981294828183,1.41156813437915,0.645073348193409,1.13156407383122,1.46469222332025,1.36527212991367,1.37596033959214,0.63314839776092,1.51811172589725,1.37496485975178,-0.576292754430978,0.546601767934419,0.472691552764211,1.07324976755478,1.2983497700705,0.566477824586009,-0.841262646580575,-0.221056744380389,0.447106545065781,-0.681340432767102,-0.402592612331534,0.257065483493932,0.399354215231551,1.52692257228043,1.04958356524258,0.215118161410701,1.10407995726869,0.629338859281858,-1.10843387561082,1.28514625610155,-0.971003419436486,-0.625223725172318,-0.451806794016675,-0.323698867258902,-0.860027498102287,0.149096533571919,-0.148032399098682,-0.800010915139448,-0.761789513447203,-2.62413876556558,0.345376827081934,0.480751745575519,-0.312311581768404,-0.268756624065659,0.304235107933583,-0.983981596462524,1.38797965637982,0.450656620897623,-1.45123161730486,-1.58326557181201,-0.184065077274644,-0.588199566472792,0.171162131782207,-0.110384231123701
-0.51123726810788,-0.0131446576857524,-1.03873162250305,-0.0760930451726654,1.18766542977979,0.957801107805158,1.21776648730071,1.99947793915356,-0.342118210646874,-1.1724711860688,0.494328681484977,-0.655269390304586,-0.149938408644997,1.71274262601556,-0.182394138810443,-0.517156253138277,0.234421961461725,-1.03963523861548,-1.50160365556691,-1.47706049867295,-1.7041756523955,-1.50485415515808,-0.689811982988973,-0.213571253411492,-0.648762925742076,-1.70981414635636,2.36903266836387,-0.4389661760509,-0.661628154844618,0.159279764650352,-1.68541212720771,-1.67426390602167,-1.2850408359115,-0.303177050584511,-0.567139829407372,-0.565487469587087,1.05000366709006,-0.631941858997423,0.393029256110825,0.159164892430203,-0.387471132878858,-1.63697338168773,-0.487129703129111,-1.9872857614727,-1.90756493270068,-1.59749836853123,0.324467596474535,-1.31631123740048,-0.979644036224775,-0.656353014788196,1.57883019962703,0.701190845672608,-1.21771632624787,-0.0930354664793827,-0.0526474869746446,0.724628093877511,0.501333343742518,0.13724273899085,-0.0838514322608751,0.61754255183489,0.103252335749142,-0.884324016460241,-0.29432070185669,-0.538730063993281,0.0426532329492253,0.108280919526822,-0.884997907170719,-1.06686458298389,-0.0590793458138246,-0.76014561618949,-1.15584368613616,-1.07516123689456,-0.694304437692556,-2.50801523208903,-1.31173533413526,1.57520177949341,-0.851527792627567,-0.791493536235764,-2.45532199003689,-1.09304073879036,-1.34629734325286,-1.79732357599197,0.229790427842316,0.490089253842895,-0.0348724840074908,-3.18697247922905,-2.27936829507014,-1.24724470233272,-1.3047213330091,0.0868397181200315,-0.329146544037878,0.0748170609741169,0.155509829309397,-0.785687415231501,0.750014998345149,-3.11898171218229,-1.37979213140915,-1.67153581627579,-2.14387644447779,-2.65694685038659,0.810880142967239,0.481812144281395,-0.136993143508484,-0.936549041994567,1.1219580959969,-0.352044156504838,0.416095689286241,1.15215075021299,-0.0133340699245875,0.457542803860994,0.998139376182732,-0.804804999657959,0.81271943083952,-0.426357544862427,0.126033192662931,0.57267779636829,0.327459342808763,-1.66811540180405,-1.77260068225155,-2.11782553331038,-1.19122430090054,0.856377543792789,0.549398276792417,-0.562859572378404,0.353591320789602,-0.548194136059016,-0.207668572230423,-1.63327062317935,-1.96450266822105,-3.25504634105099,-1.55938130629279,-1.28352270900791,-0.313622061482519,-2.1125453410625,-2.3157974205224,-0.137290780722195,-0.694888009138894,-1.84616849124108,-0.450738275660226,0.0100252304323191,-0.541387144700025,0.539978829866608,0.365781385860699,-0.0794667935411412,0.405679996082105,0.12984535463349,-1.33470807887921,0.202729212408122,-1.27417522186325,-0.151302149272676,-0.283230010622312,0.324674814898671,0.363071982111337,-1.55951844075855,0.448346169425985,-0.446237251687158,-0.988787602235186,-0.308264805674981,-0.126469436385666,-0.093639598173116,-0.119353649346392,-0.880887333900957,-0.177584985279275,-1.92173090681469,-0.54430441100627,-0.563029384965827,0.313492596174051,-1.39421808629629,-1.18792042437317,0.384325743745176,-1.43379293162642,-1.21787752474172,-0.433501567846632,-1.14454711241639,-1.4914830023686,-0.247042804181436,-3.13466383524633,-0.417392610239279,-1.99685439068525,0.109528336400975,0.0615115583378672,0.24089876522264,-1.14905840534636,0.487772018349958,0.383920343842907,-1.62629099898965,0.0810686870348952,-0.175798406710171,1.00401393971707,-3.60568053426404,-1.67773161430734,-3.50533602677688,-2.82544024577903,-3.04645842154543,-3.06274812580706,-1.64672927828504,0.349098791858028,-0.218735181219796,-3.0253776147785,-1.11728301649808,-2.13234248519317,-0.219009371932962,-0.260895163706104,-3.77650321023913,0.0553678125915943,0.929219561459767,-0.229552334893664,1.01316004560488,0.627716376628094,0.39477811700967,-0.141668278257693,0.407556026517168,-0.26589110203086,-0.52418219372721,0.279755980919611,-0.123736558016293,0.610774649482149,0.901494465168053,1.11371452615314,-0.707361495293843,0.548527375750564,0.478232830471609,0.69220603663789,0.632244399193211,0.167391062257744,0.24577739185141,0.347977056799325,0.993911518738826,-0.450056947609585,0.747201206479476,-0.449027964834686,-0.815315218816672,0.783641047366594,0.505465530265739,-1.5815173038738,-1.657881998641,-0.355344225648767,-1.39556616319612,-1.22267238500963,-0.988963419169855,-0.0118387853753234,0.0555102352424263,-2.39934191464713,-0.396888331787395,0.154082585102516,-0.28314722750665,-1.87485607942337,-0.967400475055898,-1.5062521261908,0.955534446309046,-1.54632295266905,-0.747389889906409,-0.771013197989295,-0.72857562146615,-2.44576938826131,-1.89085096329012,-0.541244453308235,-1.21103933810759,-1.82451244437378,-1.9915926925145,-1.31701146609612,-2.02099738022392,0.103971859116141,-0.31213123252064
-0.0712543565755663,0.445436907978312,-0.0887889256630283,-0.842509011061614,-0.862565302187414,-0.399706934007838,-0.268263260412209,-0.602056206194888,-2.0523073222255,0.395892894041869,-1.86238883338261,-0.237073058663893,1.56445102090725,0.624136219754705,1.6951374846184,1.13767978759593,1.45011734397693,2.02905552177749,2.24654040878992,1.21048360291412,1.29732287799049,2.31476342967475,2.29035217669975,2.55198474237748,0.867488522600729,1.40626778810845,3.11411575267613,1.30716905276944,2.00244879211626,1.81808414258275,2.11917794052754,1.30738827489194,1.00532124908759,2.07163689428172,2.19774883432914,1.8325480075021,3.12366586916569,1.82813102455768,1.5538618842459,1.39543941351887,0.968005944595924,-0.106991322314562,0.552992310939501,-0.532640743993711,-0.598694043122019,-0.372775389495346,1.68478235698092,-0.304748716920545,0.328028932083999,1.72207483022978,1.31999817636152,0.219401107324525,1.10220072343893,1.18564120196889,0.0984271282951058,0.0939021345736238,0.105619223162986,-0.283608139130532,0.645108585398694,0.499732754948167,1.21392264986423,0.000707580903701906,0.793002238951756,1.21941487431858,0.889627603264864,0.181682865636068,0.670205646441173,0.184504276596458,0.551674177134241,0.112124999489397,0.811894268256562,0.139668596106774,1.47272914029935,-0.34557336276312,0.435064804256385,0.797265920512395,0.568871043569558,-1.41899084888829,-2.05763962484173,-0.256937332098266,-0.48043014109771,0.0952550091092972,-2.07003836125593,-1.73367076399804,0.257507131389231,-1.33232143591062,-1.2129154840644,-0.212914753526767,-0.615913900383846,1.23122915853018,1.51230828390308,-1.3666281478154,1.10267117798274,0.434794435202034,0.668805285017198,-1.47151018768377,-0.766699575050044,-0.752043147458308,-0.498748631697621,-1.22053418726905,1.34845820239798,0.462964692191086,0.156691233788522,0.704152419890956,-0.317061103395741,-0.647424870683445,0.919306506604243,0.432868173690157,1.5020109405044,1.86575609505642,0.0572120454321788,1.33424424266378,0.251709142133905,-0.808952059662166,0.162640443287229,-1.97099091849583,-1.76128511391063,-2.57226488708366,-1.49100944584472,-2.43476165459253,-0.82543841912802,0.584486359669384,-0.733172358080939,0.616798571670934,1.16090909482966,-0.0850308914647412,-1.56202094479007,-0.674529571250751,-0.942234339706413,-2.29379723555923,-3.17304324107821,0.461807654549638,-0.689319088774188,-0.651426716318599,-1.1256793828901,0.705454619402145,-0.824734741712942,0.0110482128646209,-0.750339549198471,1.36247605754732,0.58967427969331,0.250460508124052,1.7883669805941,0.210613135352488,1.17646310299332,1.03159649922697,0.0592412819051664,1.38986462575826,0.353704666911852,1.04979380133604,0.864693836263225,1.05614741542127,-1.18542855099595,-0.998428421073861,1.78506250081399,1.69381021679923,0.529296502451487,0.630023656974885,2.00232766973974,1.02779060169608,-0.454738321800368,1.51046753158272,1.69126640368824,-1.54327490186997,1.00874536784693,1.26800593397466,1.89022287147201,-0.991407789180496,0.359838183292188,1.32433807997966,0.202113381621824,0.334159661234384,0.456847585768257,0.0898357327507045,-0.0352582299271361,0.204254515520965,-1.14713645332647,0.993755234024579,-1.53571707354423,-0.451396224450158,-0.341190462096942,0.0254548402179914,-1.30322701024606,-1.27628788407753,-0.847033667279455,-0.414303499511401,0.217662267943883,-1.04573879901726,0.418749061713506,-0.310268155419428,0.199313598271437,-1.22702714792502,-0.0203943879298026,-0.913337928028449,-0.331153544958543,-1.00957259302026,0.0464449614632638,0.571682927353292,-0.996667646185267,1.03135911338956,-1.55297912020113,0.774963814749521,0.888834028102908,-1.32344666177067,0.56275466111067,0.919646049423711,-0.778230374531189,0.301145180136935,0.439871561865581,0.393559047076466,1.26388649945106,-0.460502108831227,0.84264997644006,-0.953916416355096,0.0739213757988662,0.479626924155438,-0.190317036490836,-0.171218555993728,1.32215622008972,-0.954859640250081,1.54066765338068,-1.30985246892952,-0.548416988421798,-0.470192287306183,-0.761623014605193,-1.18256934061172,0.295780235118432,0.412107960061754,0.34920962923607,0.123055392649733,0.254583704203747,1.10443824771963,0.304474252313455,1.17661599809449,-1.25871164925818,-2.53813517014068,-0.66839940166919,-1.40336225621975,-1.67411176454986,-1.12514197946747,-0.554921737449125,-0.658451731006516,-1.29499374949991,-1.31053467699843,-0.739179817237603,0.0849943207371013,0.612112928057194,0.450489824609235,-0.491656555539288,-1.5738757561719,-0.769410443213524,0.0855671560173294,-1.18020759480054,-1.08740613989503,0.671667142725656,-0.606004528136,-1.1136468798803,0.358171427931077,-0.0617220215089548,-0.229984323372633,0.372620256753048,-1.05007306684301,0.310799911028298,0.662625579267767
-1.10464454142879,-2.54890323265917,-0.794786190768846,1.6917145258207,-0.0609738284511803,1.40380746270652,1.694750280476,2.46244191914159,0.842455736791319,-0.480594421833429,1.82435168178089,-1.3543529784751,-0.666552723429513,-0.899265606814931,0.0278780191678688,0.11582057163258,0.600217376420379,-0.672206919403989,-0.643081797981447,0.588803904784241,-0.81212901124976,-0.541468324579443,-0.806877787348688,0.650875832130608,-1.56759405133497,-0.0565944852200033,1.67366832490516,-0.651318144170977,0.0347099421454654,-0.776223338081671,-0.420278245458812,-1.31594592264102,-0.255150316290632,-0.0819862320740328,-0.473128388880336,0.103671151677396,0.961001718123773,-0.54062943672552,0.63125233272132,0.497153344845129,-0.916946571982909,-0.682520575730396,0.539226120036013,-0.906504619918931,-0.239622490388351,-1.23178121402998,0.326901281802958,-0.721790443568652,-0.846805552573692,-0.685171516649427,0.0831512051188487,2.35956273073354,-1.01357030221202,-0.199089844130875,1.42041265191485,1.94349748979782,0.86220628348882,2.00206195849848,0.203423113010369,2.29471510328258,-0.0491633868571084,-2.08971601062851,-0.377553574108901,0.72846914004011,0.782513488107373,0.209821316004099,1.05008134224781,0.224122919483055,1.28682867094304,0.903794949283903,-0.3684468833669,-0.525512265313785,0.0260299919564419,-1.17084034126182,-1.32451848331383,0.333710258159747,1.10607488353731,-0.997909550821168,-1.86825417361063,-0.817289493670387,-1.98957155980177,-2.43851823568397,1.77234401075761,1.96128563441992,-1.59260691893123,-1.24795942800645,-1.52917020073541,-0.720596392992754,-1.26867300742613,2.14375795998354,0.9310521664616,-1.79890318640282,0.782063035389982,-0.535187242750419,1.9505244586712,-0.829387904462494,-1.24108127090918,-0.56673105964029,-0.956116897578183,-1.31389789653247,0.279019289082543,-0.981195811819648,-1.13347051084835,0.0527058590605539,1.6578431303283,-1.12600265081745,0.438017660720798,1.30566559064074,-0.609629988204046,-0.37695903091042,2.46766941933028,0.14203764395942,2.11665154085904,1.06759964469546,0.0290250560477448,-0.419794869215892,1.5184742157011,-1.20756192549493,0.0190423493371044,-1.26830930990102,-0.56715643734974,1.30871898936933,-1.00707001917646,0.445967652518646,2.11884007582923,1.01240680319344,0.514335933160706,-2.36037009357902,-2.03064922690365,-1.40740001764139,-1.74804386464313,-1.03821127135913,-0.433142270598049,-0.480122849326528,-0.756946760743394,-0.527697618513749,-1.24471042741138,-1.5011297338575,-1.5896693813516,-1.34567163023017,-2.12079878775565,-0.978749905593332,0.862099971365675,0.256991968748224,0.831933381655252,0.634466542448818,0.238995995663758,1.26369494104347,-0.0560398046606857,0.80338100743098,0.51812603016228,0.838414839086265,-0.833128375647856,-0.787050872908533,-0.158087183302787,-0.410775696060613,-0.444285688723039,1.49494738340801,-0.285143379742238,0.996230328380176,-0.924246166273396,-0.314719650216362,0.367859236329387,-1.05617971860963,-0.639792451919008,-0.155866927290858,0.47966085359941,-2.09507751101425,0.57866262098913,0.561809079953696,1.59212929280097,0.611868724181025,0.691314374888155,-1.59460753607356,0.470276217119417,0.0807645073405723,-0.968458033842535,-0.364689637429123,-2.46330265631275,-0.698294761599976,-0.103434519607258,-0.0753976854031944,-2.02194027768918,1.53012243872965,1.70620095033241,-0.596608297949465,-0.81106123194288,0.272258138901929,3.25729061980327,-1.73101269971342,-0.988420010640677,-2.1566197885999,-1.49281152670852,-1.36265930216992,-0.989187373552159,-1.22816211304077,2.42616157836027,1.67841592106744,-1.53354567071918,0.337957686561524,-0.665827118572018,0.604276545831749,-0.520025575130019,-1.20151230777287,-1.91980437342287,0.228401698687344,0.200636579288202,2.9763148301777,2.672402154623,2.12281195240804,1.74927537199378,0.896513375970345,0.121086171784265,-0.318657765313071,1.4417280532637,0.40038968204106,0.943500491297483,2.22397829272246,1.03980300422987,0.967984806024155,1.06290484944134,-0.927512035820537,-1.96790556360199,-0.312899217672778,-1.30067059896633,-0.586134010283988,2.51851562302515,-1.06454373975255,-0.880078889532943,2.72634758807877,-0.451779187061795,-0.775841573114895,-0.861339676009812,-0.884184559589517,-1.56547305491234,-2.29600241120413,-0.666758745808427,-1.13097458256501,-2.06765916681364,-2.24988035228533,1.51197241467961,1.72409743208578,-2.31871020219727,0.972862528867077,1.69154057450869,-2.49205780498459,-0.911998689654926,-0.885337480600514,-0.450600288017422,-0.234714581736661,-2.53492183427446,-0.872905941189889,0.191224835557446,0.292433882476331,-1.07167050037816,-1.21605731602592,-1.97022394916855,-1.47811387387112,-0.49689580082446,-0.242508795833128,-1.0643013208336,-0.78030029182385,-1.9762325507033,-0.378542920636812
0.895143889793591,0.92491775181584,-0.388918545541727,-0.402458856065289,-1.72571347046338,0.257372679322214,-0.458562531827674,-0.372951188564187,-1.5032139686979,-0.81609458482893,-1.75475474179603,-0.0293700763575457,2.02341147604975,0.0955937057628092,1.78967553321002,1.80606015674466,2.07656121145367,3.13085409169203,3.38273552264166,1.83248226510796,2.32547169803231,2.85016650687641,3.30855422507704,1.99817915262263,1.30946524346778,1.01259589041639,3.05145821969156,2.04212237907127,1.27163151438135,1.65723980818919,3.03369688735073,2.55196208837883,0.786051768901504,2.26606580325739,3.18149331325192,1.52369120176637,2.62248722246464,2.90824421132486,2.2033606659309,1.91545912168748,0.5113243344582,0.826892364028192,1.74789943833994,0.673062460983431,0.111684023888075,0.774021515519278,1.60407256023881,-0.113597094894836,1.82343472902764,2.68828137578145,1.45874009162395,0.1731139011018,2.3302875021288,0.708919849439897,1.58303407242422,-0.213181160233389,1.8783298422016,0.965532569543285,1.55386133306522,0.348887263636596,1.74155217139263,-0.0194301012853747,0.697315192182165,1.67589230821246,1.48287831534842,0.726938545656643,1.92885734577094,0.430493587611529,1.24650828741585,1.53025122088907,1.29120800553044,1.43723498080494,1.61152609057899,-0.653793568333155,0.360575547140779,-0.173504256161828,1.80391564623752,-1.48478520830233,-1.64534424367876,-0.441306599086017,-1.66797246626215,-1.65042577849489,-1.56526155991313,-1.92214369811111,0.483578951501234,-0.8505978115358,-0.266895279546632,-0.615446850931431,-0.546414375852825,1.46203528832074,1.62473328545159,-1.85573756253888,0.800802460727641,2.0823611585232,1.11494972623427,-0.549260610535642,1.78474702722891,1.5652657643057,1.50481356981305,-1.10756104087466,1.08974926958331,0.817196185464435,1.01115372471378,2.16945689645291,-1.11257272207476,-1.85840143476681,0.293523841410188,-1.10891131350793,1.0680348876133,1.35437881082731,-0.760499303253929,2.00365377905542,0.479840185041436,-1.3642056774428,0.23937340652283,-1.23718168166508,-1.95651098551864,-1.69043306859594,-0.425254073901991,-0.64999943555483,0.804719463431995,0.215750946963314,-1.52293869685091,1.74707470788694,1.51144589713903,0.238105593461345,-1.92185234485291,-2.24831298042896,-1.95662900141195,-1.87022570256067,-2.08616187107604,0.558067304528942,0.462467646559252,0.920269018427846,0.796409038202468,1.4875849187456,-0.178383534209347,1.77740728337791,-1.38537073726023,1.55947908381412,0.677953035916446,0.348863590571673,1.89748826908269,0.502359265078795,0.964562062738329,0.857062657441171,0.330078916547035,1.59793316957323,0.522400271719434,1.81484714980026,1.02326794322393,1.43282321380147,-0.218676568111893,1.20416971276584,0.731638454847411,0.870062039870505,0.902154078997276,1.17649997287953,1.09973553148448,1.42160541820853,0.534409685626206,1.12440130977413,1.24086524457741,-0.0538130785762642,0.760255528035869,2.34085087829667,0.838989381125025,0.83570735722788,1.13601330974272,0.824793697141614,1.0250976867834,1.31292695748984,1.23248053694581,0.294835639151323,1.48118970199683,1.60630029226775,-0.151126828846991,2.04298602436419,-0.991125536182223,-1.26046561909696,-0.390292608180292,-0.599804771094215,-0.691732480908036,-1.64824063858429,-1.53115209510826,0.455281413193042,1.26509773698131,-0.136802765814317,0.322961941693054,-0.0265725237512097,0.838310242556566,-0.229605759873542,1.46639803445127,0.229764449348159,0.31718614157952,-0.674598159791989,-0.0769323739538473,0.708972268132503,0.0347990145210549,1.29184401795132,-0.0187191411516807,1.37067353537229,1.87070536275046,-0.499876529650613,-0.44211573426367,1.1940222908117,0.215576638044498,0.156777271380568,0.116102774244194,0.0594738827011019,0.570818601060231,0.218475094065743,1.06102670438638,-0.368234091493619,0.569965255354174,1.2889030878089,0.527283775805806,-0.861710488654496,0.714992432512031,-1.40103287565311,0.0754617155002627,2.12015756263833,1.62828090473949,1.940612088541,2.10274193726842,1.66005626707421,-0.595959611307056,0.11914374488685,1.86390284526788,-0.358797271205755,1.92440808898478,2.21312785573319,0.14193333805168,0.558445280979138,-1.82704462892031,-2.26742638526703,-0.165293044404569,-1.70311233063779,-1.97766201811096,-1.78222949420646,-0.970579907023461,-0.717345092424791,-1.04591536182546,-1.33568297389306,-0.602046002320794,-0.249280403775777,-0.688456242972211,-1.48023931512973,-2.2132901745026,-2.39293568007633,0.277211348500676,0.944594528564002,-1.1120552378136,-1.23594210884398,0.777419752484556,0.771129922035343,-0.338361064769966,0.894978648466593,0.275558695342019,0.613661726085048,1.11766917583565,0.250357032895903,0.952732479513881,1.21789283867443
